tensor([[-3.1771e-03,  8.6208e-03, -1.7174e-04, -1.9037e-03,  1.0000e-02,
         -1.7967e-04],
        [-2.6887e-03,  3.8597e-03, -1.3729e-04, -1.2845e-03,  4.2213e-03,
         -1.3364e-04],
        [-1.2467e-03,  1.9081e-03, -8.1075e-05, -2.9784e-04,  1.7691e-03,
         -7.3131e-05],
        [-3.5978e-04,  6.2859e-04, -1.2131e-05, -6.1525e-05,  5.7306e-04,
         -4.6506e-05],
        [ 0.0000e+00,  0.0000e+00,  0.0000e+00,  0.0000e+00,  0.0000e+00,
          0.0000e+00],
        [ 0.0000e+00,  0.0000e+00,  0.0000e+00,  0.0000e+00,  0.0000e+00,
          0.0000e+00],
        [ 0.0000e+00,  0.0000e+00,  0.0000e+00,  0.0000e+00,  0.0000e+00,
          0.0000e+00],
        [ 0.0000e+00,  0.0000e+00,  0.0000e+00,  0.0000e+00,  0.0000e+00,
          0.0000e+00],
        [ 0.0000e+00,  0.0000e+00,  0.0000e+00,  0.0000e+00,  0.0000e+00,
          0.0000e+00],
        [ 0.0000e+00,  0.0000e+00,  0.0000e+00,  0.0000e+00,  0.0000e+00,
          0.0000e+00]], dtype=torch.float64, requires_grad=True)
tensor([[-8.6332e-03,  2.3085e-02, -4.3184e-04, -5.1663e-03,  2.7000e-02,
         -5.1046e-04],
        [-7.3582e-03,  1.0312e-02, -3.3887e-04, -3.5375e-03,  1.1401e-02,
         -3.8692e-04],
        [-3.4070e-03,  5.1345e-03, -1.8946e-04, -8.2719e-04,  4.7916e-03,
         -2.0490e-04],
        [-9.7087e-04,  1.6988e-03, -2.3535e-05, -1.6426e-04,  1.5553e-03,
         -1.2345e-04],
        [ 0.0000e+00,  0.0000e+00,  0.0000e+00,  0.0000e+00,  0.0000e+00,
          0.0000e+00],
        [ 0.0000e+00,  0.0000e+00,  0.0000e+00,  0.0000e+00,  0.0000e+00,
          0.0000e+00],
        [ 0.0000e+00,  0.0000e+00,  0.0000e+00,  0.0000e+00,  0.0000e+00,
          0.0000e+00],
        [ 0.0000e+00,  0.0000e+00,  0.0000e+00,  0.0000e+00,  0.0000e+00,
          0.0000e+00],
        [ 0.0000e+00,  0.0000e+00,  0.0000e+00,  0.0000e+00,  0.0000e+00,
          0.0000e+00],
        [ 0.0000e+00,  0.0000e+00,  0.0000e+00,  0.0000e+00,  0.0000e+00,
          0.0000e+00]], dtype=torch.float64, requires_grad=True)
tensor([[-1.5722e-02,  4.1291e-02, -7.0372e-04, -9.3848e-03,  4.8900e-02,
         -9.5757e-04],
        [-1.3526e-02,  1.8381e-02, -5.2623e-04, -6.5411e-03,  2.0628e-02,
         -7.3159e-04],
        [-6.2473e-03,  9.2754e-03, -3.0105e-04, -1.5325e-03,  8.7097e-03,
         -3.8864e-04],
        [-1.7619e-03,  3.0753e-03, -3.3881e-05, -2.9693e-04,  2.8206e-03,
         -2.2520e-04],
        [ 0.0000e+00,  0.0000e+00,  0.0000e+00,  0.0000e+00,  0.0000e+00,
          0.0000e+00],
        [ 0.0000e+00,  0.0000e+00,  0.0000e+00,  0.0000e+00,  0.0000e+00,
          0.0000e+00],
        [ 0.0000e+00,  0.0000e+00,  0.0000e+00,  0.0000e+00,  0.0000e+00,
          0.0000e+00],
        [ 0.0000e+00,  0.0000e+00,  0.0000e+00,  0.0000e+00,  0.0000e+00,
          0.0000e+00],
        [ 0.0000e+00,  0.0000e+00,  0.0000e+00,  0.0000e+00,  0.0000e+00,
          0.0000e+00],
        [ 0.0000e+00,  0.0000e+00,  0.0000e+00,  0.0000e+00,  0.0000e+00,
          0.0000e+00]], dtype=torch.float64, requires_grad=True)
tensor([[-2.3876e-02,  6.1786e-02, -1.0162e-03, -1.4110e-02,  7.4230e-02,
         -1.5229e-03],
        [-2.0711e-02,  2.7497e-02, -7.3111e-04, -9.9629e-03,  3.1298e-02,
         -1.1704e-03],
        [-9.5767e-03,  1.4040e-02, -4.3148e-04, -2.3697e-03,  1.3275e-02,
         -6.3781e-04],
        [-2.6914e-03,  4.6648e-03, -5.2678e-05, -4.5552e-04,  4.2716e-03,
         -3.5279e-04],
        [ 0.0000e+00,  0.0000e+00,  0.0000e+00,  0.0000e+00,  0.0000e+00,
          0.0000e+00],
        [ 0.0000e+00,  0.0000e+00,  0.0000e+00,  0.0000e+00,  0.0000e+00,
          0.0000e+00],
        [ 0.0000e+00,  0.0000e+00,  0.0000e+00,  0.0000e+00,  0.0000e+00,
          0.0000e+00],
        [ 0.0000e+00,  0.0000e+00,  0.0000e+00,  0.0000e+00,  0.0000e+00,
          0.0000e+00],
        [ 0.0000e+00,  0.0000e+00,  0.0000e+00,  0.0000e+00,  0.0000e+00,
          0.0000e+00],
        [ 0.0000e+00,  0.0000e+00,  0.0000e+00,  0.0000e+00,  0.0000e+00,
          0.0000e+00]], dtype=torch.float64, requires_grad=True)
tensor([[-3.2792e-02,  8.3101e-02, -1.2940e-03, -1.9564e-02,  1.0196e-01,
         -2.1477e-03],
        [-2.8608e-02,  3.7165e-02, -9.4433e-04, -1.3749e-02,  4.2977e-02,
         -1.6710e-03],
        [-1.3259e-02,  1.9198e-02, -5.7718e-04, -3.3214e-03,  1.8322e-02,
         -9.2933e-04],
        [-3.7200e-03,  6.4020e-03, -8.2916e-05, -6.4134e-04,  5.8684e-03,
         -4.9024e-04],
        [ 0.0000e+00,  0.0000e+00,  0.0000e+00,  0.0000e+00,  0.0000e+00,
          0.0000e+00],
        [ 0.0000e+00,  0.0000e+00,  0.0000e+00,  0.0000e+00,  0.0000e+00,
          0.0000e+00],
        [ 0.0000e+00,  0.0000e+00,  0.0000e+00,  0.0000e+00,  0.0000e+00,
          0.0000e+00],
        [ 0.0000e+00,  0.0000e+00,  0.0000e+00,  0.0000e+00,  0.0000e+00,
          0.0000e+00],
        [ 0.0000e+00,  0.0000e+00,  0.0000e+00,  0.0000e+00,  0.0000e+00,
          0.0000e+00],
        [ 0.0000e+00,  0.0000e+00,  0.0000e+00,  0.0000e+00,  0.0000e+00,
          0.0000e+00]], dtype=torch.float64, requires_grad=True)
tensor([[-4.2113e-02,  1.0448e-01, -1.5546e-03, -2.5492e-02,  1.3137e-01,
         -2.7620e-03],
        [-3.6987e-02,  4.7062e-02, -1.1633e-03, -1.7828e-02,  5.5199e-02,
         -2.1939e-03],
        [-1.7197e-02,  2.4582e-02, -7.3381e-04, -4.3804e-03,  2.3667e-02,
         -1.2375e-03],
        [-4.8209e-03,  8.2414e-03, -1.2025e-04, -8.5339e-04,  7.5743e-03,
         -6.2669e-04],
        [ 0.0000e+00,  0.0000e+00,  0.0000e+00,  0.0000e+00,  0.0000e+00,
          0.0000e+00],
        [ 0.0000e+00,  0.0000e+00,  0.0000e+00,  0.0000e+00,  0.0000e+00,
          0.0000e+00],
        [ 0.0000e+00,  0.0000e+00,  0.0000e+00,  0.0000e+00,  0.0000e+00,
          0.0000e+00],
        [ 0.0000e+00,  0.0000e+00,  0.0000e+00,  0.0000e+00,  0.0000e+00,
          0.0000e+00],
        [ 0.0000e+00,  0.0000e+00,  0.0000e+00,  0.0000e+00,  0.0000e+00,
          0.0000e+00],
        [ 0.0000e+00,  0.0000e+00,  0.0000e+00,  0.0000e+00,  0.0000e+00,
          0.0000e+00]], dtype=torch.float64, requires_grad=True)
