1.438670276572251661e+00
2.796167585604630190e+00
3.265253032356093765e+00
-2.822006209023418810e-01
-3.702216169033864523e-01
1.885574107192557136e+00
4.697981804429545605e+00
-5.325140271601149777e+00
6.711295949845577091e+00
-5.720765566315116901e-01
1.439957249373917225e+00
2.795281567482786222e+00
3.271993176583211316e+00
-2.807635486717611206e-01
-3.752328264909679523e-01
1.886890170061762406e+00
4.698979631687231873e+00
-5.291833203364804561e+00
-5.717733623024870981e-01
-5.717733623024870981e-01
7.367960734899133834e-01
1.130142155659001335e-01
1.328592560876792783e+00
1.292573979138208928e+00
-1.871693099511383407e+00
1.937309831676792937e+00
1.745132321850182189e+00
-9.664084200297214933e-01
5.364363109873049318e+00
-1.000000000000000000e+00
7.279691980662629236e-01
1.138764936790633286e-01
1.325896523196135046e+00
1.287224389486382403e+00
-1.876341437306317417e+00
1.934387380019830793e+00
1.743039670877011504e+00
-9.013628518630730779e-01
-1.000000000000000000e+00
-1.000000000000000000e+00
