-2.221441471072811424e+00
nan
-2.221441467085554233e+00
2.610459999999999864e-02
2.799937000000000120e-01
-1.333499999999999686e-01
1.413218700173106912e+00
-1.062854611145857442e+00
-1.413218705875136649e+00
8.860460000000003333e-02
2.799937001121810543e-01
-1.333500001121810108e-01
-1.645029446099927961e+00
-2.467421259364045660e+00
-3.491398161471146455e-01
2.073546000000000833e-01
2.799937003253250012e-01
-1.333500007516129071e-01
-1.214712452309760105e+00
9.230753304806756931e-01
-8.734345191726418101e-01
1.812020549449874784e-02
2.042512791141490314e-01
-1.552230335821351837e-01
-2.811882360201930720e+00
1.013028817509078916e+00
-9.986951198615407962e-03
-1.711141890110025876e-01
1.285088578008862226e-01
-1.770960660591489322e-01
6.395398840242730865e-01
1.666626469600812399e+00
1.956166002099607226e+00
-3.031038780398579990e-01
-3.063104649666562040e-02
-1.959762898457494962e-01
1.444845696618050901e-01
1.221582679211893618e-01
-2.278558428747128772e+00
-3.688324316719894802e-01
-1.094737248012444958e-01
-2.110644247599365309e-01
-9.622374917507682535e-02
-1.620309875266859656e+00
-1.023928471920757532e+00
-2.902210641173658123e-01
-1.770508797868007855e-01
-2.152648432212299068e-01
-9.622374963511966250e-02
-1.620309876352490797e+00
-1.023928466232430168e+00
-2.902210640203070069e-01
-1.770508796590875011e-01
-2.152648434594383042e-01
7.211201859955630455e-01
2.640597057039390183e+00
1.094636237336944706e+00
-1.849296027830257816e-01
-2.312236826017064484e-01
-2.047778707304618862e-01
7.211201859955630455e-01
2.640597057039390183e+00
1.094636237336944706e+00
-1.767822452051838189e-01
-2.655878374665860409e-01
-2.304189812666956050e-01
3.374631356518242864e-01
-2.304537145582761515e-01
-3.389790679465243262e-02
-2.260528806470884500e-01
-2.784341228248867206e-01
-2.166034538454128799e-01
3.374631356518242864e-01
-2.304537145582761515e-01
-3.389790679465243262e-02
-2.497987470352152073e-01
-3.106867133640411893e-01
-2.339425817819867082e-01
4.871770084212855845e-01
-6.137837923378274274e-01
4.384560900184739651e-01
-2.109567307460052943e-01
-2.586066556609404321e-01
-2.535592576254236952e-01
4.871770084212855845e-01
-6.137837923378274274e-01
4.384560900184739651e-01
-2.102107176019226975e-01
-2.933767123978822666e-01
-2.799264293263987735e-01
-2.221441471072811424e+00
nan
-2.221441467085554233e+00
2.610459999999999864e-02
2.799937000000000120e-01
1.333500000000000241e-01
1.411588624296057359e+00
-1.064153006791730194e+00
-1.411588629986979315e+00
8.860460000000003333e-02
2.799937001121810543e-01
1.333499998878189818e-01
-1.645125279766262771e+00
-2.469338817288409427e+00
-3.465370638606024567e-01
2.073546000000000833e-01
2.799937003253250012e-01
1.333499992483870855e-01
-1.213006201992803401e+00
9.253990139132144410e-01
-8.688460890772312650e-01
1.817253514772809719e-02
2.040809086093773872e-01
1.116153634768371206e-01
-2.808271282202492003e+00
1.014204974485775512e+00
-4.168646870902221677e-03
-1.710095297045439722e-01
1.281681167921500386e-01
8.988072805902776186e-02
6.406377196385658612e-01
1.663846644897852167e+00
1.956104815165283117e+00
-3.032492289196331292e-01
-3.072749021435991490e-02
7.069484716875953922e-02
1.462140055106375403e-01
1.230068301100811362e-01
-2.278245941288090215e+00
-3.691172718438522904e-01
-1.094246899942332985e-01
5.545627216517301505e-02
-9.609312737053993247e-02
-1.620242752453147306e+00
-1.023686929735672102e+00
-2.904896451737560836e-01
-1.769827621774570647e-01
5.125321290859258944e-02
-9.609312783026940918e-02
-1.620242753538803093e+00
-1.023686924047426450e+00
-2.904896450767465721e-01
-1.769827620497315124e-01
5.125321267037068196e-02
7.487352784091404478e-01
2.639209451198155421e+00
1.099788389230016872e+00
-1.851841070790273824e-01
-2.311292232649033995e-01
6.173488190980248175e-02
7.487352784091404478e-01
2.639209451198155421e+00
1.099788389230016872e+00
-1.778290181182086427e-01
-2.654210595151061391e-01
3.575962911839107583e-02
2.716602847104958030e-01
-3.101439908416703251e-01
4.642319556352738630e-01
-2.262966929980516073e-01
-2.783503253999871641e-01
4.991469339358818591e-02
2.716602847104958030e-01
-3.101439908416703251e-01
4.642319556352738630e-01
-2.300309304599415794e-01
-3.190479240690090035e-01
3.460123337426360829e-02
4.871375023023939432e-01
-6.137258378139286430e-01
4.389701231529667957e-01
-2.112081929462638619e-01
-2.585209524723005581e-01
1.295678808928372311e-02
4.871375023023939432e-01
-6.137258378139286430e-01
4.389701231529667957e-01
-2.104437216156565260e-01
-2.932954167205550355e-01
-1.340404164806622070e-02
0.000000000000000000e+00
0.000000000000000000e+00
0.000000000000000000e+00
0.000000000000000000e+00
0.000000000000000000e+00
0.000000000000000000e+00
-7.921993630013313137e-01
-1.421915651361756057e-09
4.265747666764291376e-09
0.000000000000000000e+00
-0.000000000000000000e+00
0.000000000000000000e+00
-7.921993661102830764e-01
1.155293151502964216e-01
-4.000574380437833533e-01
0.000000000000000000e+00
0.000000000000000000e+00
0.000000000000000000e+00
6.075915648176808403e-01
6.758056577141633436e-01
-2.382598294577471520e-01
-3.282829548414640392e-02
5.837682431238826186e-02
8.186521807125320127e-02
6.599512074887371460e-01
8.033942064922271475e-01
-1.133065365960788551e+00
-6.565659096829282171e-02
1.167536489048257298e-01
1.637304362233795163e-01
-6.225351742427640556e-01
-7.349731489006366969e-01
-1.427462952456789447e+00
-2.611407672775948319e-01
2.787666206929809709e-01
1.647456157050611880e-01
-7.188089984446304204e-01
-9.394500391204738676e-01
6.042440417671468555e-02
-3.625963956009322087e-01
3.631988012236161412e-01
1.655192341454763960e-01
-2.779454886463144980e+00
8.319551780888028159e-01
1.705302949836113302e-01
-3.545670029871880180e-01
3.649295476824102602e-01
2.879457535628867637e-01
-2.779454886463144980e+00
8.319551780888028159e-01
1.705302949836109416e-01
-3.545670032071455147e-01
3.649295470368723038e-01
2.879457531271647497e-01
-4.004028172930459206e+00
-1.295416674838165694e+00
2.632525818728130851e+00
-3.366042078769037049e-01
4.120329985766805203e-01
3.509188385945394839e-01
-4.004028172930459206e+00
-1.295416674838165694e+00
2.632525818728130851e+00
-2.129237608063307419e-01
3.308133987824559696e-01
4.990681056746680833e-01
-4.467773784544129434e+00
-1.551305375979918688e+00
6.915790045110801643e+00
-3.383917526857416758e-01
3.721515590977022558e-01
5.163508513239253306e-01
-4.467773784544129434e+00
-1.551305375979918688e+00
6.915790045110801643e+00
-8.844132572321181107e-02
1.304628314762824592e-01
6.236110396331938643e-01
-2.344709331736474223e+00
1.382008560727352897e+00
-5.425177951851304359e-01
-3.725185088252008780e-01
2.720089205939265620e-01
4.486819807494967227e-01
-2.344709331736474223e+00
1.382008560727352897e+00
-5.425177951851304359e-01
-4.278215403575040821e-01
2.097808416490455075e-01
5.291766606940735418e-01
0.000000000000000000e+00
0.000000000000000000e+00
0.000000000000000000e+00
0.000000000000000000e+00
0.000000000000000000e+00
0.000000000000000000e+00
-7.896045301017101670e-01
-1.417258195568480546e-09
4.251775297050099530e-09
0.000000000000000000e+00
-0.000000000000000000e+00
0.000000000000000000e+00
-7.896045331776010423e-01
1.134052582659017955e-01
-3.960917161894811356e-01
0.000000000000000000e+00
0.000000000000000000e+00
0.000000000000000000e+00
6.116376817761828288e-01
6.756795342780637093e-01
-2.351066423779327730e-01
-3.253324993449226848e-02
5.777168180742614512e-02
8.139532538892772784e-02
6.615698994010481560e-01
8.065631197360235705e-01
-1.126863863207889338e+00
-6.506649986898455085e-02
1.155433638941675140e-01
1.627906508578263745e-01
-6.244015591419745936e-01
-7.298777443201350801e-01
-1.424373424043406278e+00
-2.595948413728413895e-01
2.772523035116273293e-01
1.643297644671366797e-01
-7.219494151343119892e-01
-9.358044627096641088e-01
6.074855995137468101e-02
-3.605667445356566247e-01
3.615580033552939776e-01
1.653928001174861662e-01
-2.779821584552339520e+00
8.323511147518187769e-01
1.707526216200159208e-01
-3.525294473280938812e-01
3.633001222758336923e-01
2.877463947479116380e-01
-2.779821584552339520e+00
8.323511147518194431e-01
1.707526216200154767e-01
-3.525294475481876022e-01
3.633001216301841030e-01
2.877463943121113532e-01
-3.976998157433561776e+00
-1.248805158278450511e+00
2.579250064662123254e+00
-3.345593682683496439e-01
4.104184887083114908e-01
3.506127139832305728e-01
-3.976998157433561776e+00
-1.248805158278450511e+00
2.579250064662123254e+00
-2.136741177291300309e-01
3.260855698957846882e-01
4.961763565991675340e-01
-2.550280607864169546e+00
1.156596819113561825e+00
-7.469486714072968159e-01
-3.363347883710452457e-01
3.705403917102098599e-01
5.160990596647163642e-01
-2.550280607864169546e+00
1.156596819113561825e+00
-7.469486714072968159e-01
-3.844453047743119356e-01
3.342760552945013286e-01
6.242083635071981051e-01
-2.345264724715948379e+00
1.382476459463167995e+00
-5.423549724184697496e-01
-3.704826594624585634e-01
2.703804097656195005e-01
4.484180109541572867e-01
-2.345264724715948379e+00
1.382476459463167995e+00
-5.423549724184697496e-01
-4.257859896244906017e-01
2.081426708409431781e-01
5.289164716579852765e-01
