-2.221441471072811424e+00
nan
-2.221441467085554233e+00
2.610459999999999864e-02
2.799937000000000120e-01
-1.333499999999999686e-01
1.440904399641181000e+00
-1.040460896732858354e+00
-1.440904405532484223e+00
8.860460000000003333e-02
2.799937001121810543e-01
-1.333500001121810108e-01
-1.602195608997520004e+00
-2.466234554375321686e+00
-3.980016906491831152e-01
2.073546000000000833e-01
2.799937003253250012e-01
-1.333500007516129071e-01
-1.226996730777350608e+00
8.742898597722494891e-01
-8.986925475308782385e-01
2.004906118739666065e-02
2.009067935843029951e-01
-1.595587075540712274e-01
-2.856608221615974497e+00
9.355996180413134189e-01
-7.907666538976608483e-02
-1.672564776252067065e-01
1.218198867275344793e-01
-1.857674140072549385e-01
6.438207836082853186e-01
1.708541224264401803e+00
2.032693439208496766e+00
-2.895637527288336122e-01
-4.491592344108281953e-02
-2.042971216180227978e-01
1.032726298519768271e-01
1.854095719971175227e-01
-2.279798515357852384e+00
-3.502543171671468336e-01
-1.277296740692049071e-01
-2.192169270813040527e-01
1.308725619158146447e-02
-1.582016679950896343e+00
-1.149143712306925025e+00
-2.718841497544000618e-01
-1.949234946525887635e-01
-2.295692135488469066e-01
1.308725571304171324e-02
-1.582016681461620333e+00
-1.149143706683663169e+00
-2.718841496466763430e-01
-1.949234944940042569e-01
-2.295692137626713925e-01
9.819899756823956549e-01
2.525892861003209866e+00
1.342024951483358652e+00
-1.674118107359278684e-01
-2.511849141598720969e-01
-2.224177072878918415e-01
9.819899756823956549e-01
2.525892861003209866e+00
1.342024951483358652e+00
-1.657658564992884886e-01
-2.800852998412798889e-01
-2.550796066008033658e-01
5.204577727390923281e-01
-1.855033912628663295e-01
-3.930877095264012633e-01
-2.082391599767285384e-01
-2.958312918534342639e-01
-2.424082694904285407e-01
5.204577727390923281e-01
-1.855033912628663295e-01
-3.930877095264012633e-01
-2.420365575307054651e-01
-3.144160021350763112e-01
-2.628309428447145324e-01
5.933666621725729451e-01
-7.060041372255446701e-01
4.468182109319232542e-01
-1.914884156085229217e-01
-2.712150089732029978e-01
-2.755776048662159639e-01
5.933666621725729451e-01
-7.060041372255446701e-01
4.468182109319232542e-01
-1.878799333152229301e-01
-3.026100196441897094e-01
-3.056786560956593068e-01
-2.221441471072811424e+00
nan
-2.221441467085554233e+00
2.610459999999999864e-02
2.799937000000000120e-01
1.333500000000000241e-01
1.439220546886484930e+00
-1.041841477642391434e+00
-1.439220552766242944e+00
8.860460000000003333e-02
2.799937001121810543e-01
1.333499998878189818e-01
-1.602643677928467625e+00
-2.467982482786942100e+00
-3.952841772412504229e-01
2.073546000000000833e-01
2.799937003253250012e-01
1.333499992483870855e-01
-1.225526516470131888e+00
8.767370989136944459e-01
-8.943774781726613332e-01
2.008172066597324612e-02
2.007751996791574955e-01
1.073058478643200142e-01
-2.853199162766248520e+00
9.372062430958171264e-01
-7.335613520639247542e-02
-1.671911586680535355e-01
1.215566989180714291e-01
8.126169682980081965e-02
6.448363817890502281e-01
1.705517390133863387e+00
2.032633010837078036e+00
-2.897809541431827229e-01
-4.493503069065042654e-02
6.240709481166597378e-02
1.052816311129176757e-01
1.863201094202117936e-01
-2.279534909821814281e+00
-3.506275839085437607e-01
-1.276048902524017370e-01
4.732583272133025765e-02
1.324243905597143750e-02
-1.581988170191278353e+00
-1.148915354117987953e+00
-2.722411108269406355e-01
-1.947799772426052622e-01
3.697542086065013639e-02
1.324243857763783214e-02
-1.581988171702082280e+00
-1.148915348494796707e+00
-2.722411107192589386e-01
-1.947799770840040745e-01
3.697542064681692137e-02
1.004435232086342555e+00
2.523549541145428510e+00
1.346360273152642950e+00
-1.677548866214317591e-01
-2.510154790005468262e-01
4.412792252610103078e-02
1.004435232086342555e+00
2.523549541145428510e+00
1.346360273152642950e+00
-1.667577152076000213e-01
-2.797246285252545372e-01
1.127169773764712113e-02
3.882418969332429581e-01
-3.959371357871144803e-01
4.899970365708557485e-01
-2.085715925292083162e-01
-2.956727593658612374e-01
2.413997882066235348e-02
3.882418969332429581e-01
-3.959371357871144803e-01
4.899970365708557485e-01
-2.097643962865337608e-01
-3.341713512075403791e-01
3.617387122382426795e-03
5.933187608033907434e-01
-7.060103114914698663e-01
4.473369715768343302e-01
-1.918273689005495775e-01
-2.710538709364946897e-01
-9.030715121066880402e-03
5.933187608033907434e-01
-7.060103114914698663e-01
4.473369715768343302e-01
-1.881999926200035311e-01
-3.024529484275182978e-01
-3.912525280886043622e-02
0.000000000000000000e+00
0.000000000000000000e+00
0.000000000000000000e+00
0.000000000000000000e+00
0.000000000000000000e+00
0.000000000000000000e+00
-7.649879549189998462e-01
-1.373073997537056004e-09
4.119222680810242968e-09
0.000000000000000000e+00
-0.000000000000000000e+00
0.000000000000000000e+00
-7.649879587730602504e-01
1.622793599155652189e-01
-4.896911541311541605e-01
0.000000000000000000e+00
0.000000000000000000e+00
0.000000000000000000e+00
6.278252469783903722e-01
7.503734919441381601e-01
-2.948019229580218781e-01
-4.298129080279169956e-02
7.167252035740717675e-02
9.089635430063909560e-02
6.985768988918510392e-01
8.363730135449807257e-01
-1.059952701742927328e+00
-8.596258160558341299e-02
1.433450409820051785e-01
1.817927086898228628e-01
-5.465869622425756358e-01
-8.626833462281325859e-01
-1.366056339927349317e+00
-2.781924014656302901e-01
2.859293933510129171e-01
1.676094277449052261e-01
-5.639468977988671972e-01
-1.077586255214953548e+00
-1.026014988644790016e-01
-3.784495828422026475e-01
3.606811525303148525e-01
1.605176049185264853e-01
-2.782282387846898075e+00
8.243930553697129682e-01
1.904289338341381144e-01
-3.741882879410168283e-01
3.468021160490108445e-01
2.828619668106503449e-01
-2.782282387846898075e+00
8.243930553697134123e-01
1.904289338341378368e-01
-3.741882881474912215e-01
3.468021154746045442e-01
2.828619662806168278e-01
-4.265014160714464708e+00
-1.873680317310449706e+00
2.503057838240281718e+00
-3.575788337112852378e-01
3.865941820998892164e-01
3.532708526559721340e-01
-4.265014160714464708e+00
-1.873680317310449706e+00
2.503057838240281718e+00
-2.240415389346923081e-01
2.514106376678965638e-01
4.796153988936708856e-01
-4.603901419408694906e+00
-2.186838465331271131e+00
5.945250840149147287e+00
-3.655569522602514776e-01
3.232000843734136319e-01
5.111474661772004158e-01
-4.603901419408694906e+00
-2.186838465331271131e+00
5.945250840149147287e+00
-2.104051001883420757e-01
2.824210332686030722e-02
5.228001912230220150e-01
-2.314881493480414054e+00
1.463621019339600648e+00
-4.202461139812490032e-01
-3.975891744991215671e-01
2.341034531317389700e-01
4.288488185358539928e-01
-2.314881493480414054e+00
1.463621019339600648e+00
-4.202461139812490032e-01
-4.548393370156348925e-01
1.629066360452652296e-01
4.962430971933528001e-01
0.000000000000000000e+00
0.000000000000000000e+00
0.000000000000000000e+00
0.000000000000000000e+00
0.000000000000000000e+00
0.000000000000000000e+00
-7.638356747437774485e-01
-1.371005774192751443e-09
4.113018009740713574e-09
0.000000000000000000e+00
-0.000000000000000000e+00
0.000000000000000000e+00
-7.638356785530524551e-01
1.592471440349720879e-01
-4.843820435810949343e-01
0.000000000000000000e+00
0.000000000000000000e+00
0.000000000000000000e+00
6.325350079109863799e-01
7.499273999363441634e-01
-2.901879392998304441e-01
-4.251947595914808836e-02
7.081816795434441036e-02
9.033258838417043690e-02
7.014679332663543709e-01
8.390910592334450691e-01
-1.057065635271849491e+00
-8.503895191829619060e-02
1.416363361756859396e-01
1.806651768561197968e-01
-5.474033943339942088e-01
-8.576999982425729252e-01
-1.366607114911344345e+00
-2.768523658234705587e-01
2.844476949176702463e-01
1.667405687179865925e-01
-5.662360510765414023e-01
-1.074472682298643011e+00
-1.023580643521290051e-01
-3.768943856209047150e-01
3.593455980142986617e-01
1.598061762083872184e-01
-2.782570334244737431e+00
8.248658450405905729e-01
1.902941158513123399e-01
-3.726490627030672464e-01
3.454613340192681514e-01
2.820672561843636794e-01
-2.782570334244736543e+00
8.248658450405910170e-01
1.902941158513118403e-01
-3.726490629096317342e-01
3.454613334447533823e-01
2.820672556542215825e-01
-4.237665616988512518e+00
-1.824414426999362293e+00
2.461023772799538989e+00
-3.560479232861584742e-01
3.852467866230170346e-01
3.523593774830017233e-01
-4.237665616988512518e+00
-1.824414426999362293e+00
2.461023772799538989e+00
-2.254506532882068759e-01
2.484671550879362922e-01
4.758384072304235324e-01
-2.512648760528157776e+00
1.271289565020168322e+00
-6.628460873286590171e-01
-3.640372776779272068e-01
3.218617484630263981e-01
5.102897076459665948e-01
-2.512648760528157776e+00
1.271289565020168322e+00
-6.628460873286590171e-01
-4.156460753210401426e-01
2.710863291730120084e-01
6.085395456888457177e-01
-2.315335067850740725e+00
1.464180726129895360e+00
-4.204166902226439406e-01
-3.960834797736627610e-01
2.327482867654912246e-01
4.279741808673283576e-01
-2.315335067850740725e+00
1.464180726129895360e+00
-4.204166902226439406e-01
-4.533480180527402759e-01
1.615443387761277272e-01
4.953624316440619069e-01
