-2.221441471072811424e+00
nan
-2.221441467085554233e+00
2.610459999999999864e-02
2.799937000000000120e-01
-1.333499999999999686e-01
1.378945374215255537e+00
-1.089693168415973412e+00
-1.378945379684561656e+00
8.860460000000003333e-02
2.799937001121810543e-01
-1.333500001121810108e-01
-1.689568777948564415e+00
-2.474452798848068458e+00
-2.899334578749544478e-01
2.073546000000000833e-01
2.799937003253250012e-01
-1.333500007516129071e-01
-1.199422272093035868e+00
9.743793489842487165e-01
-8.429425339187320843e-01
1.642176401980119382e-02
2.073850362568427363e-01
-1.506020744457745586e-01
-2.753455614054468370e+00
1.109666178160749306e+00
6.764594367551392262e-02
-1.745110719603976956e-01
1.347763721033014284e-01
-1.678541477819488481e-01
6.430231416486406060e-01
1.622971527144796422e+00
1.857594550994128291e+00
-3.181767244422163965e-01
-1.399141598421724253e-02
-1.860633631555025647e-01
1.753816055090802462e-01
4.029287993976291699e-02
-2.266270751569705144e+00
-3.899528332480194925e-01
-8.744425388965874901e-02
-2.007920191815782129e-01
-2.263120147905715307e-01
-1.656554993607774362e+00
-8.709999186954515693e-01
-3.107899188099755294e-01
-1.544348786258418205e-01
-1.977014407355847103e-01
-2.263120152270375607e-01
-1.656554994185939433e+00
-8.709999129599030887e-01
-3.107899187265788510e-01
-1.544348785393253043e-01
-1.977014409964183983e-01
4.382003815751095988e-01
2.751356629148075772e+00
8.108174357368541640e-01
-2.044206318405257239e-01
-2.056404319908028411e-01
-1.837541441887778626e-01
4.382003815751095988e-01
2.751356629148075772e+00
8.108174357368541640e-01
-1.894159636165448635e-01
-2.430987562335631680e-01
-2.003816816198737694e-01
1.271287729567841529e-01
-2.149706185701759087e-01
4.305150078478221509e-01
-2.454748868700245557e-01
-2.543393390397760134e-01
-1.854150657908829325e-01
1.271287729567841529e-01
-2.149706185701759087e-01
4.305150078478221509e-01
-2.519132436994883095e-01
-2.966612577833097064e-01
-1.939088211330286804e-01
3.548755535896525592e-01
-5.094360868467976422e-01
4.219226336682891931e-01
-2.324985206055089626e-01
-2.409031959935747647e-01
-2.258852722100644639e-01
3.548755535896525592e-01
-5.094360868467976422e-01
4.219226336682891931e-01
-2.350326983117441149e-01
-2.790376139047355264e-01
-2.469586022397527725e-01
-2.221441471072811424e+00
nan
-2.221441467085554233e+00
2.610459999999999864e-02
2.799937000000000120e-01
1.333500000000000241e-01
1.377446109812805686e+00
-1.090845348507857526e+00
-1.377446115271970806e+00
8.860460000000003333e-02
2.799937001121810543e-01
1.333499998878189818e-01
-1.689340338181814172e+00
-2.476412520510380855e+00
-2.875437136868200794e-01
2.073546000000000833e-01
2.799937003253250012e-01
1.333499992483870855e-01
-1.197451640169940656e+00
9.766356093619529277e-01
-8.381257024379492604e-01
1.648625096633513087e-02
2.071887993273106576e-01
1.162117459000320679e-01
-2.749788289531961194e+00
1.110087893135325743e+00
7.358457588282317496e-02
-1.743820980673298215e-01
1.343838982449845898e-01
9.907349290984115986e-02
6.440305763426094066e-01
1.620649865122843147e+00
1.857622623233383230e+00
-3.182309353328597323e-01
-1.417345636608516313e-02
8.059446673647387149e-02
1.767435886701878289e-01
4.105210164077634227e-02
-2.265910121508109665e+00
-3.901128140740555694e-01
-8.749638582452982927e-02
6.573492353124801846e-02
-2.261831372136939300e-01
-1.656447433685729331e+00
-8.707225138692938904e-01
-3.109317759025299055e-01
-1.544659260995036865e-01
6.881816361889180056e-02
-2.261831376497375756e-01
-1.656447434263889962e+00
-8.707225081338483275e-01
-3.109317758191925130e-01
-1.544659260129796485e-01
6.881816335804163964e-02
4.724636261564085227e-01
2.751418772439165217e+00
8.166111396776494225e-01
-2.045470191081173172e-01
-2.056426054319545615e-01
8.275344262803897843e-02
4.724636261564085227e-01
2.751418772439165217e+00
8.166111396776494225e-01
-1.904863993082416551e-01
-2.432615207713321737e-01
6.566961096935995668e-02
1.273745673214613239e-01
-2.146391497419733174e-01
4.284414830964095589e-01
-2.455886406417677748e-01
-2.543524471737634851e-01
8.110096456872165072e-02
1.273745673214613239e-01
-2.146391497419733174e-01
4.284414830964095589e-01
-2.521165075629361874e-01
-2.966582439881549904e-01
7.259522333300688635e-02
3.548465762113743871e-01
-5.093045447943939097e-01
4.224577186221074587e-01
-2.326214785994641931e-01
-2.409151279636951304e-01
4.062819854000342124e-02
3.548465762113743871e-01
-5.093045447943939097e-01
4.224577186221074587e-01
-2.351363740354660281e-01
-2.790545093112709596e-01
1.956154204258645640e-02
0.000000000000000000e+00
0.000000000000000000e+00
0.000000000000000000e+00
0.000000000000000000e+00
0.000000000000000000e+00
0.000000000000000000e+00
-7.998595155958734271e-01
-1.435664830387516738e-09
4.306995210732806004e-09
0.000000000000000000e+00
-0.000000000000000000e+00
0.000000000000000000e+00
-7.998595178633889358e-01
7.037193971002238257e-02
-2.961737943987333699e-01
0.000000000000000000e+00
0.000000000000000000e+00
0.000000000000000000e+00
5.800546033249417421e-01
5.951309235261084130e-01
-1.714892188298014486e-01
-2.271884543326380124e-02
4.275006716041068050e-02
7.151304505678311718e-02
6.032682709617399608e-01
7.798557041580993499e-01
-1.205850145699389087e+00
-4.543769086652760941e-02
8.550013460716093805e-02
1.430260901816015340e-01
-7.251889500141864842e-01
-5.796350029888556188e-01
-1.478453241334588331e+00
-2.390299102845470092e-01
2.697244244583334449e-01
1.653176824667830502e-01
-9.191163042874169742e-01
-7.304913099732439630e-01
2.189300786231877238e-01
-3.390892519913750736e-01
3.651609865739871563e-01
1.769809238208122637e-01
-2.774137778495756379e+00
8.392973770886594798e-01
1.465086705794591548e-01
-3.266806299484549259e-01
3.853327306953407416e-01
2.963809203193847330e-01
-2.774137778495756823e+00
8.392973770886594798e-01
1.465086705794587663e-01
-3.266806301800473378e-01
3.853327299839705011e-01
2.963809200093813212e-01
-3.644163847565160097e+00
-5.323080503802730679e-01
2.451335135801532950e+00
-3.074726429894562019e-01
4.396084757780998609e-01
3.491567168216534456e-01
-3.644163847565160097e+00
-5.323080503802730679e-01
2.451335135801532950e+00
-2.067987646123599088e-01
4.157964754161528331e-01
4.936480935064040954e-01
-4.110439093201756044e+00
-4.066652585948883347e-01
7.367709617620393558e+00
-3.017318380032352754e-01
4.289860460885786542e-01
5.187109232022502070e-01
-4.110439093201756044e+00
-4.066652585948883347e-01
7.367709617620393558e+00
1.353788497230207222e-02
3.466370385480192495e-01
6.900543364599991403e-01
-2.382629559476645120e+00
1.264290475791160828e+00
-6.696421613724119482e-01
-3.376668875565053130e-01
3.186172677279720533e-01
4.705461810105607823e-01
-2.382629559476645120e+00
1.264290475791160828e+00
-6.696421613724119482e-01
-3.898461120389525858e-01
2.701043209191349992e-01
5.646103090970834293e-01
0.000000000000000000e+00
0.000000000000000000e+00
0.000000000000000000e+00
0.000000000000000000e+00
0.000000000000000000e+00
0.000000000000000000e+00
-7.956779056377550896e-01
-1.428159274431485729e-09
4.284478539102850025e-09
0.000000000000000000e+00
-0.000000000000000000e+00
0.000000000000000000e+00
-7.956779078912946668e-01
6.933358432546153638e-02
-2.945355189043424859e-01
0.000000000000000000e+00
0.000000000000000000e+00
0.000000000000000000e+00
5.837136932035402737e-01
5.954892805419560453e-01
-1.706786177900663226e-01
-2.263188582794876599e-02
4.258097865591554260e-02
7.116283808312007242e-02
6.041949699091854198e-01
7.834853533134893411e-01
-1.197403020728609047e+00
-4.526377165589753893e-02
8.516195759681435828e-02
1.423256762333251491e-01
-7.275923248990936454e-01
-5.750009241871616439e-01
-1.472712336427294266e+00
-2.376248431689733931e-01
2.685719245296265822e-01
1.652715269230199957e-01
-9.221799786223777717e-01
-7.271652102572584431e-01
2.194296974335905315e-01
-3.370641748494090373e-01
3.636215645297275478e-01
1.772885809276048275e-01
-2.774623680803016690e+00
8.395899883227806448e-01
1.472971622025213700e-01
-3.246110938162101167e-01
3.838395380562940051e-01
2.966242464171161552e-01
-2.774623680803016690e+00
8.395899883227802007e-01
1.472971622025207594e-01
-3.246110940479619567e-01
3.838395373448083570e-01
2.966242461070751069e-01
-3.621106244387083173e+00
-4.960483031421374367e-01
2.391711359376533341e+00
-3.053729934390270739e-01
4.381748659710932303e-01
3.493006960830538077e-01
-3.621106244387083173e+00
-4.960483031421374367e-01
2.391711359376533341e+00
-2.069250005889598509e-01
4.099414405690300911e-01
4.924975319183980682e-01
-2.595403905634904529e+00
1.006854835106028245e+00
-8.221886516283305468e-01
-2.995855760136507118e-01
4.275445468316074749e-01
5.189103110122296192e-01
-2.595403905634904529e+00
1.006854835106028245e+00
-8.221886516283305468e-01
-3.429329687418776196e-01
4.108358509100380473e-01
6.352835556678050333e-01
-2.383341773270316821e+00
1.264641090848371396e+00
-6.689319901066522744e-01
-3.355453841583453389e-01
3.171578779513775648e-01
4.707397074977874296e-01
-2.383341773270316821e+00
1.264641090848371396e+00
-6.689319901066522744e-01
-3.876997958780371567e-01
2.686311295068620764e-01
5.648193283777065421e-01
