-2.221441471072811424e+00
nan
-2.221441467085554233e+00
2.610459999999999864e-02
2.799937000000000120e-01
-1.333499999999999686e-01
1.495818561104536482e+00
-9.940789815637325333e-01
-1.495818567374785912e+00
8.860460000000003333e-02
2.799937001121810543e-01
-1.333500001121810108e-01
-1.490945180081093335e+00
-2.481432732753548365e+00
-5.000338264873948058e-01
2.073546000000000833e-01
2.799937003253250012e-01
-1.333500007516129071e-01
-1.249909673685241973e+00
7.471286324139125856e-01
-9.535808599266942798e-01
2.635319466041341485e-02
1.912581322565806152e-01
-1.706258672688637512e-01
-2.938844765023177263e+00
7.786236140992762733e-01
-2.480721054636085554e-01
-1.546482106791733369e-01
1.025225640453300141e-01
-2.079017334468772349e-01
6.799244812340944355e-01
1.813029994431841763e+00
2.180128445386113611e+00
-2.569091832435972389e-01
-7.748585129516170900e-02
-2.234874287083416788e-01
-2.230056258532268562e-02
3.049124663903814980e-01
-2.248103889910106012e+00
-3.070640644377761186e-01
-1.673123935788675132e-01
-2.368942439062712291e-01
2.550398501466837886e-01
-1.472202768099542425e+00
-1.415950934164996511e+00
-2.285283251408272986e-01
-2.309129602606638243e-01
-2.603712128510922152e-01
2.550398496312695218e-01
-1.472202770547339945e+00
-1.415950928769587946e+00
-2.285283250127325139e-01
-2.309129600487792588e-01
-2.603712129965948252e-01
-1.420992160947897931e+00
-1.979419230489608328e+00
-1.725147748571739248e+00
-1.255467037562755239e-01
-2.902766531521343008e-01
-2.616745202061009912e-01
-1.420992160947897931e+00
-1.979419230489608328e+00
-1.725147748571739248e+00
-1.381764702066251571e-01
-2.993861595664261688e-01
-3.024451838861001440e-01
9.013666262098062321e-01
5.229213003537994814e-02
-1.006264116476512482e+00
-1.646523383027840570e-01
-3.253785193042579849e-01
-2.977078714756307143e-01
9.013666262098062321e-01
5.229213003537994814e-02
-1.006264116476512482e+00
-2.054738251134022586e-01
-3.158723913742621514e-01
-3.098726103120826303e-01
8.117408154766384554e-01
-9.243576189591270476e-01
4.448556559211105932e-01
-1.447416147183219759e-01
-2.924962498517068576e-01
-3.202705191702824861e-01
8.117408154766384554e-01
-9.243576189591270476e-01
4.448556559211105932e-01
-1.345981434145771538e-01
-3.152760830484038768e-01
-3.560885357827467956e-01
-2.221441471072811424e+00
nan
-2.221441467085554233e+00
2.610459999999999864e-02
2.799937000000000120e-01
1.333500000000000241e-01
1.494198792163513811e+00
-9.954855502460836503e-01
-1.494198798422516683e+00
8.860460000000003333e-02
2.799937001121810543e-01
1.333499998878189818e-01
-1.492157335833955489e+00
-2.482577622983441312e+00
-4.972896737976458259e-01
2.073546000000001110e-01
2.799937003253250012e-01
1.333499992483870855e-01
-1.249044396818941305e+00
7.498725881334344923e-01
-9.499857296142892871e-01
2.632333860692750993e-02
1.912243334409298168e-01
9.630027723355005786e-02
-2.936339929932452186e+00
7.804086363244892022e-01
-2.425570147928760301e-01
-1.547079227861450634e-01
1.024549664148103195e-01
5.925055555827776071e-02
6.803563382671423687e-01
1.810092361113752712e+00
2.180264338239254140e+00
-2.572272371946109359e-01
-7.737905086314415815e-02
4.335192659567487644e-02
-2.005596466285180721e-02
3.058215038502180572e-01
-2.247997335919732720e+00
-3.075268158090103676e-01
-1.671008180181183800e-01
2.978655193065198048e-02
2.552854200298215193e-01
-1.472249416376268272e+00
-1.415732607281724897e+00
-2.289723319191503959e-01
-2.306826653137865613e-01
6.321593902390551523e-03
2.552854195143943183e-01
-1.472249418824321365e+00
-1.415732601886405595e+00
-2.289723317910902223e-01
-2.306826651018752394e-01
6.321593756896504157e-03
-1.427820234805803112e+00
-1.969468935290926481e+00
-1.721157333676618162e+00
-1.259757832912929976e-01
-2.900207810856850199e-01
5.033194059257916665e-03
-1.427820234805803112e+00
-1.969468935290926481e+00
-1.721157333676618162e+00
-1.389556440592324416e-01
-2.989200109482927914e-01
-3.567390663469200557e-02
6.309206641728759557e-01
-6.036543800162994522e-01
5.305648831001170684e-01
-1.650681945388899896e-01
-3.251336362224285792e-01
-3.100379875860657941e-02
6.309206641728759557e-01
-6.036543800162994522e-01
5.305648831001170684e-01
-1.601327224889046441e-01
-3.565696302500299675e-01
-6.087285498324185307e-02
8.116812307131828774e-01
-9.245045557955908766e-01
4.454060058104351572e-01
-1.451628415937059879e-01
-2.922472037829385028e-01
-5.356511774776398505e-02
8.116812307131828774e-01
-9.245045557955908766e-01
4.454060058104351572e-01
-1.349984170356033075e-01
-3.150304142489662729e-01
-8.937504540579371826e-02
0.000000000000000000e+00
0.000000000000000000e+00
0.000000000000000000e+00
0.000000000000000000e+00
0.000000000000000000e+00
0.000000000000000000e+00
-6.466417204922223494e-01
-1.160654787335192116e-09
3.481964943737917438e-09
0.000000000000000000e+00
-0.000000000000000000e+00
0.000000000000000000e+00
-6.466417260056558369e-01
2.864469369996415216e-01
-6.818897325890656003e-01
0.000000000000000000e+00
0.000000000000000000e+00
0.000000000000000000e+00
6.561043614926962420e-01
9.251155378995430389e-01
-4.135990597602482999e-01
-7.118543056940895841e-02
9.931886922218421954e-02
1.092274190462203254e-01
7.385807475756500651e-01
9.463998279867273933e-01
-8.647492788848226697e-01
-1.423708611388179446e-01
1.986377386637334930e-01
2.184548381845910769e-01
-3.823031898278136942e-01
-1.061084309170089890e+00
-1.164370840122615158e+00
-3.127833078122112531e-01
2.985791354045782553e-01
1.822838550572288552e-01
-3.019131230718151704e-01
-1.203820836341595868e+00
-5.087658778598793674e-01
-4.031489530739332250e-01
3.518525483412937582e-01
1.634062712400593531e-01
-2.782169760629423116e+00
8.047644158015783145e-01
2.326660881707202089e-01
-4.072446868242632911e-01
3.048082389801162195e-01
2.771510763192561733e-01
-2.782169760629423116e+00
8.047644158015787585e-01
2.326660881707198758e-01
-4.072446869906568012e-01
3.048082386051067516e-01
2.771510756266712949e-01
-4.580999951721913988e+00
-2.582870216652508155e+00
1.546809145332623148e+00
-3.944816240020002640e-01
3.251425476692266781e-01
3.594350031893590591e-01
-4.580999951721913988e+00
-2.582870216652508155e+00
1.546809145332623148e+00
-2.750856232386815203e-01
1.188363010706646045e-01
3.685446040255556110e-01
-4.464995854761404814e+00
-2.425859173259625301e+00
3.355194453602839300e+00
-4.153129690006895358e-01
2.157930923776336662e-01
4.885651768798295325e-01
-4.464995854761404814e+00
-2.425859173259625301e+00
3.355194453602839300e+00
-4.176979334099359953e-01
2.451355776381339280e-02
3.470931768319318045e-01
-2.256018438325496867e+00
1.581915269802215418e+00
-1.125893769039298942e-01
-4.411211739953135313e-01
1.576525264108834812e-01
3.810576793144373475e-01
-2.256018438325496867e+00
1.581915269802215418e+00
-1.125893769039298942e-01
-5.003470086341917922e-01
7.570437339518359954e-02
4.164032908839705449e-01
0.000000000000000000e+00
0.000000000000000000e+00
0.000000000000000000e+00
0.000000000000000000e+00
0.000000000000000000e+00
0.000000000000000000e+00
-6.485703947084348053e-01
-1.164116557417940712e-09
3.492350255721238463e-09
0.000000000000000000e+00
-0.000000000000000000e+00
0.000000000000000000e+00
-6.485704001772238936e-01
2.825316049593060153e-01
-6.769322228909411265e-01
0.000000000000000000e+00
0.000000000000000000e+00
0.000000000000000000e+00
6.613948050107386623e-01
9.248780217932881520e-01
-4.088357301469416338e-01
-7.055856227382323320e-02
9.851654115394581357e-02
1.087202366328833547e-01
7.439572754555370260e-01
9.479401311572266398e-01
-8.675057573100428687e-01
-1.411171245476464386e-01
1.970330825281232379e-01
2.174404733576849047e-01
-3.808943793650239051e-01
-1.058511633208171210e+00
-1.170868818404230183e+00
-3.121951183204955127e-01
2.977970786994424413e-01
1.808338201758640795e-01
-3.006051107024024227e-01
-1.203603914066203151e+00
-5.089321003297780921e-01
-4.028884309226254956e-01
3.515243119140269989e-01
1.617656478830804267e-01
-2.782387060505421950e+00
8.051455957519511042e-01
2.323993417369368819e-01
-4.070047586834424913e-01
3.044917271319261265e-01
2.754271604053440958e-01
-2.782387060505421950e+00
8.051455957519515483e-01
2.323993417369367709e-01
-4.070047588498343916e-01
3.044917267568666430e-01
2.754271597126176641e-01
-4.557167912029996160e+00
-2.538856892058737547e+00
1.529358698864533572e+00
-3.942519690974090607e-01
3.248432301819272339e-01
3.576015484184759674e-01
-4.557167912029996160e+00
-2.538856892058737547e+00
1.529358698864533572e+00
-2.772923513412709484e-01
1.194832741321860681e-01
3.652028242214854226e-01
-2.431724985671589234e+00
1.478563348312131875e+00
-4.184037312506058148e-01
-4.151067907285737046e-01
2.154893170251231671e-01
4.867741849516791230e-01
-2.431724985671589234e+00
1.478563348312131875e+00
-4.184037312506058148e-01
-4.724230197077138316e-01
1.407909667840511192e-01
5.559204689982930603e-01
-2.256386092094466278e+00
1.582415244560760659e+00
-1.128177990185126323e-01
-4.409147225980623030e-01
1.573409859232585140e-01
3.792446936101535604e-01
-2.256386092094466278e+00
1.582415244560760659e+00
-1.128177990185126323e-01
-5.001512496900991644e-01
7.539323518983648276e-02
4.145680724660302796e-01
