-2.221441471072811424e+00
nan
-2.221441467085554233e+00
2.610459999999999864e-02
2.799937000000000120e-01
-1.333499999999999686e-01
1.582076009484898904e+00
-9.156125415447955440e-01
-1.582076016360456805e+00
8.860460000000003333e-02
2.799937001121810543e-01
-1.333500001121810108e-01
-1.022647464990148691e+00
-2.681347231524884744e+00
-7.154694917556904121e-01
2.073546000000000833e-01
2.799937003253250012e-01
-1.333500007516129071e-01
-1.245133484524887146e+00
2.147219229106286931e-01
-1.098562838841203648e+00
7.084080527172417763e-02
1.473893186968098512e-01
-2.095409570509355057e-01
-2.956674426539036116e+00
5.036451229715455113e-01
-9.065924016723719836e-01
-6.567298945655172804e-02
1.478493688498264125e-02
-2.857319130312178102e-01
-7.868934258957904770e-01
-1.858991225932367319e+00
-2.223977050609178718e+00
-1.343004584411562896e-01
-1.808248690571886697e-01
-2.971478807971701386e-01
-2.808846867261999281e-01
5.221062285749189513e-01
-1.924511075344842892e+00
-1.655241571675463430e-01
-2.792101242540755979e-01
-3.076113743670573220e-01
9.941942599009199188e-01
-9.180501629234971706e-01
-2.139232065142562700e+00
-8.130215333724288840e-02
-3.137160724402020540e-01
-3.574115361196532614e-01
9.941942593006665163e-01
-9.180501681935208103e-01
-2.139232061238438565e+00
-8.130215318250380574e-02
-3.137160722266802426e-01
-3.574115360059053614e-01
-1.040516671654567515e+00
-1.402371445243764392e-01
-1.407104210353257834e+00
2.031760877228333539e-02
-3.679350371916787488e-01
-3.868171273710978020e-01
-1.040516671654567515e+00
-1.402371445243764392e-01
-1.407104210353257834e+00
-1.581179676060697620e-02
-3.435809284842601952e-01
-3.843102230017217957e-01
1.711607428088291583e+00
1.342057255868781329e+00
-1.573258457460126492e+00
-6.328777159065504532e-03
-3.526279556039143004e-01
-4.426334102500493195e-01
1.711607428088291583e+00
1.342057255868781329e+00
-1.573258457460126492e+00
-3.436273697610579825e-02
-3.458894848273954548e-01
-4.098701498326156600e-01
1.307990364436952158e+00
-1.693494094417325124e+00
2.024696088139368577e-01
1.771086539863982179e-02
-3.195118414525538464e-01
-4.249650147877603867e-01
1.307990364436952158e+00
-1.693494094417325124e+00
2.024696088139368577e-01
4.665217742879244900e-02
-3.181130505698906985e-01
-4.576021863357043751e-01
-2.221441471072811424e+00
nan
-2.221441467085554233e+00
2.610459999999999864e-02
2.799937000000000120e-01
1.333500000000000241e-01
1.581357439957890243e+00
-9.162961045737270105e-01
-1.581357446828351998e+00
8.860460000000003333e-02
2.799937001121810543e-01
1.333499998878189818e-01
-1.024508280221225753e+00
-2.681111125610654788e+00
-7.139113961169341049e-01
2.073546000000000833e-01
2.799937003253250012e-01
1.333499992483870855e-01
-1.245715721498941608e+00
2.172668843649108728e-01
-1.096647146187498034e+00
7.064666479613282424e-02
1.474605939689439260e-01
5.738345284917646671e-02
-2.957583912859944597e+00
5.032656666344769159e-01
-9.022370312871477172e-01
-6.606127040773451808e-02
1.492748742958302510e-02
-1.858309323080321873e-02
-7.865132828515595254e-01
-1.859263054644124891e+00
-2.223982570898088706e+00
-1.346285285650141716e-01
-1.807050920823196072e-01
-2.997058383725943395e-02
-2.807896020945145343e-01
5.217814911207363515e-01
-1.924494937160391439e+00
-1.658347851874857615e-01
-2.790964545049283707e-01
-4.042868348467672929e-02
9.944889857015005719e-01
-9.182198910006797998e-01
-2.139105263881626140e+00
-8.159878693186338461e-02
-3.136038087857477286e-01
-9.020419552038377864e-02
9.944889851008319459e-01
-9.182198962710671486e-01
-2.139105259977679196e+00
-8.159878677715785844e-02
-3.136038085722186453e-01
-9.020419540660394586e-02
-1.040554832623370229e+00
-1.422252198538968559e-01
-1.410178994875941116e+00
2.002963376308992960e-02
-3.678229940838533829e-01
-1.195794408712719248e-01
-1.040554832623370229e+00
-1.422252198538968559e-01
-1.410178994875941116e+00
-1.606022798908993132e-02
-3.433976482113790252e-01
-1.171992135021857201e-01
1.216789526233480245e+00
-1.383849645465175193e+00
4.534101498034995292e-01
-6.601696173799340150e-03
-3.525189107154179102e-01
-1.754037309465117933e-01
1.216789526233480245e+00
-1.383849645465175193e+00
4.534101498034995292e-01
1.836314023492861477e-02
-3.566412570230834689e-01
-2.109636005837184358e-01
1.307742761394243836e+00
-1.693909601453982949e+00
2.028805178158824274e-01
1.743273436285305844e-02
-3.194016641882407859e-01
-1.577303679321614138e-01
1.307742761394243836e+00
-1.693909601453982949e+00
2.028805178158824274e-01
4.638933824757422025e-02
-3.180144311800773282e-01
-1.903544663971675766e-01
0.000000000000000000e+00
0.000000000000000000e+00
0.000000000000000000e+00
0.000000000000000000e+00
0.000000000000000000e+00
0.000000000000000000e+00
-8.203133781435011096e-02
-1.472377391196814998e-10
4.417132911561421139e-10
0.000000000000000000e+00
-0.000000000000000000e+00
0.000000000000000000e+00
-8.203134705332681964e-02
6.255511625644041285e-01
-1.088722702043458668e+00
0.000000000000000000e+00
0.000000000000000000e+00
0.000000000000000000e+00
6.316227267380821742e-01
1.318767972418423584e+00
-6.904187340846221765e-01
-1.920307419593338949e-01
1.423756206842599348e-01
9.627407904851188747e-02
1.938513169336162911e-01
1.386889510678932957e+00
-2.460976817914647952e-02
-3.840614839186677898e-01
2.847512413946912124e-01
1.925481581120611074e-01
-3.383597019525459992e-01
-2.900968505638663042e-01
-2.029610462496004297e-01
-4.047080818453206441e-01
2.886531478826254160e-01
2.498076565042339492e-01
-6.716358559728312638e-01
-1.112009231723550540e-01
-8.905523695838230003e-01
-4.216410296450952555e-01
2.914499178782265498e-01
2.740393654656971267e-01
-2.757432634487037681e+00
7.433548023382583469e-01
3.427716050449878815e-01
-4.468325596059655735e-01
1.829982385297617420e-01
3.065803620891957570e-01
-2.757432634487036793e+00
7.433548023382590131e-01
3.427716050449881036e-01
-4.468325595945996098e-01
1.829982388964540574e-01
3.065803613853977372e-01
-4.470166087559221957e+00
-1.587361122156138560e+00
-1.698603633300557636e+00
-4.501066255065814259e-01
1.367466705392141879e-01
3.805459667264321499e-01
-4.470166087559221957e+00
-1.587361122156138560e+00
-1.698603633300557636e+00
-4.127180105032743351e-01
2.093224889431097302e-01
2.143286421802761410e-01
-4.014003829430263792e+00
-1.411588459556458508e+00
-2.892059187773167728e-01
-4.968447603577132998e-01
-2.629659388130323183e-02
3.581454393646015255e-01
-4.014003829430263792e+00
-1.411588459556458508e+00
-2.892059187773167728e-01
-5.411441950283282232e-01
1.133228460047499414e-01
2.915247777097476067e-01
-2.186432054991527707e+00
1.367666909543031828e+00
8.758689048067939131e-01
-4.950621373417242177e-01
3.066292322964717099e-02
2.489600017344770488e-01
-2.186432054991527707e+00
1.367666909543031828e+00
8.758689048067939131e-01
-5.409240743273783236e-01
-1.534723955551349495e-02
2.063195657279930928e-01
0.000000000000000000e+00
0.000000000000000000e+00
0.000000000000000000e+00
0.000000000000000000e+00
0.000000000000000000e+00
0.000000000000000000e+00
-8.629729456107987362e-02
-1.548946888087424589e-10
4.646841440610683723e-10
0.000000000000000000e+00
-0.000000000000000000e+00
0.000000000000000000e+00
-8.629730380086560182e-02
6.243725543623936947e-01
-1.089295707093674848e+00
0.000000000000000000e+00
0.000000000000000000e+00
0.000000000000000000e+00
6.328370351221328516e-01
1.321545749279453563e+00
-6.896835571916095642e-01
-1.917991704231597205e-01
1.423596588098975657e-01
9.679393244775626182e-02
2.006496587582420055e-01
1.388337679823879123e+00
-2.845431751437474399e-02
-3.835983408463195521e-01
2.847193176473439280e-01
1.935878649113031702e-01
-3.324700713356598114e-01
-2.925552645909962335e-01
-2.071178249249813752e-01
-4.049746146674910730e-01
2.889552482863393945e-01
2.495287626922078061e-01
-6.648848210137742187e-01
-1.141876085354544268e-01
-8.933244107914272147e-01
-4.222936475343982421e-01
2.919416151462241871e-01
2.731113913125836068e-01
-2.757339754924355013e+00
7.429884828902472149e-01
3.431186475762806332e-01
-4.474361627822970311e-01
1.835965592263626711e-01
3.056735145806513954e-01
-2.757339754924354125e+00
7.429884828902475480e-01
3.431186475762805221e-01
-4.474361627710257139e-01
1.835965595931747796e-01
3.056735138769347548e-01
-4.456516209285944718e+00
-1.570185783105639832e+00
-1.683142323477078595e+00
-4.506580182279085189e-01
1.374696336738676916e-01
3.796654835720528753e-01
-4.456516209285944718e+00
-1.570185783105639832e+00
-1.683142323477078595e+00
-4.132840839998788152e-01
2.088215292895169717e-01
2.141457459364346227e-01
-2.269115552752025700e+00
1.580412719674082478e+00
5.887968437195412186e-01
-4.973859392071081631e-01
-2.559460655212331126e-02
3.572536975147481142e-01
-2.269115552752025700e+00
1.580412719674082478e+00
5.887968437195412186e-01
-5.511579849970292821e-01
-9.158484291830973345e-02
3.271530326303655478e-01
-2.186492028948733068e+00
1.367332943682591173e+00
8.763417416245221636e-01
-4.956179788733626745e-01
3.138352119155693454e-02
2.480808920101738868e-01
-2.186492028948733068e+00
1.367332943682591173e+00
8.763417416245221636e-01
-5.414416736529231722e-01
-1.457292937394961962e-02
2.054543996667834160e-01
