-2.221441471072811424e+00
nan
-2.221441467085554233e+00
2.610459999999999864e-02
2.799937000000000120e-01
-1.333499999999999686e-01
1.421822810089765854e+00
-1.055964426681831991e+00
-1.421822815850493305e+00
8.860460000000003333e-02
2.799937001121810543e-01
-1.333500001121810108e-01
-9.160622570245957608e-02
3.098028777073224216e+00
4.574403230178412105e-01
2.073546000000000555e-01
2.799937003253250012e-01
-1.333500007516129071e-01
-9.624541824943187995e-01
-9.996204861999028468e-01
-1.262724517125314305e+00
2.194673802150621245e-01
8.408470801837641950e-02
-1.924934474616042945e-01
-1.550285104218891652e+00
9.319226702804214169e-01
-1.449214205469871120e+00
2.315801604301241934e-01
-1.118242843949142640e-01
-2.516368938193438431e-01
-2.859418045133775566e-02
-6.301892107348981975e-01
-2.952099227832833517e+00
2.216867495127149423e-01
-1.971679267253693135e-01
-4.406390978651979484e-01
7.606048765177482185e-01
1.016870640042586649e+00
-1.390933385824932422e+00
2.224258500532225458e-01
-2.394897139429088551e-01
-5.353617591300945389e-01
-1.453131367292769482e+00
-8.919487525118144911e-01
1.739561298815926138e+00
3.249121856386257279e-01
-2.318533425195549447e-01
-5.495849567227846233e-01
-1.453131367422361375e+00
-8.919487468664994978e-01
1.739561302193350700e+00
3.249121856772080319e-01
-2.318533427630670440e-01
-5.495849565755175359e-01
6.715313710238596245e-01
-1.279324240513954880e+00
1.891571393579894123e+00
4.360729675991016352e-01
-2.422267443806249698e-01
-5.904093865966956178e-01
6.715313710238596245e-01
-1.279324240513954880e+00
1.891571393579894123e+00
4.796934221793971442e-01
-2.411376279930872446e-01
-5.895088910038271957e-01
4.187292659203600831e-02
-2.733804641752904718e+00
-1.217800409448884125e+00
4.373699305116721670e-01
-1.902037103786748395e-01
-5.536436976354459638e-01
4.187292659203600831e-02
-2.733804641752904718e+00
-1.217800409448884125e+00
4.604333809730885574e-01
-2.122640444846180252e-01
-5.834121379129941776e-01
-8.313303124676348910e-01
2.235932024960088249e+00
1.614493843795111960e+00
4.433755892236111995e-01
-2.280128734690486658e-01
-5.308149245882314293e-01
-8.313303124676348910e-01
2.235932024960088249e+00
1.614493843795111960e+00
4.842073395650699497e-01
-2.286172754323625433e-01
-5.462144046745696091e-01
-2.221441471072811424e+00
nan
-2.221441467085554233e+00
2.610459999999999864e-02
2.799937000000000120e-01
1.333500000000000241e-01
1.422050285397372882e+00
-1.055781421614450988e+00
-1.422050291159653534e+00
8.860460000000003333e-02
2.799937001121810543e-01
1.333499998878189818e-01
-9.155742217413803674e-02
3.097952284470179229e+00
4.579340291360340931e-01
2.073546000000000833e-01
2.799937003253250012e-01
1.333499992483870855e-01
-9.624206983194398823e-01
-9.990869384474682091e-01
-1.262466162711794349e+00
2.194612367554316379e-01
8.410324021108639414e-02
7.414394396090852324e-02
-1.551060896740839024e+00
9.317351188535702988e-01
-1.449209259928502469e+00
2.315678735108631925e-01
-1.117872200096067803e-01
1.493788902564782695e-02
-2.913344653047754071e-02
-6.309482389801366331e-01
-2.951980152789238865e+00
2.216070576866505937e-01
-1.972324005576074346e-01
-1.740148915022812492e-01
7.602150701834117230e-01
1.016523296353060379e+00
-1.391138681763184115e+00
2.223123175633629489e-01
-2.396043347490461606e-01
-2.687153893963403761e-01
-1.453078757060931814e+00
-8.918659761993152912e-01
1.739564623881493466e+00
3.247981026937471483e-01
-2.319733416861026465e-01
-2.829454382747542129e-01
-1.453078757190288783e+00
-8.918659705540968874e-01
1.739564627258909368e+00
3.247981027323265657e-01
-2.319733419296162447e-01
-2.829454381274887909e-01
6.719718768697249267e-01
-1.278830124485709874e+00
1.890838588842977064e+00
4.359556270613453854e-01
-2.423526696867926433e-01
-3.237772311999554953e-01
6.719718768697249267e-01
-1.278830124485709874e+00
1.890838588842977064e+00
4.795771843901342479e-01
-2.412787304324793547e-01
-3.229126415289341745e-01
-9.964001006410151406e-01
2.549236157027747751e+00
1.220090537646607132e+00
4.372577415756042640e-01
-1.903295691418506741e-01
-2.870118184885140922e-01
-9.964001006410151406e-01
2.549236157027747751e+00
1.220090537646607132e+00
4.785948036357450808e-01
-1.941650254550990606e-01
-3.004757592086463314e-01
-8.309254499169630437e-01
2.236216989865492000e+00
1.614652903062372635e+00
4.432629551517695554e-01
-2.281389610951070901e-01
-2.641833073888021355e-01
-8.309254499169630437e-01
2.236216989865492000e+00
1.614652903062372635e+00
4.840892400712458188e-01
-2.287504040306633235e-01
-2.795969935741475232e-01
0.000000000000000000e+00
0.000000000000000000e+00
0.000000000000000000e+00
0.000000000000000000e+00
0.000000000000000000e+00
0.000000000000000000e+00
2.393355415588169569e-03
4.295824616423631476e-12
-1.288747600238320311e-11
0.000000000000000000e+00
-0.000000000000000000e+00
0.000000000000000000e+00
2.393349492881010655e-03
2.291904846510243177e-01
-7.591792407052784242e-01
-0.000000000000000000e+00
0.000000000000000000e+00
0.000000000000000000e+00
-5.454637559999255675e-02
1.150118956329519104e+00
-4.811578850079940572e-01
-1.622851552423203725e-01
-9.054220348310104693e-03
-3.245012655350025359e-03
-1.429909867228973841e+00
1.055568559761176806e+00
-4.496447277362959349e-01
-3.245703104846406895e-01
-1.810844069746326765e-02
-6.490025310954567611e-03
-1.434067684342159810e+00
1.293650175873687358e+00
8.321850321625373637e-02
-5.624494136207122130e-01
-2.839160371323120602e-01
1.259868644758388445e-01
-1.350006018144498832e+00
6.785627426258019623e-01
3.586935508030937303e-01
-6.814654452395888518e-01
-4.196932377864815988e-01
1.857230343239015258e-01
-2.673216580815898968e+00
5.799688467203782949e-01
5.423305700987142153e-01
-6.938558943880872576e-01
-4.021334525139459992e-01
1.058704779890875941e-01
-2.673216580815899412e+00
5.799688467203777398e-01
5.423305700987144373e-01
-6.938558941706131078e-01
-4.021334520993450901e-01
1.058704786176718204e-01
-2.709808949228839747e+00
2.747904820932107306e+00
-3.071559330697692936e-01
-7.119069789548994054e-01
-4.509801051019970974e-01
6.913103732941397461e-02
-2.709808949228839747e+00
2.747904820932107306e+00
-3.071559330697692936e-01
-7.090979742137923925e-01
-4.619382155132391032e-01
-5.368511743673143322e-02
-2.845001063710272504e+00
1.444404435347576454e+00
-2.313640069338934735e-01
-7.187977064177057951e-01
-3.519940731298931702e-01
-7.068999783359096456e-02
-2.845001063710272504e+00
1.444404435347576454e+00
-2.313640069338934735e-01
-7.668993408810271806e-01
-4.420213696969880202e-01
-4.124127397726744249e-02
-2.555570761071661146e+00
-3.499515484051877179e-01
8.907663889035831728e-01
-6.850526642677138289e-01
-2.877107661873320454e-01
2.689898888940928101e-02
-2.555570761071661146e+00
-3.499515484051877179e-01
8.907663889035831728e-01
-6.791252114125576611e-01
-2.906936764274093421e-01
4.273271513087595341e-02
0.000000000000000000e+00
0.000000000000000000e+00
0.000000000000000000e+00
0.000000000000000000e+00
0.000000000000000000e+00
0.000000000000000000e+00
3.514186370104133410e-03
6.307599872994124406e-12
-1.892280278041752339e-11
0.000000000000000000e+00
-0.000000000000000000e+00
0.000000000000000000e+00
3.514180445121982237e-03
2.295192434485928967e-01
-7.593924313573007234e-01
-0.000000000000000000e+00
0.000000000000000000e+00
0.000000000000000000e+00
-5.348809562266824275e-02
1.151839976953444200e+00
-4.806296373228331476e-01
-1.623466618030095510e-01
-8.985627559542708545e-03
-3.467100533132923528e-03
-1.433255840457072994e+00
1.056822319492793927e+00
-4.483912919619806314e-01
-3.246933236060191574e-01
-1.797125512032317352e-02
-6.934201066639947980e-03
-1.437210415844286882e+00
1.294412764653542602e+00
8.261900721242346202e-02
-5.626957142960004044e-01
-2.843225883061668569e-01
1.260574154760759347e-01
-1.352988408875571924e+00
6.784205304010483273e-01
3.588602258213466900e-01
-6.817765204525497724e-01
-4.203688623943077074e-01
1.860419032486659019e-01
-2.673219308332429378e+00
5.801174086798105423e-01
5.421729662380756487e-01
-6.941689376540856049e-01
-4.028438815891668412e-01
1.061887973795704460e-01
-2.673219308332429378e+00
5.801174086798102092e-01
5.421729662380760928e-01
-6.941689374366278864e-01
-4.028438811745775339e-01
1.061887980081551164e-01
-2.709928049779573467e+00
2.758287031904854913e+00
-3.113294710027176837e-01
-7.122287805079117184e-01
-4.517296141245843999e-01
6.945060240713651911e-02
-2.709928049779573467e+00
2.758287031904854913e+00
-3.113294710027176837e-01
-7.095096450904803120e-01
-4.629673146910205928e-01
-5.378047159337878691e-02
-2.526734680215680484e+00
-1.569838978922021844e-01
1.201887993788102182e+00
-7.191060432920596268e-01
-3.527416316969715360e-01
-7.037393374673783786e-02
-2.526734680215680484e+00
-1.569838978922021844e-01
1.201887993788102182e+00
-7.123826325032317497e-01
-3.370789190583408090e-01
-5.419350013598828175e-02
-2.555598620726802217e+00
-3.498078294291093182e-01
8.906043445254655522e-01
-6.853635964019214599e-01
-2.884601505872578242e-01
2.721513392064206505e-02
-2.555598620726802217e+00
-3.498078294291093182e-01
8.906043445254655522e-01
-6.794272145590886103e-01
-2.914912790227222050e-01
4.305909075473918213e-02
