-2.221441471072811424e+00
nan
-2.221441467085554233e+00
2.610459999999999864e-02
2.799937000000000120e-01
-1.333499999999999686e-01
1.316723555215137065e+00
-1.136016842001345672e+00
-1.316723560266251924e+00
8.860460000000003333e-02
2.799937001121810543e-01
-1.333500001121810108e-01
-1.751648999363009995e+00
-2.498881381347506370e+00
-1.841061614866580098e-01
2.073546000000001110e-01
2.799937003253250012e-01
-1.333500007516129071e-01
-1.171998431465342883e+00
1.050174732206741846e+00
-7.867544107733132064e-01
1.464569108816363152e-02
2.108324123945951034e-01
-1.435965942232121928e-01
-2.635663006183678103e+00
1.293879954510498642e+00
1.986530422243903415e-01
-1.780632178236728480e-01
1.416711244099396194e-01
-1.538431873308306885e-01
6.634435015100658140e-01
1.565485820942274398e+00
1.657229837971549324e+00
-3.421039969458155028e-01
1.512362425790247933e-02
-1.672447913494025939e-01
1.722026972939623979e-01
-1.234393798090127892e-01
-2.220557180694274546e+00
-4.243913082851342722e-01
-4.686689004231324451e-02
-1.794937516865403038e-01
-4.602984525886416045e-01
-1.695545748232290428e+00
-5.845341830564512176e-01
-3.435053445144854445e-01
-1.099526711679925661e-01
-1.639468039264112553e-01
-4.602984529788012313e-01
-1.695545747892333033e+00
-5.845341773187042733e-01
-3.435053444575644765e-01
-1.099526711643749322e-01
-1.639468042078739696e-01
6.241195739232776457e-02
2.904332061786454755e+00
3.293068836536759414e-01
-2.349705882830453174e-01
-1.547649121480850209e-01
-1.454257150035213608e-01
6.241195739232776457e-02
2.904332061786454755e+00
3.293068836536759414e-01
-2.116095399272799327e-01
-1.915096400577029623e-01
-1.483968284610888422e-01
-1.694040635155943109e-01
6.467032754972179553e-03
1.215991811959273861e+00
-2.746822709783778294e-01
-2.016167939406981191e-01
-1.284646568302751368e-01
-1.694040635155943109e-01
6.467032754972179553e-03
1.215991811959273861e+00
-2.496240852283057865e-01
-2.366745417856536970e-01
-1.215521487786052762e-01
1.004702327704806442e-01
-3.371531536121852857e-01
3.765105499752745555e-01
-2.658143025532008208e-01
-2.010436596213775184e-01
-1.721428468346936080e-01
1.004702327704806442e-01
-3.371531536121852857e-01
3.765105499752745555e-01
-2.737617115442083082e-01
-2.428669535799112267e-01
-1.817549172358993159e-01
-2.221441471072811424e+00
nan
-2.221441467085554233e+00
2.610459999999999864e-02
2.799937000000000120e-01
1.333500000000000241e-01
1.315670657893897477e+00
-1.136774871631404116e+00
-1.315670662937982183e+00
8.860460000000003333e-02
2.799937001121810543e-01
1.333499998878189818e-01
-1.751090161142720980e+00
-2.500480946258105241e+00
-1.823997630363900779e-01
2.073546000000000833e-01
2.799937003253250012e-01
1.333499992483870855e-01
-1.169444452343729735e+00
1.052548800030979059e+00
-7.816948681831255019e-01
1.470878823265775459e-02
2.106457831629118260e-01
1.231785886413560155e-01
-2.632009267102155547e+00
1.292903914935702447e+00
2.049076526561918465e-01
-1.779370235346846019e-01
1.412978659471013643e-01
1.130071783983836176e-01
6.641561172290760817e-01
1.563994573004469979e+00
1.657490867671355339e+00
-3.420473078506628406e-01
1.486201521099944634e-02
9.940422907233657790e-02
1.730332569137054688e-01
-1.227712324939801841e-01
-2.220110634194984112e+00
-4.243830472210477489e-01
-4.704556369129383325e-02
8.706161197593473289e-02
-4.601139242303105559e-01
-1.695372503478327797e+00
-5.841408745244817124e-01
-3.434715143798560133e-01
-1.101025938172454088e-01
1.025921401377068998e-01
-4.601139246198969190e-01
-1.695372503138376841e+00
-5.841408687868765437e-01
-3.434715143230100409e-01
-1.101025938136296900e-01
1.025921398562290310e-01
1.085559714056705399e-01
2.906316249742288527e+00
3.346935522032174481e-01
-2.349166416314221739e-01
-1.548764355570987350e-01
1.210881852606922882e-01
1.085559714056705399e-01
2.906316249742288527e+00
3.346935522032174481e-01
-2.126952266687883730e-01
-1.922855089847529397e-01
1.176953889283414573e-01
-1.477761305591108743e-01
-6.132998067664319902e-02
3.522940508261747095e-01
-2.746079074602100767e-01
-2.017405667062628083e-01
1.380631872607643029e-01
-1.477761305591108743e-01
-6.132998067664319902e-02
3.522940508261747095e-01
-2.854281438451056752e-01
-2.437546586071633048e-01
1.428044625035306825e-01
1.004532074332208647e-01
-3.368850374502052047e-01
3.771445075155820392e-01
-2.657515756625943304e-01
-2.011677156210910089e-01
9.438263257421344865e-02
1.004532074332208647e-01
-3.368850374502052047e-01
3.771445075155820392e-01
-2.736748686693252219e-01
-2.429975865780100164e-01
8.477927648027455687e-02
0.000000000000000000e+00
0.000000000000000000e+00
0.000000000000000000e+00
0.000000000000000000e+00
0.000000000000000000e+00
0.000000000000000000e+00
-7.515825587806733710e-01
-1.349012702524680661e-09
4.047038783713343699e-09
0.000000000000000000e+00
-0.000000000000000000e+00
0.000000000000000000e+00
-7.515825597905436695e-01
2.004224721228335324e-02
-1.352788603636595199e-01
0.000000000000000000e+00
0.000000000000000000e+00
0.000000000000000000e+00
5.243336898757257059e-01
4.779557483874766755e-01
-6.743666913569690280e-02
-9.561424971993647687e-03
1.836828062899979394e-02
5.584273741380921252e-02
4.827547995183614216e-01
7.755957393942046751e-01
-1.294433968858915929e+00
-1.912284994398727803e-02
3.673656153156121262e-02
1.116854748681479492e-01
-9.919353555193858307e-01
-3.353507681091184578e-01
-1.513950452319394291e+00
-1.933244597928155950e-01
2.555462069665550562e-01
1.778233911767410635e-01
-1.314551409157911799e+00
-2.817428424608452997e-01
3.820492477683257171e-01
-2.830673286995417093e-01
3.679749423621019311e-01
2.117188609546803713e-01
-2.761321164894856572e+00
8.466432943007532463e-01
1.039681934170921807e-01
-2.633456947291278327e-01
4.193146260618764165e-01
3.174374047791972964e-01
-2.761321164894856572e+00
8.466432943007535794e-01
1.039681934170917366e-01
-2.633456949678024128e-01
4.193146252905854965e-01
3.174374047210161143e-01
-3.039763419611219319e+00
5.720867861572767055e-01
1.310183055963510812e+00
-2.430058912517435998e-01
4.817414634298992082e-01
3.492881706819797039e-01
-3.039763419611219319e+00
5.720867861572767055e-01
1.310183055963510812e+00
-1.965633060978211333e-01
5.033172311513389729e-01
4.476189033700890829e-01
-3.258701171761102078e+00
1.620588353678887206e+00
5.832165693077005386e+00
-2.237748195769505288e-01
5.244476404353102250e-01
5.122828933504763871e-01
-3.258701171761102078e+00
1.620588353678887206e+00
5.832165693077005386e+00
-8.109895275808777504e-03
6.931169297854160583e-01
5.859166133412492261e-01
-2.457390919603230639e+00
1.004804727473686432e+00
-8.355057908175211878e-01
-2.608142539911506574e-01
4.047601165882561691e-01
5.031922794229619633e-01
-2.457390919603230639e+00
1.004804727473686432e+00
-8.355057908175211878e-01
-3.054161120645104699e-01
3.877796082997282401e-01
6.139540563498905312e-01
0.000000000000000000e+00
0.000000000000000000e+00
0.000000000000000000e+00
0.000000000000000000e+00
0.000000000000000000e+00
0.000000000000000000e+00
-7.435700637153622727e-01
-1.334631105325888722e-09
4.003893984908760514e-09
0.000000000000000000e+00
-0.000000000000000000e+00
0.000000000000000000e+00
-7.435700647304313016e-01
1.995194000978583321e-02
-1.360308213642918429e-01
0.000000000000000000e+00
0.000000000000000000e+00
0.000000000000000000e+00
5.297677637169561082e-01
4.783233185766497808e-01
-6.880049171313061540e-02
-9.636393505752337621e-03
1.864261156363241842e-02
5.540869293289461817e-02
4.853821901866905986e-01
7.804984877378986496e-01
-1.288348520281335174e+00
-1.927278701150467177e-02
3.728522339796797036e-02
1.108173859054938509e-01
-9.934928627615466912e-01
-3.314557465609528353e-01
-1.510040687638327883e+00
-1.927833095956283105e-01
2.553190946962827779e-01
1.775355044879446675e-01
-1.316285151932730546e+00
-2.794939188202775759e-01
3.826301305862345736e-01
-2.821752412470674987e-01
3.673871091992749749e-01
2.117495883165612935e-01
-2.761776449242052234e+00
8.470251954339121925e-01
1.051759434500715296e-01
-2.623884097528770276e-01
4.187889031972463760e-01
3.173649021878663934e-01
-2.761776449242052678e+00
8.470251954339120815e-01
1.051759434500710855e-01
-2.623884099916761192e-01
4.187889024258462101e-01
3.173649021297306194e-01
-3.025689300169235540e+00
5.864085853906733092e-01
1.250222255280240002e+00
-2.420126624709526553e-01
4.812882061794447885e-01
3.490715315420385711e-01
-3.025689300169235540e+00
5.864085853906733092e-01
1.250222255280240002e+00
-1.972325712200592440e-01
4.988043661490995651e-01
4.492289362277199216e-01
-2.676258150541223291e+00
7.135778155064433914e-01
-8.821833717831475408e-01
-2.227054288767694179e-01
5.239948005988096513e-01
5.121192874596387501e-01
-2.676258150541223291e+00
7.135778155064433914e-01
-8.821833717831475408e-01
-2.563862933018649093e-01
5.462291097287402808e-01
6.322809239898087297e-01
-2.458146217781395748e+00
1.005219108805638584e+00
-8.343895775836071005e-01
-2.597642094001461621e-01
4.042903464279852255e-01
5.030356646519856811e-01
-2.458146217781395748e+00
1.005219108805638584e+00
-8.343895775836071005e-01
-3.043200948125591165e-01
3.872950060726186861e-01
6.138242492700519692e-01
