-2.221441471072811424e+00
nan
-2.221441467085554233e+00
2.610459999999999864e-02
2.799937000000000120e-01
-1.333499999999999686e-01
1.580647769025050886e+00
-9.169706924093465883e-01
-1.580647775890480666e+00
8.860460000000003333e-02
2.799937001121810543e-01
-1.333500001121810108e-01
-8.555365549486110277e-01
-2.768709300594144107e+00
-7.357124028057085985e-01
2.073546000000000833e-01
2.799937003253250012e-01
-1.333500007516129071e-01
-1.222440379018785883e+00
3.168617624477652189e-02
-1.130105779101308494e+00
9.170616949006467344e-02
1.330560705206688954e-01
-2.173724588683478842e-01
-2.862963231458080404e+00
5.180263669813601757e-01
-1.111318868465855925e+00
-2.394226101987073640e-02
-1.388155946663863216e-02
-3.013949166656638701e-01
-7.817902424191970345e-01
-1.793007034944134714e+00
-2.247347057574260010e+00
-9.284447628972185285e-02
-2.085686564594989578e-01
-3.226709359220878426e-01
-2.347340717487422235e-01
5.758295852075097088e-01
-1.823810122576699166e+00
-1.235608689755754580e-01
-3.065410194596543403e-01
-3.375699898697122614e-01
1.204820870636506003e+00
-6.926172706265566470e-01
-2.315206637423848246e+00
-3.661641460132980530e-02
-3.302160151731492466e-01
-3.889919592167795370e-01
1.204820870021325430e+00
-6.926172766806759640e-01
-2.315206634211147030e+00
-3.661641445052879473e-02
-3.302160150053922161e-01
-3.889919590390409354e-01
-7.187809748297295798e-01
1.598640217355208615e-01
-1.079824341334450599e+00
6.556618294817184722e-02
-3.791370339489418262e-01
-4.249976763564327076e-01
-7.187809748297295798e-01
1.598640217355208615e-01
-1.079824341334450599e+00
2.669047024997545092e-02
-3.680934444200205102e-01
-4.085216568998408793e-01
1.781450109174316898e+00
1.874697906152839488e+00
-1.480598734392805316e+00
4.376726469450065160e-02
-3.481843742274081666e-01
-4.762473991214654090e-01
1.781450109174316898e+00
1.874697906152839488e+00
-1.480598734392805316e+00
2.075608309352558467e-02
-3.573672682003628531e-01
-4.403182869111919584e-01
1.388636165702169967e+00
-1.927300307978170757e+00
4.440624795001710950e-02
6.719390763500418529e-02
-3.221751784907379568e-01
-4.486526937113739510e-01
1.388636165702169967e+00
-1.927300307978170757e+00
4.440624795001710950e-02
1.003471695085934451e-01
-3.172599190759447518e-01
-4.766069881334569769e-01
-2.221441471072811424e+00
nan
-2.221441467085554233e+00
2.610459999999999864e-02
2.799937000000000120e-01
1.333500000000000241e-01
1.580237955261343030e+00
-9.173600160163379869e-01
-1.580237962123867357e+00
8.860460000000003333e-02
2.799937001121810543e-01
1.333499998878189818e-01
-8.572488969599668662e-01
-2.768303721918520477e+00
-7.347249126621894222e-01
2.073546000000000833e-01
2.799937003253250012e-01
1.333499992483870855e-01
-1.223066366185686649e+00
3.401890284449236856e-02
-1.128501108507840245e+00
9.150115619417852064e-02
1.331280094559949279e-01
4.948434236903197225e-02
-2.864648320053022612e+00
5.168482975940548174e-01
-1.107637484182487864e+00
-2.435228761164298650e-02
-1.373768159579683013e-02
-3.438131419079580586e-02
-7.813394743233375017e-01
-1.793971971796043174e+00
-2.246542665905777447e+00
-9.313491595031310466e-02
-2.084847240594209783e-01
-5.549504172753673414e-02
-2.353610515504410139e-01
5.750086736618911232e-01
-1.823726111705200825e+00
-1.238018569234945326e-01
-3.064834331654969768e-01
-7.032252448389472721e-02
1.205058002267751727e+00
-6.928245508012218501e-01
-2.315135710677171943e+00
-3.684804984377365589e-02
-3.301688343974267803e-01
-1.217238834428288619e-01
1.205058001652022037e+00
-6.928245568556312683e-01
-2.315135707464573311e+00
-3.684804969299793065e-02
-3.301688342296708045e-01
-1.217238832650678892e-01
-7.195563865267614601e-01
1.576911170813421748e-01
-1.085467373297416938e+00
6.533844392865638395e-02
-3.791005243165277427e-01
-1.577040335109382574e-01
-7.195563865267614601e-01
1.576911170813421748e-01
-1.085467373297416938e+00
2.646608387700915416e-02
-3.678388970110534339e-01
-1.413682905202537088e-01
1.328106005871414697e+00
-1.639452404745195713e+00
3.518867388884745484e-01
4.355332169520761965e-02
-3.481493465864887171e-01
-2.089605171082084822e-01
1.328106005871414697e+00
-1.639452404745195713e+00
3.518867388884745484e-01
7.359197571756073697e-02
-3.467283630781322068e-01
-2.405896365237779055e-01
1.388273789806725222e+00
-1.927732767041745676e+00
4.472745767800020283e-02
6.697603438731278280e-02
-3.221403112031254179e-01
-1.813623244577820259e-01
1.388273789806725222e+00
-1.927732767041745676e+00
4.472745767800020283e-02
1.001405635398904814e-01
-3.172413982059943405e-01
-2.093061213033140522e-01
0.000000000000000000e+00
0.000000000000000000e+00
0.000000000000000000e+00
0.000000000000000000e+00
0.000000000000000000e+00
0.000000000000000000e+00
1.093190157459662665e-01
1.962162894094506732e-10
-5.886489665740122815e-10
0.000000000000000000e+00
-0.000000000000000000e+00
0.000000000000000000e+00
1.093190060510217804e-01
6.538519397281828960e-01
-1.143449683806899930e+00
0.000000000000000000e+00
0.000000000000000000e+00
0.000000000000000000e+00
6.771710990104526928e-01
1.375338953039813905e+00
-7.308861210726667057e-01
-2.229540335598264866e-01
1.414234129066349321e-01
5.955387497370323580e-02
-1.931492070639359571e-01
1.498889689720995344e+00
2.509576226726726866e-01
-4.459080671196529733e-01
2.828468257783512962e-01
1.191077499274392493e-01
-6.510500168089844442e-01
3.837885405024413221e-02
2.885182604394309624e-02
-4.289402619950400397e-01
2.614458433884932487e-01
2.599882284041061253e-01
-1.001349581691449941e+00
2.533264604194419567e-01
-6.623991829508273366e-01
-4.266853890375881253e-01
2.508595900469847706e-01
3.249519969340135539e-01
-2.749427576931786632e+00
7.293285170247361116e-01
3.714748389268450190e-01
-4.553942323370609446e-01
1.417762870119425866e-01
3.266336131085413319e-01
-2.749427576931786632e+00
7.293285170247365556e-01
3.714748389268456297e-01
-4.553942322697485667e-01
1.417762875566405956e-01
3.266336125373222599e-01
-4.710218858346355120e+00
-1.241187981496764792e+00
-2.934274058205679214e+00
-4.634813010530616784e-01
8.073943934680219425e-02
3.866137288857897092e-01
-4.710218858346355120e+00
-1.241187981496764792e+00
-2.934274058205679214e+00
-4.515262201213046112e-01
2.724170921662974476e-01
2.863439378497055765e-01
-4.157083602883330897e+00
-1.335675055780242815e+00
-1.057854586391781204e+00
-5.123573196396258300e-01
-6.826571138054930710e-02
3.174102053907130738e-01
-4.157083602883330897e+00
-1.335675055780242815e+00
-1.057854586391781204e+00
-5.700611051008570573e-01
1.054370958498194177e-01
3.248488020842475454e-01
-2.206021363165942439e+00
1.160493701874583783e+00
1.091756915764848568e+00
-5.018934758620455794e-01
1.630634106418520080e-02
2.288140866238297100e-01
-2.206021363165942439e+00
1.160493701874583783e+00
1.091756915764848568e+00
-5.397005269380995562e-01
-9.166126692506271212e-03
1.794967677483942370e-01
0.000000000000000000e+00
0.000000000000000000e+00
0.000000000000000000e+00
0.000000000000000000e+00
0.000000000000000000e+00
0.000000000000000000e+00
1.046042453075785722e-01
1.877537657165227360e-10
-5.632613912537228771e-10
0.000000000000000000e+00
-0.000000000000000000e+00
0.000000000000000000e+00
1.046042356036641918e-01
6.537185927916348005e-01
-1.144793175566667154e+00
0.000000000000000000e+00
0.000000000000000000e+00
0.000000000000000000e+00
6.764576470189168633e-01
1.378648674184739242e+00
-7.308317064134506325e-01
-2.229553798308110402e-01
1.414009347660649951e-01
6.037277692501612225e-02
-1.865213162479643638e-01
1.500656737563821341e+00
2.476413559621625793e-01
-4.459107596616220803e-01
2.828018694987061155e-01
1.207455538309459842e-01
-6.446282059903353234e-01
3.673883761377280677e-02
2.614642387343624197e-02
-4.293677954794066221e-01
2.618302858992225257e-01
2.602891431704328906e-01
-9.949859276116190809e-01
2.509897244629365476e-01
-6.652663456305827339e-01
-4.273502241732765050e-01
2.514702414530524122e-01
3.245885429753763707e-01
-2.749341717533768215e+00
7.288597825046521095e-01
3.717931502437568647e-01
-4.560085374177598183e-01
1.424791711542069961e-01
3.263306718110390303e-01
-2.749341717533767770e+00
7.288597825046523315e-01
3.717931502437573088e-01
-4.560085373505674555e-01
1.424791716989899648e-01
3.263306712399263176e-01
-4.698700980288545104e+00
-1.230782173390353229e+00
-2.915932287343236951e+00
-4.640405546291136996e-01
8.154968200084408703e-02
3.863809825891636462e-01
-4.698700980288545104e+00
-1.230782173390353229e+00
-2.915932287343236951e+00
-4.513081532230759363e-01
2.716556233647449137e-01
2.856225555401084581e-01
-2.260455033931907831e+00
1.446112221388370811e+00
8.683198358429626840e-01
-5.129067799877786715e-01
-6.747146587083525937e-02
3.171639179020739885e-01
-2.260455033931907831e+00
1.446112221388370811e+00
8.683198358429626840e-01
-5.598799042930974190e-01
-1.128845089429593440e-01
2.705125838816935246e-01
-2.206058398040020130e+00
1.160026363126297255e+00
1.092167090995983525e+00
-5.024615484950493149e-01
1.711380065056820887e-02
2.285843186113447612e-01
-2.206058398040020130e+00
1.160026363126297255e+00
1.092167090995983525e+00
-5.402275210788309856e-01
-8.310639724819629537e-03
1.793053023150955883e-01
