-2.221441471072811424e+00
nan
-2.221441467085554233e+00
2.610459999999999864e-02
2.799937000000000120e-01
-1.333499999999999686e-01
1.322223654499029344e+00
-1.132043320676254350e+00
-1.322223659586892808e+00
8.860460000000003333e-02
2.799937001121810543e-01
-1.333500001121810108e-01
-1.747007890391777396e+00
-2.496227465268596291e+00
-1.934318295325164749e-01
2.073546000000000833e-01
2.799937003253250012e-01
-1.333500007516129071e-01
-1.174397052408698627e+00
1.044142982193200231e+00
-7.918524083493307941e-01
1.475041081191541537e-02
2.106275947401669568e-01
-1.441652540149080119e-01
-2.646851300908433569e+00
1.276882855232989167e+00
1.872271848237168634e-01
-1.778537783761693081e-01
1.412614890983240334e-01
-1.549805069146418246e-01
6.613387391297264051e-01
1.569382387001376999e+00
1.676606471779744867e+00
-3.401417235797835059e-01
1.254190591336229454e-02
-1.690212243563711247e-01
1.758402083772555857e-01
-1.078901172725207219e-01
-2.225690215044077824e+00
-4.215258637512357409e-01
-5.056522759937631672e-02
-1.815979460420411584e-01
-4.393195570763886448e-01
-1.693460245509621931e+00
-6.108517929984593753e-01
-3.408325571943361387e-01
-1.141481734302578210e-01
-1.671113392488192684e-01
-4.393195574708756990e-01
-1.693460245252317975e+00
-6.108517872565263351e-01
-3.408325571349751226e-01
-1.141481734188883879e-01
-1.671113395295706350e-01
8.724831562392836026e-02
2.892261761629983496e+00
3.713932903416690690e-01
-2.325013882233364637e-01
-1.595779227908308839e-01
-1.489053872226866471e-01
8.724831562392836026e-02
2.892261761629983496e+00
3.713932903416690690e-01
-2.096531485207946965e-01
-1.965481856062150368e-01
-1.528927089386535598e-01
-1.488615658774652406e-01
-2.224484855277535783e-02
1.153757923054075318e+00
-2.723992906255495727e-01
-2.068386451882362476e-01
-1.335960578206890070e-01
-1.488615658774652406e-01
-2.224484855277535783e-02
1.153757923054075318e+00
-2.496147144705835041e-01
-2.435590399113830851e-01
-1.274954983852893409e-01
1.241672854773176460e-01
-3.517619445953185653e-01
3.813170077437099681e-01
-2.631526551005940462e-01
-2.050626028443942872e-01
-1.771632362244083825e-01
1.241672854773176460e-01
-3.517619445953185653e-01
3.813170077437099681e-01
-2.706454274641457713e-01
-2.466993784423561209e-01
-1.878860345869146631e-01
-2.221441471072811424e+00
nan
-2.221441467085554233e+00
2.610459999999999864e-02
2.799937000000000120e-01
1.333500000000000241e-01
1.321116518380670790e+00
-1.132845023764806669e+00
-1.321116523461133507e+00
8.860460000000003333e-02
2.799937001121810543e-01
1.333499998878189818e-01
-1.746474061281623857e+00
-2.497877399219970318e+00
-1.916407742249040536e-01
2.073546000000000833e-01
2.799937003253250012e-01
1.333499992483870855e-01
-1.171906154265158984e+00
1.046498814009762190e+00
-7.868142030947000709e-01
1.481422031973955722e-02
2.104383890460976014e-01
1.226140379299525823e-01
-2.643206612582571946e+00
1.276015384578182976e+00
1.934436701978388407e-01
-1.777261593605209689e-01
1.408830777107407117e-01
1.118780769751655385e-01
6.620698554141539738e-01
1.567827887493855599e+00
1.676851136052047275e+00
-3.400910910982687940e-01
1.228340452069262567e-02
9.763016494535081691e-02
1.767109216853679499e-01
-1.072191842778325854e-01
-2.225250322325783792e+00
-4.215274526043548686e-01
-5.073692342159789870e-02
8.495657860618774371e-02
-4.391414267079178368e-01
-1.693293879131682722e+00
-6.104697284820785885e-01
-3.408093082080748681e-01
-1.142918415521935460e-01
9.942779302083132320e-02
-4.391414271018460602e-01
-1.693293878874382763e+00
-6.104697227402841042e-01
-3.408093081487875708e-01
-1.142918415408251120e-01
9.942779274006431633e-02
1.323202764727651470e-01
2.894186524068919297e+00
3.768961277049818759e-01
-2.324584400102248649e-01
-1.596840581389228908e-01
1.176101201788491840e-01
1.323202764727651470e-01
2.894186524068919297e+00
3.768961277049818759e-01
-2.107338365222133636e-01
-1.972764879434757701e-01
1.131838407831893684e-01
-1.222537955897239070e-01
-7.408111800881828080e-02
3.596548552798569665e-01
-2.723367404747667475e-01
-2.069569659055514876e-01
1.329328943306647137e-01
-1.222537955897239070e-01
-7.408111800881828080e-02
3.596548552798569665e-01
-2.828136142998760039e-01
-2.491768592713644037e-01
1.364623197289594747e-01
1.241493448934642280e-01
-3.515069721207181308e-01
3.819412383968417424e-01
-2.631015533364630121e-01
-2.051810694275109370e-01
8.936328176387922650e-02
1.241493448934642280e-01
-3.515069721207181308e-01
3.819412383968417424e-01
-2.705707242629827314e-01
-2.468242669114548704e-01
7.864895893909558400e-02
0.000000000000000000e+00
0.000000000000000000e+00
0.000000000000000000e+00
0.000000000000000000e+00
0.000000000000000000e+00
0.000000000000000000e+00
-7.585127915991244363e-01
-1.361451751294933080e-09
4.084355936258682620e-09
0.000000000000000000e+00
-0.000000000000000000e+00
0.000000000000000000e+00
-7.585127927039869711e-01
2.302665581991245047e-02
-1.476867196223726197e-01
0.000000000000000000e+00
0.000000000000000000e+00
0.000000000000000000e+00
5.296956548210383087e-01
4.869729678727316990e-01
-7.535028599500617763e-02
-1.049349170135023372e-02
2.024157293017216086e-02
5.705010884030515400e-02
4.943023195968312411e-01
7.744274776604012089e-01
-1.288700997466426079e+00
-2.098698340270046050e-02
4.048314613611022489e-02
1.141002177236065257e-01
-9.616458498039770486e-01
-3.545482087625155265e-01
-1.513696369743368297e+00
-1.977415560395641148e-01
2.565641421970348834e-01
1.761540732364669237e-01
-1.276831473058090305e+00
-3.243656115945318663e-01
3.744247721334659218e-01
-2.888075407969475927e-01
3.676606675160832283e-01
2.079861851525514893e-01
-2.762563477189656780e+00
8.463289800668153395e-01
1.076961357276223774e-01
-2.696994678650585509e-01
4.163711959277491270e-01
3.153450252720823022e-01
-2.762563477189656336e+00
8.463289800668148954e-01
1.076961357276218223e-01
-2.696994681038908936e-01
4.163711951585485904e-01
3.153450251904345025e-01
-3.085873165327706058e+00
5.023144451511316610e-01
1.444746641099235784e+00
-2.493986346024281708e-01
4.783331423396429138e-01
3.491637838888096423e-01
-3.085873165327706058e+00
5.023144451511316610e-01
1.444746641099235784e+00
-1.979888608747409351e-01
4.990386908200894478e-01
4.517723249770538851e-01
-3.328852911712452567e+00
1.483927050896800548e+00
6.060513736602650248e+00
-2.313521082902322279e-01
5.163292866935108583e-01
5.134912805363507360e-01
-3.328852911712452567e+00
1.483927050896800548e+00
6.060513736602650248e+00
2.451335146639171958e-04
6.747233885029568778e-01
6.019174245301561754e-01
-2.450365949822669975e+00
1.030181778841783302e+00
-8.243611866987142767e-01
-2.684155468503613418e-01
3.969680177457095560e-01
5.007591552104256882e-01
-2.450365949822669975e+00
1.030181778841783302e+00
-8.243611866987142767e-01
-3.137857200838537475e-01
3.768699884686906310e-01
6.105034099580188833e-01
0.000000000000000000e+00
0.000000000000000000e+00
0.000000000000000000e+00
0.000000000000000000e+00
0.000000000000000000e+00
0.000000000000000000e+00
-7.509094363154423801e-01
-1.347804517548402837e-09
4.043414228178954667e-09
0.000000000000000000e+00
-0.000000000000000000e+00
0.000000000000000000e+00
-7.509094374248439507e-01
2.289921447638219518e-02
-1.483576347235973092e-01
0.000000000000000000e+00
0.000000000000000000e+00
0.000000000000000000e+00
5.348945413056089837e-01
4.873965640991231862e-01
-7.666181001356006663e-02
-1.056490654469071852e-02
2.050310064430627133e-02
5.663876311225684440e-02
4.967053484652630413e-01
7.791998945467006887e-01
-1.282283682772212607e+00
-2.112981308938143357e-02
4.100620156167882752e-02
1.132775262666618626e-01
-9.632754846447437735e-01
-3.506206081187457357e-01
-1.509494142568603037e+00
-1.971330471819615626e-01
2.562811182930884724e-01
1.759161184704153280e-01
-1.278653723309763457e+00
-3.220668459403550066e-01
3.750386578008869654e-01
-2.878182425243188680e-01
3.670006739555803366e-01
2.080687888172540190e-01
-2.763040014579936532e+00
8.466920490174881797e-01
1.089166757289302678e-01
-2.686433897154259509e-01
4.157767706822372844e-01
3.153301596954553032e-01
-2.763040014579936532e+00
8.466920490174881797e-01
1.089166757289298237e-01
-2.686433899543871906e-01
4.157767699129242267e-01
3.153301596138458063e-01
-3.071226302854875190e+00
5.183060449328266150e-01
1.385294054815050302e+00
-2.483045885435031797e-01
4.778164845544771722e-01
3.490108518678063376e-01
-3.071226302854875190e+00
5.183060449328266150e-01
1.385294054815050302e+00
-1.985221863965360989e-01
4.943173429058988488e-01
4.532057177601696019e-01
-2.669082938858570841e+00
7.406238145667669581e-01
-8.809932179292746524e-01
-2.301821095342887757e-01
5.158105107499973974e-01
5.133924275642054447e-01
-2.669082938858570841e+00
7.406238145667669581e-01
-8.809932179292746524e-01
-2.647635727495532554e-01
5.344608946495819080e-01
6.338402468844120952e-01
-2.451136132688857661e+00
1.030579917196871254e+00
-8.232320357960707380e-01
-2.672655788141854449e-01
3.964317936910628504e-01
5.006661950124375871e-01
-2.451136132688857661e+00
1.030579917196871254e+00
-8.232320357960707380e-01
-3.125895589855365309e-01
3.763183906654903321e-01
6.104369186010123460e-01
