-2.221441471072811424e+00
nan
-2.221441467085554233e+00
2.610459999999999864e-02
2.799937000000000120e-01
-1.333499999999999686e-01
1.418844567797524991e+00
-1.058356426687391716e+00
-1.418844573537922260e+00
8.860460000000003333e-02
2.799937001121810543e-01
-1.333500001121810108e-01
-1.636871313483872159e+00
-2.466818416515013546e+00
-3.589772353330064614e-01
2.073546000000000555e-01
2.799937003253250012e-01
-1.333500007516129071e-01
-1.217220384086536100e+00
9.137663752322582322e-01
-8.784973890057686807e-01
1.846571206479460936e-02
2.036359758356137140e-01
-1.560543158779219008e-01
-2.821137672226539994e+00
9.972930827613297744e-01
-2.346010902591118621e-02
-1.704231758704108368e-01
1.272782512410322586e-01
-1.787586306515380474e-01
6.398224072256775141e-01
1.674637295743411025e+00
1.971890396025283820e+00
-3.004647496312619626e-01
-3.345846672231667096e-02
-1.976304772006161059e-01
1.372909636079996387e-01
1.351984773136784834e-01
-2.279511244530937120e+00
-3.651815883288103692e-01
-1.131340242910718469e-01
-2.127168556627746510e-01
-7.441704230490799044e-02
-1.613238427213621984e+00
-1.049144266463485575e+00
-2.866344300248224730e-01
-1.806982322296948329e-01
-2.181467937834893345e-01
-7.441704276873689627e-02
-1.613238428384147660e+00
-1.049144260786281979e+00
-2.866344299255719763e-01
-1.806982320955276000e-01
-2.181467940172046038e-01
7.719338977211035457e-01
2.619452263131931247e+00
1.143404980556870454e+00
-1.815130280083859515e-01
-2.353188858456979060e-01
-2.082961073391372264e-01
7.719338977211035457e-01
2.619452263131931247e+00
1.143404980556870454e+00
-1.746252094722064441e-01
-2.688085447815114493e-01
-2.354206686219588729e-01
3.739452228849045601e-01
-2.254424323325833757e-01
-1.087180754805845972e-01
-2.226025295789705871e-01
-2.821112294444826363e-01
-2.217840095323692362e-01
3.739452228849045601e-01
-2.254424323325833757e-01
-1.087180754805845972e-01
-2.487374062079312775e-01
-3.118700024427923934e-01
-2.401177155907218419e-01
5.087254113908534769e-01
-6.318538917316917081e-01
4.405446281624958438e-01
-2.071663428783075411e-01
-2.612825618982128617e-01
-2.580420345391072900e-01
5.087254113908534769e-01
-6.318538917316917081e-01
4.405446281624958438e-01
-2.058560020573750871e-01
-2.954148978504129164e-01
-2.852083330353902824e-01
-2.221441471072811424e+00
nan
-2.221441467085554233e+00
2.610459999999999864e-02
2.799937000000000120e-01
1.333500000000000241e-01
1.417199565833959785e+00
-1.059674433470234600e+00
-1.417199571563133365e+00
8.860460000000003333e-02
2.799937001121810543e-01
1.333499998878189818e-01
-1.637033243380254133e+00
-2.468710865359768469e+00
-3.563468138052300893e-01
2.073546000000001110e-01
2.799937003253250012e-01
1.333499992483870855e-01
-1.215559421979139909e+00
9.161110154364929814e-01
-8.739581036343710974e-01
1.851476939543306166e-02
2.034723523489076202e-01
1.107889336461043983e-01
-2.817554417487242890e+00
9.985730690846144064e-01
-1.766138086668541177e-02
-1.703250612091340432e-01
1.269510042684335038e-01
8.822786839675540727e-02
6.409164310020908362e-01
1.671795766528845428e+00
1.971823473280079231e+00
-3.006253055612077008e-01
-3.353928374801570800e-02
6.904548652726058555e-02
1.390808114618887759e-01
1.360613005581590151e-01
-2.279207520327515279e+00
-3.654860233367467903e-01
-1.130685637363600393e-01
5.380595194849439877e-02
-7.428306287758994209e-02
-1.613178822226212450e+00
-1.048906357172959103e+00
-2.869227013991779152e-01
-1.806138331048643686e-01
4.837423655921673643e-02
-7.428306334112610987e-02
-1.613178823396771655e+00
-1.048906351495834555e+00
-2.869227012999751025e-01
-1.806138329706840906e-01
4.837423632548873420e-02
7.984735849374831052e-01
2.617848434405088742e+00
1.148407105964009967e+00
-1.817873256086229017e-01
-2.352083228167388684e-01
5.822083176996936671e-02
7.984735849374831052e-01
2.617848434405088742e+00
1.148407105964009967e+00
-1.756637230738651301e-01
-2.685957770528881738e-01
3.078872437306407264e-02
2.952564944858475648e-01
-3.268568733580929919e-01
4.697028287456245232e-01
-2.228662500684364667e-01
-2.820113523301826519e-01
4.473778842105719661e-02
2.952564944858475648e-01
-3.268568733580929919e-01
4.697028287456245232e-01
-2.261068030418692532e-01
-3.223284971290076850e-01
2.834364994698814616e-02
5.086840949702424730e-01
-6.318085707334397672e-01
4.410582415615740270e-01
-2.074374661867913472e-01
-2.611806479472269515e-01
8.477782742025638529e-03
5.086840949702424730e-01
-6.318085707334397672e-01
4.410582415615740270e-01
-2.061086487392670974e-01
-2.953173190855805652e-01
-1.868217035795320669e-02
0.000000000000000000e+00
0.000000000000000000e+00
0.000000000000000000e+00
0.000000000000000000e+00
0.000000000000000000e+00
0.000000000000000000e+00
-7.882599428212865300e-01
-1.414844800925732076e-09
4.244535111912234614e-09
0.000000000000000000e+00
-0.000000000000000000e+00
0.000000000000000000e+00
-7.882599460770458588e-01
1.242560244136606956e-01
-4.178900188034805896e-01
0.000000000000000000e+00
0.000000000000000000e+00
0.000000000000000000e+00
6.118831117093856964e-01
6.902593460920933843e-01
-2.495937835957151851e-01
-3.473027885742654974e-02
6.103787871383090785e-02
8.366031805957178935e-02
6.684128122354281443e-01
8.090199913143599764e-01
-1.119301800836823180e+00
-6.946055771485308561e-02
1.220757577056754278e-01
1.673206362018085924e-01
-6.069319892996731802e-01
-7.611093629578834507e-01
-1.416602082076208413e+00
-2.646411567230511075e-01
2.802457094237953417e-01
1.650883873929431256e-01
-6.867529751339181976e-01
-9.701500084998917472e-01
2.981477537550794588e-02
-3.660273335648575599e-01
3.627673121767670539e-01
1.641894401729691311e-01
-2.780151552528399961e+00
8.305366096980124624e-01
1.745306963445511506e-01
-3.587450673677782809e-01
3.613801518987910244e-01
2.867918872836413557e-01
-2.780151552528399961e+00
8.305366096980124624e-01
1.745306963445505399e-01
-3.587450675853036119e-01
3.613801512663494808e-01
2.867918868282047784e-01
-4.060351057328009716e+00
-1.418770766703052688e+00
2.626579756413100597e+00
-3.410307309346924387e-01
4.071134646051708939e-01
3.513384093968551225e-01
-4.060351057328009716e+00
-1.418770766703052688e+00
2.626579756413100597e+00
-2.145839361169927795e-01
3.150696282538836268e-01
4.970904170519266918e-01
-4.507553082404127665e+00
-1.706520248260681827e+00
6.755040092960155285e+00
-3.440662271823083929e-01
3.624436730607413781e-01
5.155545514280730490e-01
-4.507553082404127665e+00
-1.706520248260681827e+00
6.755040092960155285e+00
-1.117576818471877065e-01
1.032613803523258489e-01
6.050941042320525654e-01
-2.338610448194919478e+00
1.399602569635209015e+00
-5.191589939527230246e-01
-3.778150861965299812e-01
2.643349569604160898e-01
4.448273808431791876e-01
-2.338610448194919478e+00
1.399602569635209015e+00
-5.191589939527230246e-01
-4.335572165736053529e-01
2.001232922358961996e-01
5.228156619422184015e-01
0.000000000000000000e+00
0.000000000000000000e+00
0.000000000000000000e+00
0.000000000000000000e+00
0.000000000000000000e+00
0.000000000000000000e+00
-7.859410004738468514e-01
-1.410682540044913090e-09
4.232048327183609956e-09
0.000000000000000000e+00
-0.000000000000000000e+00
0.000000000000000000e+00
-7.859410036936691490e-01
1.219385098697975817e-01
-4.135841238352505056e-01
0.000000000000000000e+00
0.000000000000000000e+00
0.000000000000000000e+00
6.160576997794793286e-01
6.900539887567371800e-01
-2.460845866491829237e-01
-3.439907737813603650e-02
6.036948934193016314e-02
8.316811258056382161e-02
6.702562685975592682e-01
8.121081196156767490e-01
-1.113711830637195144e+00
-6.879815475627207300e-02
1.207389789612453579e-01
1.663362252429100574e-01
-6.086164273512124634e-01
-7.559877663647222024e-01
-1.414193005378392654e+00
-2.631162552923478337e-01
2.787130143257281478e-01
1.645844900770829788e-01
-6.897897254532016076e-01
-9.665478727668339598e-01
3.011962726748498853e-02
-3.640651050680047685e-01
3.611635566378935125e-01
1.639534071774609025e-01
-2.780499380968325607e+00
8.309518185011572911e-01
1.746672246339228129e-01
-3.567806537759621865e-01
3.597831131444385599e-01
2.864806516870771480e-01
-2.780499380968325607e+00
8.309518185011570690e-01
1.746672246339223689e-01
-3.567806539936158039e-01
3.597831125118854390e-01
2.864806512315560827e-01
-4.033038724398013031e+00
-1.371162568545646110e+00
2.575246198359081529e+00
-3.390627395812642053e-01
4.055252693327625058e-01
3.509181648332615477e-01
-4.033038724398013031e+00
-1.371162568545646110e+00
2.575246198359081529e+00
-2.154679461477722602e-01
3.106603020570952722e-01
4.939675152570290884e-01
-2.542744752330319713e+00
1.180370163806699013e+00
-7.316327017288366541e-01
-3.420915437013999916e-01
3.608605339212009877e-01
5.151885664047876068e-01
-2.542744752330319713e+00
1.180370163806699013e+00
-7.316327017288366541e-01
-3.909400371926637363e-01
3.215453188743333524e-01
6.215298268150167837e-01
-2.339141599050019948e+00
1.400092475884441967e+00
-5.190778441438509416e-01
-3.758603026809940739e-01
2.627345134368295199e-01
4.444482297391310066e-01
-2.339141599050019948e+00
1.400092475884441967e+00
-5.190778441438509416e-01
-4.316063383223930350e-01
1.985137776164997980e-01
5.224382699418415044e-01
