-2.221441471072811424e+00
nan
-2.221441467085554233e+00
2.610459999999999864e-02
2.799937000000000120e-01
-1.333499999999999686e-01
1.528348389172744515e+00
-9.653196150399666609e-01
-1.528348395669777204e+00
8.860460000000003333e-02
2.799937001121810543e-01
-1.333500001121810108e-01
-1.396639486036643341e+00
-2.509082003925606763e+00
-5.665089911671374878e-01
2.073546000000000555e-01
2.799937003253250012e-01
-1.333500007516129071e-01
-1.260490552024124744e+00
6.384046772075583354e-01
-9.922039318529687346e-01
3.311986904028016432e-02
1.824572482468150847e-01
-1.797601186498747894e-01
-2.980486989542082021e+00
6.797980779444021682e-01
-3.868398955549252061e-01
-1.411148619194397269e-01
8.492079601020892377e-02
-2.261702362158783952e-01
7.254681795144818368e-01
1.891426814147026736e+00
2.265037738299628955e+00
-2.308572002341949536e-01
-1.018758950998605722e-01
-2.386825862800882048e-01
-1.229848939264142904e-01
3.731120951094309413e-01
-2.194387066794371233e+00
-2.743115863055362591e-01
-1.953481613574704068e-01
-2.504602885954514413e-01
4.310303581298565168e-01
-1.370756298021297503e+00
-1.601111073110506933e+00
-1.950817060698365468e-01
-2.541496780477551232e-01
-2.825394128471959698e-01
4.310303575906495599e-01
-1.370756301147352474e+00
-1.601111067955966805e+00
-1.950817059301705181e-01
-2.541496778122723788e-01
-2.825394129338885119e-01
-1.496183109625370156e+00
-1.428708470582013224e+00
-1.775482320774438794e+00
-9.287775007683701789e-02
-3.143207429703890887e-01
-2.905864813956044457e-01
-1.496183109625370156e+00
-1.428708470582013224e+00
-1.775482320774438794e+00
-1.138906186454095443e-01
-3.073793154397204686e-01
-3.282031939442360269e-01
1.143868590240416205e+00
2.977404344389025237e-01
-1.289405642539076524e+00
-1.298941379820175712e-01
-3.396237843285561109e-01
-3.358560869697652662e-01
1.143868590240416205e+00
2.977404344389025237e-01
-1.289405642539076524e+00
-1.687931925224409324e-01
-3.198358644735940226e-01
-3.356489438193419605e-01
9.551135258331931999e-01
-1.094931579728675608e+00
4.230524663258663498e-01
-1.081889229775465228e-01
-3.030840435772925168e-01
-3.492905432832947299e-01
9.551135258331931999e-01
-1.094931579728675608e+00
4.230524663258663498e-01
-9.325924529470212831e-02
-3.192217404550166115e-01
-3.869922751848808296e-01
-2.221441471072811424e+00
nan
-2.221441467085554233e+00
2.610459999999999864e-02
2.799937000000000120e-01
1.333500000000000241e-01
1.526894469564849866e+00
-9.666260666113677402e-01
-1.526894476051708915e+00
8.860460000000003333e-02
2.799937001121810543e-01
1.333499998878189818e-01
-1.398228961375783896e+00
-2.509774186586521516e+00
-5.639204231071064388e-01
2.073546000000000555e-01
2.799937003253250012e-01
1.333499992483870855e-01
-1.260084822074563071e+00
6.412566399341214085e-01
-9.891015919156310732e-01
3.304079963258493846e-02
1.824762254553665697e-01
8.719763098351913932e-02
-2.978824443719169768e+00
6.812719708846207700e-01
-3.814786439624734959e-01
-1.412730007348301509e-01
8.495875042800392352e-02
4.104526305123788049e-02
7.254435601198316874e-01
1.888986631329496513e+00
2.265345464286496746e+00
-2.312039786462819768e-01
-1.017294144780085813e-01
2.827035420947020955e-02
-1.209775358816670005e-01
3.738733589723904349e-01
-2.194394488340336125e+00
-2.747684046583216411e-01
-1.951332679333700471e-01
1.635719149208532744e-02
4.313315922004555825e-01
-1.370838403157120133e+00
-1.600903481661141381e+00
-1.955186001205167501e-01
-2.539177486737896894e-01
-1.570393457670652901e-02
4.313315916611220047e-01
-1.370838406283540145e+00
-1.600903476506735812e+00
-1.955185999808859987e-01
-2.539177484382777461e-01
-1.570393466337659943e-02
-1.498504440074481359e+00
-1.423183803759940247e+00
-1.772107224431856753e+00
-9.329938451527203247e-02
-3.140659314079271014e-01
-2.372821408298685097e-02
-1.498504440074481359e+00
-1.423183803759940247e+00
-1.772107224431856753e+00
-1.144931651851276988e-01
-3.070143221323634597e-01
-6.122274157904737668e-02
7.933272071882441212e-01
-7.700633281225192084e-01
5.432223575647894265e-01
-1.303006839896007907e-01
-3.393785697946355429e-01
-6.900478903598845914e-02
7.933272071882441212e-01
-7.700633281225192084e-01
5.432223575647894265e-01
-1.206080202923836553e-01
-3.643890685952311803e-01
-1.034325154321368845e-01
9.550408068651434768e-01
-1.095168829491645068e+00
4.236058909521665528e-01
-1.086009481972247115e-01
-3.028342897608837236e-01
-8.243574925318072899e-02
9.550408068651434768e-01
-1.095168829491645068e+00
4.236058909521665528e-01
-9.364979927958751171e-02
-3.189753968473747481e-01
-1.201275113859739674e-01
0.000000000000000000e+00
0.000000000000000000e+00
0.000000000000000000e+00
0.000000000000000000e+00
0.000000000000000000e+00
0.000000000000000000e+00
-5.258567812921419726e-01
-9.438583551256351885e-10
2.831575538448603159e-09
0.000000000000000000e+00
-0.000000000000000000e+00
0.000000000000000000e+00
-5.258567879386772947e-01
3.844390527323198747e-01
-8.079449427110259041e-01
0.000000000000000000e+00
0.000000000000000000e+00
0.000000000000000000e+00
6.576532940194872445e-01
1.046966976669259086e+00
-4.926987128596015397e-01
-9.664594494881152686e-02
1.163669941976866046e-01
1.182728403201652317e-01
7.113110475271832156e-01
1.047561909937145597e+00
-6.953931325850738476e-01
-1.932918898976230537e-01
2.327339885700934474e-01
2.365456807234664338e-01
-2.687968382142895685e-01
-1.060692596450410807e+00
-9.610376384412073758e-01
-3.362964874162464590e-01
3.040403671675004915e-01
1.976857860225817443e-01
-2.250048215076459468e-01
-1.104886512858646919e+00
-7.718708300017577129e-01
-4.136343317911050366e-01
3.426358585936161716e-01
1.767190900641819884e-01
-2.777390573246236727e+00
7.894007555598878678e-01
2.615561918616166048e-01
-4.235777155541279870e-01
2.742626675487613852e-01
2.774897409192889075e-01
-2.777390573246236727e+00
7.894007555598883119e-01
2.615561918616162718e-01
-4.235777156841550872e-01
2.742626673445128782e-01
2.774897401550087683e-01
-4.581041253181344253e+00
-2.547671731291308195e+00
6.532923870428574142e-01
-4.141919629448618245e-01
2.786448927428665789e-01
3.639284093355164007e-01
-4.581041253181344253e+00
-2.547671731291308195e+00
6.532923870428574142e-01
-3.228917095215976252e-01
9.259363368274056705e-02
2.785955522160630249e-01
-4.222180930486929995e+00
-2.068244276968263407e+00
1.931280588285756883e+00
-4.433096566488431423e-01
1.432316515096656306e-01
4.634256024585967637e-01
-4.222180930486929995e+00
-2.068244276968263407e+00
1.931280588285756883e+00
-4.819541047826616520e-01
6.898125843267535751e-02
2.994246776602653703e-01
-2.221350680385258070e+00
1.610148561915617282e+00
1.304353471823284094e-01
-4.634720220557906334e-01
1.115960525678875992e-01
3.448063578230564086e-01
-2.221350680385258070e+00
1.610148561915617282e+00
1.304353471823284094e-01
-5.220724853638885055e-01
2.979464244847890297e-02
3.566148427113443597e-01
0.000000000000000000e+00
0.000000000000000000e+00
0.000000000000000000e+00
0.000000000000000000e+00
0.000000000000000000e+00
0.000000000000000000e+00
-5.291608189127520179e-01
-9.497887598000778313e-10
2.849366755444311561e-09
0.000000000000000000e+00
-0.000000000000000000e+00
0.000000000000000000e+00
-5.291608255265229932e-01
3.807961780054105461e-01
-8.046018421925824615e-01
0.000000000000000000e+00
0.000000000000000000e+00
0.000000000000000000e+00
6.624805233647648173e-01
1.047443656501906961e+00
-4.890957270058965412e-01
-9.603738536749735488e-02
1.158311796041706365e-01
1.179804564589589239e-01
7.175477800722538380e-01
1.048598263928659069e+00
-6.995199706245539550e-01
-1.920747707349946820e-01
2.316623593843330775e-01
2.359609130012099709e-01
-2.662305799688193808e-01
-1.060661473556175460e+00
-9.685447863715216377e-01
-3.360626175993248754e-01
3.037374818912251806e-01
1.963047020184928160e-01
-2.211414068543917089e-01
-1.106664815812565594e+00
-7.727440921137511687e-01
-4.138926001679889555e-01
3.427599313569418826e-01
1.749645558066774409e-01
-2.777547122000124435e+00
7.895793886005688655e-01
2.614697573706085132e-01
-4.238370401924596576e-01
2.744300705749947999e-01
2.756672089208304088e-01
-2.777547122000123991e+00
7.895793886005690876e-01
2.614697573706082911e-01
-4.238370403224717142e-01
2.744300703707739375e-01
2.756672081564352506e-01
-4.559239453893550120e+00
-2.508489378581891138e+00
6.483023209954306143e-01
-4.144459151532106644e-01
2.788694896291185610e-01
3.620214350067524345e-01
-4.559239453893550120e+00
-2.508489378581891138e+00
6.483023209954306143e-01
-3.249628658344970722e-01
9.418298336504742074e-02
2.767070860818339750e-01
-2.377556146667573422e+00
1.580962275787070936e+00
-2.008292211280184869e-01
-4.435768761051468445e-01
1.434369483784362076e-01
4.615439443243514184e-01
-2.377556146667573422e+00
1.580962275787070936e+00
-2.008292211280184869e-01
-5.030286517727231566e-01
5.963652576851613540e-02
5.056840738217384112e-01
-2.221665617316984420e+00
1.610449279676295475e+00
1.304416127735994468e-01
-4.637369094954645887e-01
1.118056481341144492e-01
3.429068203712992702e-01
-2.221665617316984420e+00
1.610449279676295475e+00
1.304416127735994468e-01
-5.223321086316383699e-01
3.001740812523229218e-02
3.546888960060461393e-01
