-2.221441471072811424e+00
nan
-2.221441467085554233e+00
2.610459999999999864e-02
2.799937000000000120e-01
-1.333499999999999686e-01
1.429218266781186797e+00
-1.049992392619413906e+00
-1.429218272592455596e+00
8.860460000000003333e-02
2.799937001121810543e-01
-1.333500001121810108e-01
-2.258750366076186233e-01
3.075482275571619351e+00
4.704329763741328385e-01
2.073546000000000833e-01
2.799937003253250012e-01
-1.333500007516129071e-01
-8.419754768108913545e-01
-1.101716815278241057e+00
-1.302111816778208420e+00
2.373049965353633550e-01
8.646643696276926083e-02
-1.939731983147116867e-01
-1.359075961605230809e+00
8.982635060911214886e-01
-1.382154928504092606e+00
2.672553930707266545e-01
-1.070608265097791056e-01
-2.545963955266813961e-01
1.948430207297905115e-01
-4.181064181407433966e-01
-3.033435009616026967e+00
2.840646127650311437e-01
-1.632355846310497016e-01
-4.537573773561687784e-01
9.429118951127472004e-01
1.059161973562542824e+00
-1.328801915686030233e+00
2.981091664151181986e-01
-1.906695508046352405e-01
-5.528239737080996585e-01
-1.332162710812270223e+00
-1.074860061813641687e+00
1.455240193695028550e+00
4.016059113580147666e-01
-1.863981760810044241e-01
-5.586756097353446915e-01
-1.332162710860011590e+00
-1.074860056853904400e+00
1.455240197618262510e+00
4.016059113735465091e-01
-1.863981763585524920e-01
-5.586756096632324864e-01
5.682526767880247132e-01
-1.739885346330946714e+00
1.844825143816593682e+00
5.147339051380379615e-01
-1.923204053604797570e-01
-5.947026164169155749e-01
5.682526767880247132e-01
-1.739885346330946714e+00
1.844825143816593682e+00
5.566297768317606254e-01
-1.937839722533043763e-01
-5.825644521577139079e-01
-1.844721893609967689e-01
2.642950100835237404e+00
1.684383873869308434e+00
5.160342423703507819e-01
-1.532247086117439205e-01
-5.444071923390418899e-01
-1.844721893609967689e-01
2.642950100835237404e+00
1.684383873869308434e+00
5.440697686390141286e-01
-1.658665753165287082e-01
-5.753738453333121505e-01
-6.233946070052055477e-01
1.975035896940084967e+00
1.866851601148359130e+00
5.184635119513828494e-01
-1.963090082246815582e-01
-5.332449611478643492e-01
-6.233946070052055477e-01
1.975035896940084967e+00
1.866851601148359130e+00
5.585766312203875872e-01
-1.956917954732884379e-01
-5.504291933256523217e-01
-2.221441471072811424e+00
nan
-2.221441467085554233e+00
2.610459999999999864e-02
2.799937000000000120e-01
1.333500000000000241e-01
1.429365392741653640e+00
-1.049873115328399775e+00
-1.429365398553928745e+00
8.860460000000003333e-02
2.799937001121810543e-01
1.333499998878189818e-01
-2.258568825016346870e-01
3.075421453978006703e+00
4.707488540993938209e-01
2.073546000000000555e-01
2.799937003253250012e-01
1.333499992483870855e-01
-8.419784058149073491e-01
-1.101380255271161790e+00
-1.301938193121810361e+00
2.373032010955517523e-01
8.647871483254451763e-02
7.268673456416066547e-02
-1.359489534685585532e+00
8.982562040402196635e-01
-1.382127258165579020e+00
2.672518021911034491e-01
-1.070362707703011174e-01
1.202347023104057000e-02
1.944630238002817979e-01
-4.184599599234655187e-01
-3.033427419129231861e+00
2.840110072321909152e-01
-1.632603947307818826e-01
-1.871277962255585292e-01
9.427246414901354621e-01
1.059023752600576351e+00
-1.328932628560262952e+00
2.980306597475886887e-01
-1.907186635870537772e-01
-2.861911866115340874e-01
-1.332122344466678321e+00
-1.074805968567970282e+00
1.455250997818072323e+00
4.015271792622941982e-01
-1.864497210800651339e-01
-2.920485817846650289e-01
-1.332122344514273360e+00
-1.074805963608301163e+00
1.455251001741302730e+00
4.015271792778234428e-01
-1.864497213576136736e-01
-2.920485817125541006e-01
5.682832848812456872e-01
-1.739845221567796418e+00
1.844769205916429344e+00
5.146530261852786392e-01
-1.923745645416902739e-01
-3.280818993488073820e-01
5.682832848812456872e-01
-1.739845221567796418e+00
1.844769205916429344e+00
5.565496434015000382e-01
-1.938391726467748044e-01
-3.159464342342784837e-01
-7.568710673128673516e-01
2.331050054797515703e+00
1.511177913928490879e+00
5.159570873239383015e-01
-1.532789737859443502e-01
-2.777864892961408039e-01
-7.568710673128673516e-01
2.331050054797515703e+00
1.511177913928490879e+00
5.563608843118674763e-01
-1.579683861086721153e-01
-2.936068472451776601e-01
-6.230575145108075974e-01
1.975270623921513202e+00
1.867053844222706038e+00
5.183859625704270169e-01
-1.963633473959228992e-01
-2.666244579096601064e-01
-6.230575145108075974e-01
1.975270623921513202e+00
1.867053844222706038e+00
5.584929571615230293e-01
-1.957481332633033977e-01
-2.838230514873576471e-01
0.000000000000000000e+00
0.000000000000000000e+00
0.000000000000000000e+00
0.000000000000000000e+00
0.000000000000000000e+00
0.000000000000000000e+00
-1.721626442918106348e-01
-3.090140814692132633e-10
9.270423992887351802e-10
0.000000000000000000e+00
-0.000000000000000000e+00
0.000000000000000000e+00
-1.721626502780747581e-01
2.395576982004387068e-01
-7.647393703508158502e-01
-0.000000000000000000e+00
0.000000000000000000e+00
0.000000000000000000e+00
-3.184416850494092288e-01
1.184753240746156955e+00
-4.686530476722968741e-01
-1.625206711953637861e-01
-3.334129774900533583e-02
2.614331850735860177e-02
-1.289727413790822341e+00
1.067389934242014116e+00
-5.738502962580512845e-01
-3.250413423907275723e-01
-6.668259543755934715e-02
5.228663703365384052e-02
-1.409259346123665324e+00
1.300877951731427062e+00
2.692965908992106527e-01
-5.698596712793944086e-01
-3.331919491619881324e-01
1.067947706415620507e-01
-1.370166182306650660e+00
6.196668150689821353e-01
4.634828267987111117e-01
-6.913453486613072574e-01
-4.690203255409375882e-01
1.271860936876205717e-01
-2.672367454091374661e+00
5.659241648334949470e-01
5.371084061710059698e-01
-6.969511221524781197e-01
-4.290690754260371720e-01
5.720010218057070689e-02
-2.672367454091374217e+00
5.659241648334945030e-01
5.371084061710060809e-01
-6.969511219625947884e-01
-4.290690752249848861e-01
5.720010291349136161e-02
-2.587968090924460451e+00
2.021332605419764672e+00
4.212838670503054050e-01
-7.141587966909185292e-01
-4.645844791176879651e-01
9.004609563459109456e-03
-2.587968090924460451e+00
2.021332605419764672e+00
4.212838670503054050e-01
-6.890069523835573584e-01
-4.155212424918993674e-01
-7.189321750598171024e-02
-2.732180531150499192e+00
1.447809986233443480e+00
1.229346787600509028e-01
-7.066940281935600865e-01
-3.294782026639225814e-01
-9.620935028508688369e-02
-2.732180531150499192e+00
1.447809986233443480e+00
1.229346787600509028e-01
-7.499737338166101441e-01
-4.106381506740538478e-01
-1.022596030979548848e-01
-2.627316194931093474e+00
-4.306491440552721595e-01
6.064771603660203958e-01
-6.772361123329156962e-01
-2.983438382007483347e-01
1.755294742404828190e-02
-2.627316194931093474e+00
-4.306491440552721595e-01
6.064771603660203958e-01
-6.702100628911107361e-01
-3.191645590312170988e-01
3.320601484517904378e-02
0.000000000000000000e+00
0.000000000000000000e+00
0.000000000000000000e+00
0.000000000000000000e+00
0.000000000000000000e+00
0.000000000000000000e+00
-1.712152639651670638e-01
-3.073136320909872043e-10
9.219410503017741473e-10
0.000000000000000000e+00
-0.000000000000000000e+00
0.000000000000000000e+00
-1.712152699524150667e-01
2.397544282874119470e-01
-7.648133534557978175e-01
-0.000000000000000000e+00
0.000000000000000000e+00
0.000000000000000000e+00
-3.176809599748151580e-01
1.186152752722187120e+00
-4.681354939052430608e-01
-1.625471313410980501e-01
-3.329156727430346990e-02
2.595241074731239467e-02
-1.292051814079884675e+00
1.068349482079853141e+00
-5.733778714758179795e-01
-3.250942626821962111e-01
-6.658313448849217941e-02
5.190482151346961781e-02
-1.411242671304252960e+00
1.301791402218867022e+00
2.688291951179174744e-01
-5.700950835787034210e-01
-3.335062469041329414e-01
1.066446148459453264e-01
-1.372097947884188818e+00
6.197546268991038776e-01
4.634151528963486033e-01
-6.916733691418546215e-01
-4.695398386793457335e-01
1.271442324294199955e-01
-2.672358998290209176e+00
5.661224906567787762e-01
5.370035476470651492e-01
-6.972818095465608268e-01
-4.296149031611984359e-01
5.714437833875320172e-02
-2.672358998290208731e+00
5.661224906567782211e-01
5.370035476470653713e-01
-6.972818093566928166e-01
-4.296149029601531444e-01
5.714437907167108782e-02
-2.587666584785071056e+00
2.026100387403170444e+00
4.208126842877741858e-01
-7.144994190744536899e-01
-4.651598824637614982e-01
8.934600859190844346e-03
-2.587666584785071056e+00
2.026100387403170444e+00
4.208126842877741858e-01
-6.892954228364587266e-01
-4.161267169427346202e-01
-7.216223406014488084e-02
-2.611081272339996762e+00
-3.373259054149865821e-01
9.612982988963921782e-01
-7.070205272000271712e-01
-3.300522053790132526e-01
-9.628111123018501250e-02
-2.611081272339996762e+00
-3.373259054149865821e-01
9.612982988963921782e-01
-6.971759865422172409e-01
-3.325203444280070419e-01
-7.040742713487357918e-02
-2.627327379187419876e+00
-4.304519843651024580e-01
6.063683010586182753e-01
-6.775649887140137162e-01
-2.989189357399973934e-01
1.748076136810139403e-02
-2.627327379187419876e+00
-4.304519843651024580e-01
6.063683010586182753e-01
-6.705348663285886079e-01
-3.197856613594289854e-01
3.312852784206488099e-02
