-2.221441471072811424e+00
nan
-2.221441467085554233e+00
2.610459999999999864e-02
2.799937000000000120e-01
-1.333499999999999686e-01
1.535426327056115703e+00
-9.589310087509765879e-01
-1.535426333602727622e+00
8.860460000000003333e-02
2.799937001121810543e-01
-1.333500001121810108e-01
-5.198082458547330642e-01
-2.941233494850212349e+00
-6.797772329885092280e-01
2.073546000000000833e-01
2.799937003253250012e-01
-1.333500007516129071e-01
-1.178370209567289439e+00
-3.406520706743258464e-01
-1.176386546206329431e+00
1.370893969780062061e-01
1.069425517436069506e-01
-2.178550373992952371e-01
-2.523560810124356735e+00
6.876644467754164936e-01
-1.427214711569825045e+00
6.682419395601232881e-02
-6.610859699956939117e-02
-3.023600737163399943e-01
-7.175399549100464069e-01
-1.538004326238378461e+00
-2.451699568771763094e+00
-7.285895802398592580e-03
-2.478100353467975470e-01
-3.701504262640937792e-01
9.906683262706108065e-03
7.206633554554080501e-01
-1.671286366924884526e+00
-3.956548037268014378e-02
-3.392223591278935579e-01
-4.071082127360959868e-01
1.590217036078598323e+00
-1.837578183303241186e-01
-2.588407221198128383e+00
5.303760006210712225e-02
-3.445387755636670768e-01
-4.535890443795785321e-01
1.590217035447886840e+00
-1.837578257647415059e-01
-2.588407219673393378e+00
5.303760019147366056e-02
-3.445387755216505199e-01
-4.535890441266492434e-01
2.720281987963529130e-02
3.603907020751396795e-01
-6.275943957475681179e-03
1.572592646577246622e-01
-3.809436497032794855e-01
-4.976740844108994422e-01
2.720281987963529130e-02
3.603907020751396795e-01
-6.275943957475681179e-03
1.338455857852419717e-01
-4.169489852375736216e-01
-4.899180171517045213e-01
-1.192775142727949822e+00
-2.509613802172725450e+00
7.292167963467346414e-01
1.448263013476343009e-01
-3.267542675146135611e-01
-5.287984534117425861e-01
-1.192775142727949822e+00
-2.509613802172725450e+00
7.292167963467346414e-01
1.369595241762311122e-01
-3.652186287823900313e-01
-5.097367679194397816e-01
1.436304987666391364e+00
-2.335598056516207333e+00
-3.850291125722072882e-01
1.649234142869214492e-01
-3.202636510582638207e-01
-4.895462996043130621e-01
1.436304987666391364e+00
-2.335598056516207333e+00
-3.850291125722072882e-01
2.036892475558661209e-01
-3.141980245509681802e-01
-5.086554458607102092e-01
-2.221441471072811424e+00
nan
-2.221441467085554233e+00
2.610459999999999864e-02
2.799937000000000120e-01
1.333500000000000241e-01
1.535697919039644921e+00
-9.586849199739383431e-01
-1.535697925588161095e+00
8.860460000000003333e-02
2.799937001121810543e-01
1.333499998878189818e-01
-5.209367710140002661e-01
-2.940668272764865421e+00
-6.802499523216279931e-01
2.073546000000000833e-01
2.799937003253250012e-01
1.333499992483870855e-01
-1.178523180346268351e+00
-3.386693295323877084e-01
-1.175330769317778579e+00
1.369334083339829866e-01
1.070266782300943742e-01
4.880258632613317105e-02
-2.526272896459834882e+00
6.854369533735878983e-01
-1.425295602394069716e+00
6.651221666796590382e-02
-6.594034402672332984e-02
-3.574482626554606468e-02
-7.174132022677036646e-01
-1.540526797368662493e+00
-2.450024163120864351e+00
-7.482274196233401620e-03
-2.478293990804030233e-01
-1.031572655733432320e-01
8.280865476726144772e-03
7.190578798237957647e-01
-1.671242913427505972e+00
-3.970947257531944052e-02
-3.393327689248955559e-01
-1.399350236852381635e-01
1.590330136695392138e+00
-1.839684982051499329e-01
-2.588445977887777971e+00
5.289569522825061931e-02
-3.446663123025402453e-01
-1.864097341320115619e-01
1.590330136064019850e+00
-1.839685056397691587e-01
-2.588445976362986567e+00
5.289569535760782482e-02
-3.446663122605287954e-01
-1.864097338790766112e-01
2.543042071613492786e-02
3.604561014885524495e-01
-1.600161752580620336e-02
1.571144722777051139e-01
-3.810899739047433621e-01
-2.304860812194222397e-01
2.543042071613492786e-02
3.604561014885524495e-01
-1.600161752580620336e-02
1.333723235899949011e-01
-4.168513113151851024e-01
-2.226007627783443410e-01
1.437550793847906627e+00
-2.122942965876265298e+00
3.226693482313285066e-02
1.446918697790330333e-01
-3.269005088128963399e-01
-2.616144426375805465e-01
1.437550793847906627e+00
-2.122942965876265298e+00
3.226693482313285066e-02
1.820938251235913463e-01
-3.212992421185609793e-01
-2.833965608181569507e-01
1.435766830532575922e+00
-2.335955931550261155e+00
-3.848763641868604979e-01
1.647875291323709357e-01
-3.204106834574674822e-01
-2.223614138243712457e-01
1.435766830532575922e+00
-2.335955931550261155e+00
-3.848763641868604979e-01
2.035569234716006481e-01
-3.143653012319457263e-01
-2.414697507725897252e-01
0.000000000000000000e+00
0.000000000000000000e+00
0.000000000000000000e+00
0.000000000000000000e+00
0.000000000000000000e+00
0.000000000000000000e+00
5.553055080116802156e-01
9.967157637412442117e-10
-2.990147790788117357e-09
0.000000000000000000e+00
-0.000000000000000000e+00
0.000000000000000000e+00
5.553054986332176535e-01
5.545371253922788402e-01
-1.135592500854682552e+00
0.000000000000000000e+00
0.000000000000000000e+00
0.000000000000000000e+00
8.913515574618176007e-01
1.382160956390157125e+00
-7.314438869721923142e-01
-2.433767666974633315e-01
1.267187491354676565e-01
-5.713159065330052078e-02
-1.231080792941128266e+00
1.591242129957208151e+00
6.051794284154661252e-01
-4.867535333949267184e-01
2.534374980873304595e-01
-1.142631813962597664e-01
-1.611117587145232788e+00
5.150186610684835964e-01
1.700648233585446700e-01
-4.846624257723208262e-01
1.251321953592690051e-01
2.273530664812828117e-01
-1.714552256162402255e+00
6.406681690783495586e-01
-5.037817910029360885e-02
-4.881503547805602361e-01
6.009923374423593173e-02
3.912536574320543137e-01
-2.718629710259086618e+00
6.983130545008948697e-01
4.536045685135569050e-01
-5.181969754662020256e-01
-2.425975558978438890e-02
3.410410852335383214e-01
-2.718629710259086618e+00
6.983130545008948697e-01
4.536045685135573491e-01
-5.181969753086370645e-01
-2.425975484348201483e-02
3.410410850289726792e-01
-5.296166821715481809e+00
9.010953780593531359e-01
-6.385993237515153353e+00
-5.324687172023789827e-01
-9.683523199823482197e-02
3.672331087187981069e-01
-5.296166821715481809e+00
9.010953780593531359e-01
-6.385993237515153353e+00
-7.554095900796672369e-01
9.376178903193296832e-02
5.790213299956199489e-01
-4.216451707731724952e+00
-4.112738955670441898e-01
-2.403571163609336203e+00
-5.787838217144762876e-01
-1.870905152346120370e-01
2.285943449056730414e-01
-4.216451707731724952e+00
-4.112738955670441898e-01
-2.403571163609336203e+00
-6.790752249328487755e-01
-8.780948012862171970e-02
3.875420665671582277e-01
-2.272075312303738936e+00
6.607022987023426497e-01
1.347570228209163279e+00
-5.543177035705408873e-01
-7.126230145888154399e-02
1.969146858462609284e-01
-2.272075312303738936e+00
6.607022987023426497e-01
1.347570228209163279e+00
-5.751170181250495617e-01
-6.244003812229272088e-02
1.575204504534757910e-01
0.000000000000000000e+00
0.000000000000000000e+00
0.000000000000000000e+00
0.000000000000000000e+00
0.000000000000000000e+00
0.000000000000000000e+00
5.506410164680175523e-01
9.883434854469896215e-10
-2.965030951709079574e-09
0.000000000000000000e+00
-0.000000000000000000e+00
0.000000000000000000e+00
5.506410070675398227e-01
5.563041305258100699e-01
-1.138086488140678920e+00
0.000000000000000000e+00
0.000000000000000000e+00
0.000000000000000000e+00
8.888662250865647652e-01
1.387045664840753645e+00
-7.320145887558142661e-01
-2.438855057744331867e-01
1.267006793103240825e-01
-5.606713543563605906e-02
-1.226399648381340191e+00
1.594402333503763147e+00
6.056215799401710731e-01
-4.877710115488664844e-01
2.534013584386202167e-01
-1.121342709602486387e-01
-1.607112002099086778e+00
5.134376496729307071e-01
1.711517048197831459e-01
-4.850976251929649541e-01
1.259141061109643189e-01
2.289113911023004655e-01
-1.711840409118437378e+00
6.400369441699327311e-01
-5.205817502416206638e-02
-4.883197531325358942e-01
6.129238969489497757e-02
3.925142120031973603e-01
-2.718801177522169432e+00
6.980322930993929642e-01
4.532938594920453701e-01
-5.183429393227235726e-01
-2.308575368363059710e-02
3.423736584654948900e-01
-2.718801177522168988e+00
6.980322930993931863e-01
4.532938594920462583e-01
-5.183429391652104590e-01
-2.308575293731401218e-02
3.423736582609787082e-01
-5.292406515353919261e+00
9.005358468577161490e-01
-6.377263851523967908e+00
-5.325990308070989165e-01
-9.567884636547031862e-02
3.686542805913886056e-01
-5.292406515353919261e+00
9.005358468577161490e-01
-6.377263851523967908e+00
-7.535575032367820558e-01
9.746341091137215862e-02
5.792984716748891261e-01
-2.279748105865663899e+00
1.023265963289656133e+00
1.290823238107244419e+00
-5.788913840835352431e-01
-1.859417614750532022e-01
2.299952767987890612e-01
-2.279748105865663899e+00
1.023265963289656133e+00
1.290823238107244419e+00
-6.084105294379561490e-01
-1.873201910295589356e-01
1.789536517973634444e-01
-2.272308661992204826e+00
6.604052538592146693e-01
1.347289742868330809e+00
-5.544333003527458503e-01
-7.011134152907624872e-02
1.983233128007809987e-01
-2.272308661992204826e+00
6.604052538592146693e-01
1.347289742868330809e+00
-5.751974279300254844e-01
-6.129777376231704961e-02
1.589828266941071822e-01
