-2.221441471072811424e+00
nan
-2.221441467085554233e+00
2.610459999999999864e-02
2.799937000000000120e-01
-1.333499999999999686e-01
1.582485774884809793e+00
-9.152225057853489165e-01
-1.582485781763274701e+00
8.860460000000003333e-02
2.799937001121810543e-01
-1.333500001121810108e-01
-9.067619928091883441e-01
-2.741840279085764998e+00
-7.324831753248950417e-01
2.073546000000000833e-01
2.799937003253250012e-01
-1.333500007516129071e-01
-1.229769416664857618e+00
8.758885089977762328e-02
-1.121132168123391670e+00
8.513012164470436238e-02
1.373417355118740912e-01
-2.154267564479597774e-01
-2.896815793778043435e+00
5.081170298445587541e-01
-1.051068058204278621e+00
-3.709435671059133077e-02
-5.310229485078310496e-03
-2.975035118253752664e-01
-7.846086023697316225e-01
-1.815633403068803053e+00
-2.233799193363272817e+00
-1.055192280930832421e-01
-2.005485447765815721e-01
-3.149186551904186726e-01
-2.549346835166799163e-01
5.587675120069267587e-01
-1.852621841520973422e+00
-1.361860956753818130e-01
-2.987893430373309012e-01
-3.280469182050189114e-01
1.142091319853634435e+00
-7.633219960923517400e-01
-2.264511680171882091e+00
-5.008966910190976174e-02
-3.257013192771927579e-01
-3.793032677252866636e-01
1.142091319242321656e+00
-7.633220019145112722e-01
-2.264511676738353962e+00
-5.008966894936339731e-02
-3.257013190938583547e-01
-3.793032675653102426e-01
-8.213552879369574455e-01
8.071423071008999861e-02
-1.191818112509400285e+00
5.188062228742607029e-02
-3.763493977055049067e-01
-4.134762513857612731e-01
-8.213552879369574455e-01
8.071423071008999861e-02
-1.191818112509400285e+00
1.354497232786251726e-02
-3.600465943748304420e-01
-4.004632705454939101e-01
1.774680028192998416e+00
1.706266649170331773e+00
-1.521964363762039030e+00
2.860505520608065677e-02
-3.499352619501446826e-01
-4.665830821488485269e-01
1.774680028192998416e+00
1.706266649170331773e+00
-1.521964363762039030e+00
3.934879927515868431e-03
-3.540040477822239962e-01
-4.308120245996571729e-01
1.368088987878438134e+00
-1.857781095466447985e+00
9.656837581321853214e-02
5.230310519987832474e-02
-3.215073384757174968e-01
-4.417434118123972908e-01
1.368088987878438134e+00
-1.857781095466447985e+00
9.656837581321853214e-02
8.427893302284225618e-02
-3.174260692357536162e-01
-4.711650161370613543e-01
-2.221441471072811424e+00
nan
-2.221441467085554233e+00
2.610459999999999864e-02
2.799937000000000120e-01
1.333500000000000241e-01
1.581979857129724998e+00
-9.157040397891403893e-01
-1.581979864004601000e+00
8.860460000000003333e-02
2.799937001121810543e-01
1.333499998878189818e-01
-9.085307669499064209e-01
-2.741479223090251605e+00
-7.313100335934447083e-01
2.073546000000000833e-01
2.799937003253250012e-01
1.333499992483870855e-01
-1.230405159360578038e+00
8.998318601191336585e-02
-1.119440633283425912e+00
8.492590276234814051e-02
1.374132763045083083e-01
5.145349884247549244e-02
-2.898282403540796359e+00
5.071742846028600704e-01
-1.047167700685569969e+00
-3.750279447530380228e-02
-5.167147899576007841e-03
-3.044300124437031296e-02
-7.841676771723384842e-01
-1.816374600603408052e+00
-2.233220841015683522e+00
-1.058226093432603071e-01
-2.004530913715793228e-01
-4.773615534238612179e-02
-2.553552897844886815e-01
5.580942550433054539e-01
-1.852554446729741899e+00
-1.364480234351988786e-01
-2.987136975784349113e-01
-6.081284374421620786e-02
1.142347369999357820e+00
-7.635186688368525987e-01
-2.264422535714715412e+00
-5.034082755458933744e-02
-3.256335313989745517e-01
-1.120469716732918064e-01
1.142347369387535228e+00
-7.635186746593234375e-01
-2.264422532281314737e+00
-5.034082740207103390e-02
-3.256335312156390938e-01
-1.120469715132898225e-01
-8.218918195135164195e-01
7.848346664518372762e-02
-1.196703018118082662e+00
5.163481989548458773e-02
-3.762893314665765598e-01
-1.461925165278546712e-01
-8.218918195135164195e-01
7.848346664518372762e-02
-1.196703018118082662e+00
1.332192033273939258e-02
-3.598157107900851193e-01
-1.333285096282889048e-01
1.298176491237610586e+00
-1.562249740375875939e+00
3.868366273777431585e-01
2.837344013311131341e-02
-3.498770706388965035e-01
-1.993064954211860584e-01
1.298176491237610586e+00
-1.562249740375875939e+00
3.868366273777431585e-01
5.696409874424899350e-02
-3.498949925127886051e-01
-2.322809558958900678e-01
1.367762126618814245e+00
-1.858211913337436405e+00
9.691733348346812105e-02
5.206712656957136753e-02
-3.214489840879865001e-01
-1.744628494104918937e-01
1.367762126618814245e+00
-1.858211913337436405e+00
9.691733348346812105e-02
8.405546172164840568e-02
-3.173826886075388765e-01
-2.038729289730175087e-01
0.000000000000000000e+00
0.000000000000000000e+00
0.000000000000000000e+00
0.000000000000000000e+00
0.000000000000000000e+00
0.000000000000000000e+00
4.851124346985834918e-02
8.707264809640657543e-11
-2.612179879309432973e-10
0.000000000000000000e+00
-0.000000000000000000e+00
0.000000000000000000e+00
4.851123387803255027e-02
6.501721533510891327e-01
-1.130019494463475160e+00
0.000000000000000000e+00
0.000000000000000000e+00
0.000000000000000000e+00
6.573569556038646455e-01
1.360774806378607815e+00
-7.211645577345761060e-01
-2.145635221538823301e-01
1.420976879336487975e-01
7.254672945624994485e-02
-6.483529415326197420e-02
1.467221305486007488e+00
1.692796121689009448e-01
-4.291270443077646046e-01
2.841953758518258599e-01
1.450934589035980660e-01
-5.393377494467761490e-01
-5.283938736504972811e-02
-3.385143854729846802e-02
-4.216290473979942832e-01
2.714833242186966977e-01
2.581462216230417939e-01
-8.965428429722167580e-01
1.533109410594801214e-01
-7.420952988017137653e-01
-4.242609503682969740e-01
2.654408739736572320e-01
3.095107741653954081e-01
-2.752100070013855149e+00
7.333200544815620114e-01
3.625857336297381717e-01
-4.520903605975873929e-01
1.555956072505780829e-01
3.204389896736444254e-01
-2.752100070013854261e+00
7.333200544815623445e-01
3.625857336297382272e-01
-4.520903605467477271e-01
1.555956077461603249e-01
3.204389890572247324e-01
-4.618611226097051770e+00
-1.363678000650259792e+00
-2.508929402393253127e+00
-4.587858241634180101e-01
9.852110943784400665e-02
3.850507102251410907e-01
-4.618611226097051770e+00
-1.363678000650259792e+00
-2.508929402393253127e+00
-4.356287572404101138e-01
2.548044481750935675e-01
2.574769172547496932e-01
-4.111071195079888163e+00
-1.372928087058863378e+00
-8.142295839811929392e-01
-5.073075169830008058e-01
-5.607359178930002019e-02
3.294248054836403927e-01
-4.111071195079888163e+00
-1.372928087058863378e+00
-8.142295839811929392e-01
-5.597315323914471286e-01
1.110709590725346835e-01
3.122814971642439708e-01
-2.198569518904708531e+00
1.227761995609821799e+00
1.032758171023371752e+00
-4.993996480671156202e-01
2.088024152536381572e-02
2.338100599867623530e-01
-2.198569518904708531e+00
1.227761995609821799e+00
1.032758171023371752e+00
-5.397373398625266994e-01
-1.078190348071508819e-02
1.855783996581361062e-01
0.000000000000000000e+00
0.000000000000000000e+00
0.000000000000000000e+00
0.000000000000000000e+00
0.000000000000000000e+00
0.000000000000000000e+00
4.397871170032477406e-02
7.893722390346467608e-11
-2.368117112745577823e-10
0.000000000000000000e+00
-0.000000000000000000e+00
0.000000000000000000e+00
4.397870210177102362e-02
6.497258741896675405e-01
-1.131161759209582840e+00
0.000000000000000000e+00
0.000000000000000000e+00
0.000000000000000000e+00
6.572363918485273349e-01
1.363925596341233781e+00
-7.209339321167838044e-01
-2.144917985835405883e-01
1.420883623396089201e-01
7.327459034507982638e-02
-5.815653607061455066e-02
1.468890784550341833e+00
1.657784746240988094e-01
-4.289835971670811210e-01
2.841767246651856760e-01
1.465491806820998222e-01
-5.330294133261459510e-01
-5.472279501607302254e-02
-3.698660890127536405e-02
-4.220111460331488207e-01
2.718450600296989927e-01
2.582606811594399532e-01
-8.900296150314441768e-01
1.507624272944712018e-01
-7.449505345299822778e-01
-4.249298797064217648e-01
2.660075306960808517e-01
3.089605661813161763e-01
-2.752002226461506496e+00
7.328739779636185281e-01
3.629306548318331771e-01
-4.527080057873936192e-01
1.562620379407558824e-01
3.199382856548402265e-01
-2.752002226461505607e+00
7.328739779636188612e-01
3.629306548318332881e-01
-4.527080057366703048e-01
1.562620384364353243e-01
3.199382850385242283e-01
-4.606579649734326765e+00
-1.351421039036268201e+00
-2.491417399231199870e+00
-4.593478443851271575e-01
9.930351098321316128e-02
3.846078618219186396e-01
-4.606579649734326765e+00
-1.351421039036268201e+00
-2.491417399231199870e+00
-4.356898687737624232e-01
2.540160079664156023e-01
2.569439575205733073e-01
-2.261300877333015436e+00
1.493494402956799139e+00
7.879821282402601490e-01
-5.078595164999373246e-01
-5.530854497691420346e-02
3.289689211376344291e-01
-2.261300877333015436e+00
1.493494402956799139e+00
7.879821282402601490e-01
-5.570925665430963569e-01
-1.073447933577501567e-01
2.863094592742073674e-01
-2.198604588949676142e+00
1.227325102176828109e+00
1.033206076252475514e+00
-4.999696788884978593e-01
2.166038929170217842e-02
2.333702774241785405e-01
-2.198604588949676142e+00
1.227325102176828109e+00
1.033206076252475514e+00
-5.402667289908397175e-01
-9.950204347515007042e-03
1.851700148118514966e-01
