-2.221441471072811424e+00
nan
-2.221441467085554233e+00
2.610459999999999864e-02
2.799937000000000120e-01
-1.333499999999999686e-01
1.435463450815491981e+00
-1.044913153764294389e+00
-1.435463456669505922e+00
8.860460000000003333e-02
2.799937001121810543e-01
-1.333500001121810108e-01
-9.620175127206342935e-02
-3.092343246518454158e+00
-4.869081426241094745e-01
2.073546000000000555e-01
2.799937003253250012e-01
-1.333500007516129071e-01
-1.081858799355015277e+00
-8.230620067495825198e-01
-1.224534805606787957e+00
1.946119710498815658e-01
8.528990991926810317e-02
-1.962233608411920183e-01
-1.846896164872539492e+00
9.280280277279457923e-01
-1.519583709671550986e+00
1.818693420997630761e-01
-1.094138805998586261e-01
-2.590967205806208318e-01
-3.248317816777566147e-01
-9.235601528034592667e-01
-2.819895490777810210e+00
1.383258973012393700e-01
-2.333520666797952170e-01
-4.198653258687583545e-01
5.134123669912984411e-01
9.486974186406614828e-01
-1.483048857757502059e+00
1.221308462860072191e-01
-2.953908168746282037e-01
-5.014311048258499603e-01
-1.586358527681285713e+00
-5.856998705414117046e-01
2.117192342074794453e+00
2.220808173306161593e-01
-2.873841895332080454e-01
-5.280761739155984680e-01
-1.586358527954819353e+00
-5.856998640007479162e-01
2.117192344579299501e+00
2.220808174035949489e-01
-2.873841896964988152e-01
-5.280761736909108661e-01
7.052601580874565679e-01
-5.854355628903367137e-01
1.651531983530430070e+00
3.305499662341395695e-01
-3.057757469846820175e-01
-5.731001157401435231e-01
7.052601580874565679e-01
-5.854355628903367137e-01
1.651531983530430070e+00
3.691578986843299104e-01
-3.157411388785377193e-01
-5.908444004801216565e-01
-2.347118086994591513e-01
-2.763460070838214211e+00
-5.693659058938616013e-01
3.292594618127769324e-01
-2.435384171073397552e-01
-5.595117592377063520e-01
-2.347118086994591513e-01
-2.763460070838214211e+00
-5.693659058938616013e-01
3.444436487588259377e-01
-2.786344833721401959e-01
-5.805462006168866651e-01
-1.150954548651283771e+00
2.540980404213735167e+00
1.244410801714616488e+00
3.406030077771152742e-01
-2.689053810281190060e-01
-5.246607228772646181e-01
-1.150954548651283771e+00
2.540980404213735167e+00
1.244410801714616488e+00
3.819722349613255963e-01
-2.682736402046364543e-01
-5.385506138171942681e-01
-2.221441471072811424e+00
nan
-2.221441467085554233e+00
2.610459999999999864e-02
2.799937000000000120e-01
1.333500000000000241e-01
1.435822735100850789e+00
-1.044619936257771498e+00
-1.435822740957325649e+00
8.860460000000003333e-02
2.799937001121810543e-01
1.333499998878189818e-01
-9.637642931659155809e-02
-3.092181647096503117e+00
-4.876831546535335682e-01
2.073546000000000833e-01
2.799937003253250012e-01
1.333499992483870855e-01
-1.081752873072824306e+00
-8.221547972509584135e-01
-1.224114466850528382e+00
1.945882126729124029e-01
8.532310654549493667e-02
7.037874174130540061e-02
-1.848415741404307200e+00
9.272950925648505427e-01
-1.519474512304513247e+00
1.818218253458247224e-01
-1.093474873475818454e-01
7.407484584316809118e-03
-3.255238659071120755e-01
-9.251451555414369476e-01
-2.819404885092406499e+00
1.382100699900412621e-01
-2.334717322497031344e-01
-1.531989804856346560e-01
5.125787511029193944e-01
9.478826038246094265e-01
-1.483301725669743387e+00
1.219799902941810787e-01
-2.956022968822759056e-01
-2.346878751370148342e-01
-1.586302284284770492e+00
-5.855793774516664385e-01
2.117171034852126876e+00
2.219292614302382782e-01
-2.876055526395625006e-01
-2.613385370591428392e-01
-1.586302284557932207e+00
-5.855793709111265510e-01
2.117171037356598617e+00
2.219292615032139315e-01
-2.876055528028563790e-01
-2.613385368344563475e-01
7.058835896470972981e-01
-5.839460333542725312e-01
1.648339314703231251e+00
3.303942158033028598e-01
-3.060081082172801392e-01
-3.063680896643334872e-01
7.058835896470972981e-01
-5.839460333542725312e-01
1.648339314703231251e+00
3.689350491389422615e-01
-3.160742197780344043e-01
-3.242011681549059054e-01
1.301653424083650590e+00
-2.682188700848327390e+00
-7.694378864434482379e-01
3.291103263452495042e-01
-2.437704267392484803e-01
-2.927807169801616705e-01
1.301653424083650590e+00
-2.682188700848327390e+00
-7.694378864434482379e-01
3.708399539463186900e-01
-2.439665652916748195e-01
-3.055612034558142232e-01
-1.150464707749790927e+00
2.541329614143908788e+00
1.244486644955968613e+00
3.404533814095849209e-01
-2.691378708123169927e-01
-2.579298703332407183e-01
-1.150464707749790927e+00
2.541329614143908788e+00
1.244486644955968613e+00
3.818190464117613980e-01
-2.685195942119899537e-01
-2.718309716415256982e-01
0.000000000000000000e+00
0.000000000000000000e+00
0.000000000000000000e+00
0.000000000000000000e+00
0.000000000000000000e+00
0.000000000000000000e+00
2.804802400563635723e-01
5.034329259277323667e-10
-1.510299030109054527e-09
0.000000000000000000e+00
-0.000000000000000000e+00
0.000000000000000000e+00
2.804802337459252892e-01
2.595715592344813305e-01
-8.038311664762789466e-01
0.000000000000000000e+00
0.000000000000000000e+00
0.000000000000000000e+00
3.395450478456407684e-01
1.162065325359188162e+00
-5.123996793498046820e-01
-1.728291110722166291e-01
2.787765702726510003e-02
-5.130294057897974436e-02
-1.590035778927876731e+00
1.165467720699397969e+00
-1.318653384025709752e-01
-3.456582221444333136e-01
5.575531395631999620e-02
-1.026058811896733425e-01
-1.586776758802362686e+00
1.177952123203383383e+00
-1.154514033723928468e-01
-5.493719929580518357e-01
-1.941306494965810980e-01
1.452087484135823892e-01
-1.459914111846462248e+00
7.057289083272509922e-01
2.185316895754849109e-01
-6.526150362347584721e-01
-3.216875904919088702e-01
2.627273900966687892e-01
-2.677544997706649443e+00
6.081889445246001502e-01
5.431326734440502513e-01
-6.731689335564926546e-01
-3.387448668217575287e-01
1.805008178999816804e-01
-2.677544997706649443e+00
6.081889445245997061e-01
5.431326734440503623e-01
-6.731689333311515755e-01
-3.387448661805091410e-01
1.805008182928152793e-01
-3.237062909769739871e+00
3.570943351207767513e+00
-2.338180338077880727e+00
-6.905629414456808668e-01
-4.003853582009317957e-01
1.637753033690947102e-01
-3.237062909769739871e+00
3.570943351207767513e+00
-2.338180338077880727e+00
-7.772276604472969641e-01
-5.480970327419818489e-01
5.816716416312936455e-02
-3.130910681430464138e+00
1.305689284005209228e+00
-9.479222523958804603e-01
-7.161017806109393202e-01
-3.647028373372423471e-01
-2.083077392668553074e-03
-3.130910681430464138e+00
1.305689284005209228e+00
-9.479222523958804603e-01
-7.768345674987354732e-01
-4.449532232199397974e-01
8.797374117019857165e-02
-2.443477065038325513e+00
-1.011403726201610676e-01
1.208011702091612571e+00
-6.811281386598426746e-01
-2.652265688195027393e-01
5.893909071320166393e-02
-2.443477065038325513e+00
-1.011403726201610676e-01
1.208011702091612571e+00
-6.804864602219805603e-01
-2.491916882220920060e-01
6.157954555239278371e-02
0.000000000000000000e+00
0.000000000000000000e+00
0.000000000000000000e+00
0.000000000000000000e+00
0.000000000000000000e+00
0.000000000000000000e+00
2.818205003621025440e-01
5.058385540999249822e-10
-1.517515915831358545e-09
0.000000000000000000e+00
-0.000000000000000000e+00
0.000000000000000000e+00
2.818204940438059913e-01
2.603004373041078456e-01
-8.046979306688865075e-01
0.000000000000000000e+00
0.000000000000000000e+00
0.000000000000000000e+00
3.411412856669385207e-01
1.164864386337686186e+00
-5.120932392750707773e-01
-1.730424698433954689e-01
2.801967636543051254e-02
-5.153906671079817869e-02
-1.594338964112239410e+00
1.167826499993514844e+00
-1.288635806723575916e-01
-3.460849396867909378e-01
5.603935263219758656e-02
-1.030781334535116195e-01
-1.591690699338013104e+00
1.177964354446636719e+00
-1.155670243251397666e-01
-5.496405203121026428e-01
-1.944018255626042413e-01
1.457489502006683590e-01
-1.464537643752975127e+00
7.053119302230084209e-01
2.194781127270997723e-01
-6.528117779689128763e-01
-3.222312792635307899e-01
2.637600474225051950e-01
-2.677584813625466964e+00
6.082584181995601691e-01
5.429272936155483675e-01
-6.733639181052817335e-01
-3.393254994820302795e-01
1.815531011022313568e-01
-2.677584813625467408e+00
6.082584181995599470e-01
5.429272936155491447e-01
-6.733639178799578628e-01
-3.393254988407928274e-01
1.815531014950765576e-01
-3.240262116225585132e+00
3.588397602911572726e+00
-2.355308457910358921e+00
-6.907622728497290199e-01
-4.010073615721360119e-01
1.648527828719789923e-01
-3.240262116225585132e+00
3.588397602911572726e+00
-2.355308457910358921e+00
-7.784632466551466567e-01
-5.495667609511600826e-01
5.916978886416854322e-02
-2.412049337279784655e+00
1.997374897164681806e-01
1.416197905621464193e+00
-7.162881749991411029e-01
-3.653230774446903362e-01
-1.012951317958726838e-03
-2.412049337279784655e+00
1.997374897164681806e-01
1.416197905621464193e+00
-7.185631462779854539e-01
-3.370528301674035609e-01
-8.874826516404393795e-03
-2.443547514728558134e+00
-1.010817245065060155e-01
1.207805556661332158e+00
-6.813171763882346355e-01
-2.658485255334933073e-01
6.001102296159935290e-02
-2.443547514728558134e+00
-1.010817245065060155e-01
1.207805556661332158e+00
-6.806587870088823822e-01
-2.498548470427229828e-01
6.268154746523382781e-02
