-2.221441471072811424e+00
nan
-2.221441467085554233e+00
2.610459999999999864e-02
2.799937000000000120e-01
-1.333499999999999686e-01
1.327766561127134759e+00
-1.128015447338018840e+00
-1.327766566252074343e+00
8.860460000000003333e-02
2.799937001121810543e-01
-1.333500001121810108e-01
-1.742175625924672788e+00
-2.493639581646856840e+00
-2.028304062172441025e-01
2.073546000000000555e-01
2.799937003253250012e-01
-1.333500007516129071e-01
-1.176819848742457264e+00
1.037954195460883078e+00
-7.969571168686018225e-01
1.486491261587538637e-02
2.104031447854178283e-01
-1.447462646310191670e-01
-2.657952751143718650e+00
1.259922813615045101e+00
1.757152102917654835e-01
-1.776247747682492550e-01
1.408125891860459999e-01
-1.561425281473084181e-01
6.592216135387419795e-01
1.573558107871263267e+00
1.695732044588749377e+00
-3.381352926328234920e-01
9.948819867621805368e-03
-1.707814329772626705e-01
1.787975540620957704e-01
-9.247273951342231679e-02
-2.230653337629125765e+00
-4.186034898032481300e-01
-5.426129985302570458e-02
-1.836652317028630854e-01
-4.182767665610402918e-01
-1.691084380998059578e+00
-6.371196061136791267e-01
-3.380959398705570829e-01
-1.183142819503931603e-01
-1.702558175370768312e-01
-4.182767669598376203e-01
-1.691084380823587807e+00
-6.371196003684230780e-01
-3.380959398087575174e-01
-1.183142819312946181e-01
-1.702558178168810388e-01
1.140960740398622719e-01
2.879882896307842888e+00
4.137419911377808734e-01
-2.299674178967568150e-01
-1.643559796246844007e-01
-1.523855685797692316e-01
1.140960740398622719e-01
2.879882896307842888e+00
4.137419911377808734e-01
-2.076814239778323468e-01
-2.015391924294048787e-01
-1.574337648095660014e-01
-1.269630711431377068e-01
-4.952788882920833302e-02
1.089225027200902751e+00
-2.700389254457825627e-01
-2.119782903583652678e-01
-1.387406476385134868e-01
-1.269630711431377068e-01
-4.952788882920833302e-02
1.089225027200902751e+00
-2.496848475348424357e-01
-2.502410854614480207e-01
-1.336014698925225841e-01
1.477568890499510734e-01
-3.665849154548079802e-01
3.860022883649364411e-01
-2.604138709346750513e-01
-2.090028852051067920e-01
-1.821602160245784918e-01
1.477568890499510734e-01
-3.665849154548079802e-01
3.860022883649364411e-01
-2.674440007417442366e-01
-2.504219510907390589e-01
-1.939830490466342428e-01
-2.221441471072811424e+00
nan
-2.221441467085554233e+00
2.610459999999999864e-02
2.799937000000000120e-01
1.333500000000000241e-01
1.326608222075604360e+00
-1.128859128962204750e+00
-1.326608227192792366e+00
8.860460000000003333e-02
2.799937001121810543e-01
1.333499998878189818e-01
-1.741666719242946026e+00
-2.495337081429740866e+00
-2.009599611256682739e-01
2.073546000000000833e-01
2.799937003253250012e-01
1.333499992483870855e-01
-1.174389800009807416e+00
1.040292522091325944e+00
-7.919395670628699424e-01
1.492938542454774753e-02
2.102115310768666312e-01
1.220369249283513591e-01
-2.654314050928608726e+00
1.259168218715855048e+00
1.818957439190047043e-01
-1.774958291509046715e-01
1.404293617695243912e-01
1.107238509715272601e-01
6.599735865973320736e-01
1.571937734240112405e+00
1.695958785965614002e+00
-3.380914448885037338e-01
9.694071054880376570e-03
9.587184882976193534e-02
1.797095813712077939e-01
-9.179803328001397145e-02
-2.230220583001583545e+00
-4.186159692300658874e-01
-5.442520805510094040e-02
8.288795396029041695e-02
-4.181049643935810245e-01
-1.690924557166677777e+00
-6.367489394261099944e-01
-3.380843220687520523e-01
-1.184509097741752726e-01
9.628294648980625925e-02
-4.181049647918331780e-01
-1.690924556992206673e+00
-6.367489336809883937e-01
-3.380843220070249844e-01
-1.184509097550768553e-01
9.628294620998603670e-02
1.581017105325379091e-01
2.881716656986694769e+00
4.193481220081466398e-01
-2.299365338335362108e-01
-1.644559799500903974e-01
1.141309268995234077e-01
1.581017105325379091e-01
2.881716656986694769e+00
4.193481220081466398e-01
-2.087583557884404029e-01
-2.022177988009567495e-01
1.086290239219548093e-01
-9.682724612031763656e-02
-8.707152809566340301e-02
3.669418233007412655e-01
-2.699892471122508630e-01
-2.120903899342327648e-01
1.277887894275955560e-01
-9.682724612031763656e-02
-8.707152809566340301e-02
3.669418233007412655e-01
-2.801132359992252185e-01
-2.544800761875329886e-01
1.301040589525513935e-01
1.477380618779863819e-01
-3.663428998295464867e-01
3.866166189204497394e-01
-2.603754467715412302e-01
-2.091149915205840482e-01
8.436672733596946305e-02
1.477380618779863819e-01
-3.663428998295464867e-01
3.866166189204497394e-01
-2.673824879117697173e-01
-2.505403216395246102e-01
7.255213789723134743e-02
0.000000000000000000e+00
0.000000000000000000e+00
0.000000000000000000e+00
0.000000000000000000e+00
0.000000000000000000e+00
0.000000000000000000e+00
-7.650617028843205158e-01
-1.373206367482101525e-09
4.119619790711724793e-09
0.000000000000000000e+00
-0.000000000000000000e+00
0.000000000000000000e+00
-7.650617040883769260e-01
2.629945216326405946e-02
-1.605959042936415948e-01
0.000000000000000000e+00
0.000000000000000000e+00
0.000000000000000000e+00
5.349778163609655302e-01
4.963011117777422210e-01
-8.362766169337378097e-02
-1.147567369396468306e-02
2.219421034883449148e-02
5.830344233509866803e-02
5.057441409941736410e-01
7.734937395120182746e-01
-1.282512495060635693e+00
-2.295134738792938001e-02
4.438842097547590626e-02
1.166068847156914445e-01
-9.327677498840001302e-01
-3.743761517101906744e-01
-1.512833271692488601e+00
-2.021088679288228496e-01
2.576487060737663870e-01
1.745771808085653520e-01
-1.239548910961168371e+00
-3.667736301834710888e-01
3.653370575776824225e-01
-2.944246864352773607e-01
3.673660801190594127e-01
2.043449357084555773e-01
-2.763798849708933858e+00
8.459418748271964050e-01
1.114565330096782825e-01
-2.759419779389683525e-01
4.134000962500846699e-01
3.132697862570528180e-01
-2.763798849708933414e+00
8.459418748271961830e-01
1.114565330096776163e-01
-2.759419781777950331e-01
4.134000954836501429e-01
3.132697861519894711e-01
-3.134216489282500628e+00
4.252603124027359849e-01
1.574784513813929809e+00
-2.556931380357385653e-01
4.748414999409641957e-01
3.490493327270952073e-01
-3.134216489282500628e+00
4.252603124027359849e-01
1.574784513813929809e+00
-1.992843878427706938e-01
4.941149981748751419e-01
4.561122226879830710e-01
-3.402084646797026934e+00
1.334651486629145456e+00
6.278029504607150812e+00
-2.388425103845382425e-01
5.080870854388905844e-01
5.145659865764984353e-01
-3.402084646797026934e+00
1.334651486629145456e+00
6.278029504607150812e+00
8.231457420091153887e-03
6.533545048096418562e-01
6.175736539974348016e-01
-2.443378509673240995e+00
1.055266373526963397e+00
-8.124017136577983411e-01
-2.759045698119149126e-01
3.891569074844630216e-01
4.982003285780647328e-01
-2.443378509673240995e+00
1.055266373526963397e+00
-8.124017136577983411e-01
-3.220297280435074905e-01
3.659805408574166030e-01
6.068214436406883516e-01
0.000000000000000000e+00
0.000000000000000000e+00
0.000000000000000000e+00
0.000000000000000000e+00
0.000000000000000000e+00
0.000000000000000000e+00
-7.578627258916250664e-01
-1.360284950806221621e-09
4.080855534207735480e-09
0.000000000000000000e+00
-0.000000000000000000e+00
0.000000000000000000e+00
-7.578627270994107157e-01
2.612834497297496228e-02
-1.611668372234875690e-01
0.000000000000000000e+00
0.000000000000000000e+00
0.000000000000000000e+00
5.399429573781371339e-01
4.967719464472101221e-01
-8.486617297595390463e-02
-1.154216342090697012e-02
2.243880587911598751e-02
5.791305747747541727e-02
5.079227950016568238e-01
7.781340857363661101e-01
-1.275751464235036714e+00
-2.308432684181394717e-02
4.487761203349655004e-02
1.158261149995766931e-01
-9.344823221666016533e-01
-3.704101255287341465e-01
-1.508327024955661511e+00
-2.014269145061512445e-01
2.573013743996817038e-01
1.743876033596858943e-01
-1.241471868235236364e+00
-3.644143005964474713e-01
3.659749315078412168e-01
-2.933303898799582976e-01
3.666254704073690363e-01
2.044788370285300638e-01
-2.764293625588591929e+00
8.462865242341449656e-01
1.126808903447823473e-01
-2.747799149127166940e-01
4.127275408620594832e-01
3.133118284329513004e-01
-2.764293625588591929e+00
8.462865242341450767e-01
1.126808903447817922e-01
-2.747799151516767679e-01
4.127275400955097151e-01
3.133118283279187621e-01
-3.118939823950641177e+00
4.429753890276689754e-01
1.515650322511609360e+00
-2.544915173393818564e-01
4.742507884054337763e-01
3.489593348557980534e-01
-3.118939823950641177e+00
4.429753890276689754e-01
1.515650322511609360e+00
-1.996950120313222832e-01
4.891893964854402421e-01
4.573547638361514789e-01
-2.661863857059769689e+00
7.676616408881982156e-01
-8.789472003414237067e-01
-2.375655646039703528e-01
5.074919553379788617e-01
5.145309022404263022e-01
-2.661863857059769689e+00
7.676616408881982156e-01
-8.789472003414237067e-01
-2.730465170570339772e-01
5.225533392943044753e-01
6.351382739114981302e-01
-2.444160464081083894e+00
1.055648648099869469e+00
-8.112683831511402488e-01
-2.746483411489520909e-01
3.885439174701729725e-01
4.981699976969707344e-01
-2.444160464081083894e+00
1.055648648099869469e+00
-8.112683831511402488e-01
-3.207274571049061329e-01
3.653517560011660947e-01
6.068171252920548930e-01
