-2.221441471072811424e+00
nan
-2.221441467085554233e+00
2.610459999999999864e-02
2.799937000000000120e-01
-1.333499999999999686e-01
1.333349003626609131e+00
-1.123934957820151403e+00
-1.333349008788932588e+00
8.860460000000003333e-02
2.799937001121810543e-01
-1.333500001121810108e-01
-1.737148286749456316e+00
-2.491124415430629124e+00
-2.122979798724463907e-01
2.073546000000001110e-01
2.799937003253250012e-01
-1.333500007516129071e-01
-1.179265302343344812e+00
1.031603337250847074e+00
-8.020665782450953074e-01
1.498970086918335887e-02
2.101582953234982787e-01
-1.453400712527223304e-01
-2.668964418665762839e+00
1.243003983659325851e+00
1.641142569485226355e-01
-1.773751982616333933e-01
1.403228902594084171e-01
-1.573301413911841473e-01
6.571136328646460800e-01
1.578008540985970543e+00
1.714613749267773768e+00
-3.360852078735175885e-01
7.343726203087513893e-03
-1.725263506513175782e-01
1.810775850471071369e-01
-7.718634042445933485e-02
-2.235438921690166669e+00
-4.156254286356331762e-01
-5.795529064599154456e-02
-1.856965510923742069e-01
-3.971717948523977859e-01
-1.688417614879635487e+00
-6.633359348566049141e-01
-3.352966207342539251e-01
-1.224506986190861541e-01
-1.733804043115256543e-01
-3.971717952554859044e-01
-1.688417614788168652e+00
-6.633359291088932741e-01
-3.352966206700191965e-01
-1.224506985922880348e-01
-1.733804045901474189e-01
1.429132681391071524e-01
2.867184615642409451e+00
4.563822073140983426e-01
-2.273696669587331187e-01
-1.690982125654419688e-01
-1.558663220310657072e-01
1.429132681391071524e-01
2.867184615642409451e+00
4.563822073140983426e-01
-2.056956019520722878e-01
-2.064758786336849117e-01
-1.620214914022496400e-01
-1.037104827566590892e-01
-7.527769690638617950e-02
1.022508372820672307e+00
-2.676020695901990543e-01
-2.170344620224790300e-01
-1.438970350492808081e-01
-1.037104827566590892e-01
-7.527769690638617950e-02
1.022508372820672307e+00
-2.498287004404176892e-01
-2.566903509307382758e-01
-1.398647963942153405e-01
1.712370427148118823e-01
-3.816209754496451279e-01
3.905616208391894939e-01
-2.575991111229026242e-01
-2.128642958507753202e-01
-1.871324853765518326e-01
1.712370427148118823e-01
-3.816209754496451279e-01
3.905616208391894939e-01
-2.641587442012784392e-01
-2.540348604004803446e-01
-2.000436028009133227e-01
-2.221441471072811424e+00
nan
-2.221441467085554233e+00
2.610459999999999864e-02
2.799937000000000120e-01
1.333500000000000241e-01
1.332142428081808827e+00
-1.124818941559472485e+00
-1.332142433236048529e+00
8.860460000000003333e-02
2.799937001121810543e-01
1.333499998878189818e-01
-1.736664497682460784e+00
-2.492866461476168194e+00
-2.103532237701880026e-01
2.073546000000000833e-01
2.799937003253250012e-01
1.333499992483870855e-01
-1.176893877704598745e+00
1.033925128304996610e+00
-7.970691893254649996e-01
1.505477080995262784e-02
2.099644908334369342e-01
1.214468269224964203e-01
-2.665328758701153600e+00
1.242366682475985362e+00
1.702609783876805338e-01
-1.772450583800947999e-01
1.399352812798904944e-01
1.095436549593566955e-01
6.578888234672836122e-01
1.576319523460217864e+00
1.714821099306259145e+00
-3.360489265434677408e-01
7.093455815432886391e-03
9.412837476013022342e-02
1.820322787447920254e-01
-7.650679501269785909e-02
-2.235013699562145462e+00
-4.156499028286872455e-01
-5.811052920714966652e-02
8.085481413704365128e-02
-3.970061963181588105e-01
-1.688264036415184632e+00
-6.629767227195692003e-01
-3.352977415000988892e-01
-1.225794182248730879e-01
9.315745688748471032e-02
-3.970061967207147435e-01
-1.688264036323715356e+00
-6.629767169719884556e-01
-3.352977414359353814e-01
-1.225794181980741776e-01
9.315745660884661161e-02
1.858551545658920223e-01
2.868898585172388493e+00
4.620774830971026148e-01
-2.273519655926428129e-01
-1.691912359662852139e-01
1.106505668838298484e-01
1.858551545658920223e-01
2.868898585172388493e+00
4.620774830971026148e-01
-2.067698747104144696e-01
-2.071027311303170748e-01
1.040296006436739612e-01
-7.149833665492859314e-02
-1.003005636108876830e-01
3.741503858187654186e-01
-2.675663701281552065e-01
-2.171394792907228033e-01
1.226322902287703825e-01
-7.149833665492859314e-02
-1.003005636108876830e-01
3.741503858187654186e-01
-2.773279785999489544e-01
-2.596629074598931775e-01
1.237323726778696009e-01
1.712173349615737084e-01
-3.813917330725613009e-01
3.911659748513904855e-01
-2.575744653596155898e-01
-2.129691801943404128e-01
7.939429682547805012e-02
1.712173349615737084e-01
-3.813917330725613009e-01
3.911659748513904855e-01
-2.641115168038479788e-01
-2.541458502145425569e-01
6.649119917131579571e-02
0.000000000000000000e+00
0.000000000000000000e+00
0.000000000000000000e+00
0.000000000000000000e+00
0.000000000000000000e+00
0.000000000000000000e+00
-7.711797027628908285e-01
-1.384187542409344848e-09
4.152563320997335266e-09
0.000000000000000000e+00
-0.000000000000000000e+00
0.000000000000000000e+00
-7.711797040702513817e-01
2.987235414541813266e-02
-1.739896145978216124e-01
0.000000000000000000e+00
0.000000000000000000e+00
0.000000000000000000e+00
5.401908737308711572e-01
5.059472300903917752e-01
-9.225211843092462338e-02
-1.250880683378831001e-02
2.422299564109256856e-02
5.960203935491822230e-02
5.170800513032288714e-01
7.728226406933640380e-01
-1.275868291277635569e+00
-2.501761366757662350e-02
4.844599156185161459e-02
1.192040787578525218e-01
-9.052347381996677100e-01
-3.948351369008363254e-01
-1.511373934693631904e+00
-2.064254870565884747e-01
2.587967169978677151e-01
1.730978945180751127e-01
-1.202668280993775429e+00
-4.089216977188909752e-01
3.547911772207578140e-01
-2.999166611892508660e-01
3.670896104692092932e-01
2.008035589864139991e-01
-2.765024639307996246e+00
8.454827108648766965e-01
1.152480913711189103e-01
-2.820705991201232221e-01
4.104018018666698020e-01
3.112183329281745792e-01
-2.765024639307996246e+00
8.454827108648770295e-01
1.152480913711183552e-01
-2.820705993587814264e-01
4.104018011036766334e-01
3.112183327997676829e-01
-3.184674921273295656e+00
3.412146527173064436e-01
1.699743172952568715e+00
-2.618867084058041916e-01
4.712670463371366747e-01
3.489494848987961251e-01
-3.184674921273295656e+00
3.412146527173064436e-01
1.699743172952568715e+00
-2.004545096648120694e-01
4.885051768297394847e-01
4.605896920778370651e-01
-3.477990590132264970e+00
1.173340653812476431e+00
6.482258428468421485e+00
-2.462423219439116850e-01
4.997257121421695980e-01
5.155101966049768780e-01
-3.477990590132264970e+00
1.173340653812476431e+00
6.482258428468421485e+00
1.554858770992152694e-02
6.289613722151056185e-01
6.325787884925777593e-01
-2.436431671695134860e+00
1.080036558186219908e+00
-7.996350456153107356e-01
-2.832777513840658012e-01
3.813314485671088772e-01
4.955222559486091582e-01
-2.436431671695134860e+00
1.080036558186219908e+00
-7.996350456153107356e-01
-3.301436564711228150e-01
3.551197056532663376e-01
6.029161668920128836e-01
0.000000000000000000e+00
0.000000000000000000e+00
0.000000000000000000e+00
0.000000000000000000e+00
0.000000000000000000e+00
0.000000000000000000e+00
-7.643763031905764782e-01
-1.371976146154630546e-09
4.115929126112711369e-09
0.000000000000000000e+00
-0.000000000000000000e+00
0.000000000000000000e+00
-7.643763045006746193e-01
2.964990873057743448e-02
-1.744374867653383787e-01
0.000000000000000000e+00
0.000000000000000000e+00
0.000000000000000000e+00
5.449283888569165235e-01
5.064551826966037229e-01
-9.339280262378869824e-02
-1.256864727699534209e-02
2.444579603501670015e-02
5.923034074290346729e-02
5.190386012465160182e-01
7.773311002898881661e-01
-1.268762213425107754e+00
-2.513729455399067725e-02
4.889159234731159376e-02
1.184606815329371371e-01
-9.070442730306751411e-01
-3.908239992424447085e-01
-1.506563285329532098e+00
-2.056647597842494457e-01
2.583770650911713651e-01
1.729538318265562979e-01
-1.204703654188932660e+00
-4.064899799718855178e-01
3.554436596396438053e-01
-2.987110636295472466e-01
3.662612662929736196e-01
2.009867611246752284e-01
-2.765534205319852390e+00
8.458100198260786184e-01
1.164663796130140927e-01
-2.807969067894136583e-01
4.096429712531994838e-01
3.113150157549829933e-01
-2.765534205319852390e+00
8.458100198260783964e-01
1.164663796130135376e-01
-2.807969070282095858e-01
4.096429704900891311e-01
3.113150156265994117e-01
-3.168708086277220559e+00
3.607217454568735215e-01
1.640754518625453295e+00
-2.605723494170611998e-01
4.705928190199736294e-01
3.489199732305661161e-01
-3.168708086277220559e+00
3.607217454568735215e-01
1.640754518625453295e+00
-2.007572189175890753e-01
4.833830683735991229e-01
4.616260267715041055e-01
-2.654603867663474226e+00
7.946687296714924909e-01
-8.760450957003793615e-01
-2.448537294483254245e-01
4.990450586645416298e-01
5.155362265267726674e-01
-2.654603867663474226e+00
7.946687296714924909e-01
-8.760450957003793615e-01
-2.812319690259348914e-01
5.105169510165311619e-01
6.361763284147931019e-01
-2.437221858246285677e+00
1.080403998818418421e+00
-7.985072089563991504e-01
-2.819105571436629765e-01
3.806326299121725598e-01
4.955518685589342942e-01
-2.437221858246285677e+00
1.080403998818418421e+00
-7.985072089563991504e-01
-3.287309832983146829e-01
3.544048009739003136e-01
6.029712053027960206e-01
