-2.221441471072811424e+00
nan
-2.221441467085554233e+00
2.610459999999999864e-02
2.799937000000000120e-01
-1.333499999999999686e-01
1.556092695407603310e+00
-9.400029799324531865e-01
-1.556092702099471037e+00
8.860460000000003333e-02
2.799937001121810543e-01
-1.333500001121810108e-01
-1.278274988600907047e+00
-2.556218564715643904e+00
-6.309293210164071963e-01
2.073546000000000833e-01
2.799937003253250012e-01
-1.333500007516129071e-01
-1.264001911196297678e+00
5.021536352829829575e-01
-1.032969044466480302e+00
4.334184347654937430e-02
1.711347049438461110e-01
-1.905735520405222871e-01
-3.003253774832224998e+00
5.897044982218271336e-01
-5.576480915886117273e-01
-1.206709130469013902e-01
6.227570939115958937e-02
-2.477971030037355860e-01
-7.772307988279485436e-01
-1.953400577932483451e+00
-2.318244999557698804e+00
-1.993947483966407308e-01
-1.295958595473933328e-01
-2.573421949826176780e-01
-2.180128926135637690e-01
4.332594613777004389e-01
-2.109763042342503336e+00
-2.367874133181420704e-01
-2.258433004607278138e-01
-2.674556131833311645e-01
6.279222485905615603e-01
-1.235391886890960800e+00
-1.799111023371576579e+00
-1.562561618377544259e-01
-2.774284890027476358e-01
-3.076768558056923730e-01
6.279222480272730333e-01
-1.235391890771952106e+00
-1.799111018566331488e+00
-1.562561616888118454e-01
-2.774284887577302960e-01
-3.076768558217221061e-01
-1.427360147898767417e+00
-8.901439435222612273e-01
-1.722616839020372881e+00
-5.459455497472653906e-02
-3.369832457712286233e-01
-3.234600628004655198e-01
-1.427360147898767417e+00
-8.901439435222612273e-01
-1.722616839020372881e+00
-8.243615750146798815e-02
-3.164065777732525397e-01
-3.500342425141277358e-01
1.381548697410917015e+00
6.153889941789912887e-01
-1.478186614519917175e+00
-8.854786868957664758e-02
-3.491806922227184695e-01
-3.759785248133996616e-01
1.381548697410917015e+00
6.153889941789912887e-01
-1.478186614519917175e+00
-1.237085212035256288e-01
-3.275391636968499331e-01
-3.618323634094230967e-01
1.098275814656527016e+00
-1.296386617714463174e+00
3.746990672424378443e-01
-6.540459928470923612e-02
-3.111668618227276806e-01
-3.784466027243396091e-01
1.098275814656527016e+00
-1.296386617714463174e+00
3.746990672424378443e-01
-4.525316166540271912e-02
-3.201880203144466530e-01
-4.160933739796874864e-01
-2.221441471072811424e+00
nan
-2.221441467085554233e+00
2.610459999999999864e-02
2.799937000000000120e-01
1.333500000000000241e-01
1.554880846389838478e+00
-9.411242965581559927e-01
-1.554880853073168145e+00
8.860460000000003333e-02
2.799937001121810543e-01
1.333499998878189818e-01
-1.280093827870698808e+00
-2.556489086266310995e+00
-6.286292747016629656e-01
2.073546000000000555e-01
2.799937003253250012e-01
1.333499992483870855e-01
-1.264055020764490278e+00
5.049883589933608086e-01
-1.030345169559834462e+00
4.321239178070110376e-02
1.711880983445514814e-01
7.639671612534135181e-02
-3.002548871587434220e+00
5.906260641489047281e-01
-5.525210799764143088e-01
-1.209298164385978758e-01
6.238249619313915306e-02
1.944343332829007870e-02
-7.772986133325588964e-01
-1.952809668144214417e+00
-2.319827481408673897e+00
-1.997492267070872241e-01
-1.294408852528396714e-01
9.720219067660965800e-03
-2.165735372330863384e-01
4.337222906314844861e-01
-2.109830438551926868e+00
-2.372049850014815997e-01
-2.256537280365669140e-01
-4.884808527841517922e-04
6.282528531089967005e-01
-1.235503079891755007e+00
-1.798922960306866159e+00
-1.566542905740210267e-01
-2.772262905149376344e-01
-4.068697493736939119e-02
6.282528525454836865e-01
-1.235503083773170196e+00
-1.798922955501805143e+00
-1.566542904251158053e-01
-2.772262902698954257e-01
-4.068697495336587311e-02
-1.427525862564125170e+00
-8.885923737658354415e-01
-1.721146847041337802e+00
-5.497838481884480266e-02
-3.367641997313264857e-01
-5.644161050189975409e-02
-1.427525862564125170e+00
-8.885923737658354415e-01
-1.721146847041337802e+00
-8.287130811196294355e-02
-3.161741031861486917e-01
-8.295149316920868987e-02
9.593749714120985983e-01
-9.712013020713070599e-01
5.370244267311382602e-01
-8.891566682862352133e-02
-3.489687731927356151e-01
-1.089687781465940586e-01
9.593749714120985983e-01
-9.712013020713070599e-01
5.370244267311382602e-01
-7.377742937995336592e-02
-3.662783079416689347e-01
-1.460626441938686626e-01
1.098168004721008062e+00
-1.296706326383352037e+00
3.752252456134115843e-01
-6.577819493599412759e-02
-3.109510789940697073e-01
-1.114316933368739715e-01
1.098168004721008062e+00
-1.296706326383352037e+00
3.752252456134115843e-01
-4.560629184018114013e-02
-3.199770600701436485e-01
-1.490663464602586530e-01
0.000000000000000000e+00
0.000000000000000000e+00
0.000000000000000000e+00
0.000000000000000000e+00
0.000000000000000000e+00
0.000000000000000000e+00
-3.751655316530701501e-01
-6.733831990067610097e-10
2.020149934526997982e-09
0.000000000000000000e+00
-0.000000000000000000e+00
0.000000000000000000e+00
-3.751655394134409960e-01
4.881973252407771913e-01
-9.287202185377128050e-01
0.000000000000000000e+00
0.000000000000000000e+00
0.000000000000000000e+00
6.440595482588173937e-01
1.164680189366269047e+00
-5.731156912821769867e-01
-1.290359346605069735e-01
1.308536585949754139e-01
1.209107327624132089e-01
6.090644229190806946e-01
1.168500081805996960e+00
-4.800802680773701980e-01
-2.580718693210139469e-01
2.617073173121408081e-01
2.418214655890575937e-01
-1.889761253720834422e-01
-8.856290015140934058e-01
-6.959225415002077142e-01
-3.613390643316294892e-01
3.053146532287497883e-01
2.169481272251714554e-01
-2.778814205958709538e-01
-8.240911635438108451e-01
-9.528538292477652938e-01
-4.193630915619359634e-01
3.294258570485483206e-01
2.020205671875716924e-01
-2.770100521208807898e+00
7.723274917913842685e-01
2.918821803069033827e-01
-4.353702653648280907e-01
2.415146096633134232e-01
2.827202253954460565e-01
-2.770100521208807898e+00
7.723274917913846016e-01
2.918821803069031051e-01
-4.353702654487243140e-01
2.415146096623832783e-01
2.827202246016909948e-01
-4.477788712370069035e+00
-2.208684902808780048e+00
-2.272129199841971259e-01
-4.301770977822938491e-01
2.274667512054296958e-01
3.691768343202747604e-01
-4.477788712370069035e+00
-2.208684902808780048e+00
-2.272129199841971259e-01
-3.668078234248351999e-01
1.147991610502398785e-01
2.155455354499346554e-01
-4.018140808067547809e+00
-1.666666972163547422e+00
9.211452830143559423e-01
-4.671783325570466605e-01
7.207496497458143470e-02
4.291880647123596515e-01
-4.018140808067547809e+00
-1.666666972163547422e+00
9.211452830143559423e-01
-5.106902644707734806e-01
9.652816417847889796e-02
2.836282575288914254e-01
-2.194450271295243837e+00
1.582022612553402485e+00
4.059900292421676493e-01
-4.801800566785148217e-01
7.199324900042544662e-02
3.060117500968885240e-01
-2.194450271295243837e+00
1.582022612553402485e+00
4.059900292421676493e-01
-5.360755996942492274e-01
-2.439435645928689222e-03
2.939282038072364434e-01
0.000000000000000000e+00
0.000000000000000000e+00
0.000000000000000000e+00
0.000000000000000000e+00
0.000000000000000000e+00
0.000000000000000000e+00
-3.791344317389337970e-01
-6.805069628146486729e-10
2.041521229521165923e-09
0.000000000000000000e+00
-0.000000000000000000e+00
0.000000000000000000e+00
-3.791344394804137541e-01
4.852864514182373412e-01
-9.271086805068974313e-01
0.000000000000000000e+00
0.000000000000000000e+00
0.000000000000000000e+00
6.479225180055940836e-01
1.166095805181541323e+00
-5.707453417718078015e-01
-1.285132747475546955e-01
1.305847150042574734e-01
1.209079406740065782e-01
6.157380897134823172e-01
1.169466463897972597e+00
-4.844276388493408692e-01
-2.570265494951093910e-01
2.611694301321105249e-01
2.418158814127082112e-01
-1.851204910899110212e-01
-8.877040283189092662e-01
-7.027044887231551629e-01
-3.613220702441816146e-01
3.053386843186869370e-01
2.158795759719943641e-01
-2.720674205779717858e-01
-8.271223039599461258e-01
-9.546539844390296015e-01
-4.198689626978439615e-01
3.297691742580250995e-01
2.004409171556011116e-01
-2.770155168246805744e+00
7.722777678480782226e-01
2.920064665793599690e-01
-4.358538439125889674e-01
2.419344322768072209e-01
2.810974071621025194e-01
-2.770155168246805300e+00
7.722777678480785557e-01
2.920064665793598579e-01
-4.358538439964964595e-01
2.419344322759757471e-01
2.810974063683014390e-01
-4.458546184065069973e+00
-2.176460659631570316e+00
-2.217886333917750141e-01
-4.306353442018241440e-01
2.279816691197034118e-01
3.675046125439520583e-01
-4.458546184065069973e+00
-2.176460659631570316e+00
-2.217886333917750141e-01
-3.683709781108175374e-01
1.159724662518428207e-01
2.149948659333255629e-01
-2.326273950512214306e+00
1.639977914088982081e+00
6.825231409057797016e-02
-4.676370936092759667e-01
7.256335839040461977e-02
4.275221831916650173e-01
-2.326273950512214306e+00
1.639977914088982081e+00
6.825231409057797016e-02
-5.272887988725355468e-01
-1.269391618203541405e-02
4.429625278995407145e-01
-2.194672713298133182e+00
1.582073553447161718e+00
4.062462568111957495e-01
-4.806405608052714551e-01
7.249699256004293879e-02
3.043387159755167048e-01
-2.194672713298133182e+00
1.582073553447161718e+00
4.062462568111957495e-01
-5.365145791787321317e-01
-1.903993598857511849e-03
2.922343559433369098e-01
