-2.221441471072811424e+00
nan
-2.221441467085554233e+00
2.610459999999999864e-02
2.799937000000000120e-01
-1.333499999999999686e-01
1.355997993796646872e+00
-1.107131231823329287e+00
-1.355997999111089092e+00
8.860460000000003333e-02
2.799937001121810543e-01
-1.333500001121810108e-01
-1.715023936663264470e+00
-2.481928573443985986e+00
-2.507661797448225705e-01
2.073546000000000833e-01
2.799937003253250012e-01
-1.333500007516129071e-01
-1.189239459926627385e+00
1.004480205462841891e+00
-8.225198842655653264e-01
1.560211059642102605e-02
2.089607712890074742e-01
-1.478519247636814193e-01
-2.712053315414568733e+00
1.175826723503903048e+00
1.167506056966894357e-01
-1.761503788071580312e-01
1.379278421790875730e-01
-1.623538484152326766e-01
6.491892041677133074e-01
1.598469503958389826e+00
1.787830084351024196e+00
-3.274587588826449736e-01
-3.208095416519923804e-03
-1.793735792574286392e-01
1.834904943426189927e-01
-1.735467966182112354e-02
-2.252637079391388575e+00
-4.031819588334615290e-01
-7.271318349063900233e-02
-1.934839378998448045e-01
-3.121657370970816747e-01
-1.674831581405257230e+00
-7.676516044818969542e-01
-3.234959234087857460e-01
-1.386933418259956863e-01
-1.856854146846078357e-01
-3.121657375170945325e-01
-1.674831581647437950e+00
-7.676515987331342661e-01
-3.234959233348768670e-01
-1.386933417688307468e-01
-1.856854149561662781e-01
2.769249559796814197e-01
2.812817298720681425e+00
6.303782745369259644e-01
-2.163617433363829723e-01
-1.876914417749032116e-01
-1.697978519899576155e-01
2.769249559796814197e-01
2.812817298720681425e+00
6.303782745369259644e-01
-1.976332766509798777e-01
-2.255312837883258203e-01
-1.808491875030512619e-01
2.410658116570491092e-03
-1.609654102236672268e-01
7.368244223620689093e-01
-2.571091125376677722e-01
-2.364004878893576911e-01
-1.646137615052011838e-01
2.410658116570491092e-03
-1.609654102236672268e-01
7.368244223620689093e-01
-2.509143878073183398e-01
-2.795702058270923551e-01
-1.662696489716766479e-01
2.640208442199065142e-01
-4.438729245928721423e-01
4.074432209895245127e-01
-2.456049542555275578e-01
-2.275184191208506901e-01
-2.067506435162254352e-01
2.640208442199065142e-01
-4.438729245928721423e-01
4.074432209895245127e-01
-2.502074272563714619e-01
-2.673963842972189586e-01
-2.238768299066295209e-01
-2.221441471072811424e+00
nan
-2.221441467085554233e+00
2.610459999999999864e-02
2.799937000000000120e-01
1.333500000000000241e-01
1.354626007202627491e+00
-1.108160570153609248e+00
-1.354626012507834210e+00
8.860460000000003333e-02
2.799937001121810543e-01
1.333499998878189818e-01
-1.714650059441696905e+00
-2.483813724966764003e+00
-2.485697378385969269e-01
2.073546000000000555e-01
2.799937003253250012e-01
1.333499992483870855e-01
-1.187081586329139737e+00
1.006750891386951841e+00
-8.176037153681979808e-01
1.566845220528587102e-02
2.087615549027066475e-01
1.189485339717580026e-01
-2.708406622631728933e+00
1.175699673994055283e+00
1.227815753687235695e-01
-1.760176955894283135e-01
1.375294094071720097e-01
1.045470690557855631e-01
6.500768107153565012e-01
1.596478644312565587e+00
1.787949013479440463e+00
-3.274612069343074694e-01
-3.431864309085985720e-03
8.728346039989715033e-02
1.846329631459238396e-01
-1.664417405436558264e-02
-2.252244112443618107e+00
-4.032659763740799597e-01
-7.282412585853591247e-02
7.305625170543886271e-02
-3.120223776806736460e-01
-1.674701069316479884e+00
-7.673367359149674272e-01
-3.235594567488795370e-01
-1.387807489789598947e-01
8.084451825120540780e-02
-3.120223781002067764e-01
-1.674701069558653055e+00
-7.673367301663217566e-01
-3.235594566750362722e-01
-1.387807489217906531e-01
8.084451797963003450e-02
3.155836874189856811e-01
2.813820687394360309e+00
6.362674133690462419e-01
-2.164082430407223145e-01
-1.877468689763406307e-01
9.671579671377841803e-02
3.155836874189856811e-01
2.813820687394360309e+00
6.362674133690462419e-01
-1.987044342776689843e-01
-2.259335380956654926e-01
8.517913422142645019e-02
2.880165581936662902e-02
-1.555894189790606175e-01
4.021085163074594182e-01
-2.571405878014410007e-01
-2.364673695355872796e-01
1.019103111194182704e-01
2.880165581936662902e-02
-1.555894189790606175e-01
4.021085163074594182e-01
-2.653586747445995098e-01
-2.791660319757272579e-01
9.816486088911625940e-02
2.639972181824158937e-01
-4.436932051418269740e-01
4.080090994200176180e-01
-2.456466131140264131e-01
-2.275846238400113242e-01
5.977079280474360823e-02
2.639972181824158937e-01
-4.436932051418269740e-01
4.080090994200176180e-01
-2.502283846743272866e-01
-2.674680780110518241e-01
4.265183905850865320e-02
0.000000000000000000e+00
0.000000000000000000e+00
0.000000000000000000e+00
0.000000000000000000e+00
0.000000000000000000e+00
0.000000000000000000e+00
-7.904817253277801603e-01
-1.418832669974169686e-09
4.256498721056309663e-09
0.000000000000000000e+00
-0.000000000000000000e+00
0.000000000000000000e+00
-7.904817270873102375e-01
4.737165372023113830e-02
-2.320345228608312882e-01
0.000000000000000000e+00
0.000000000000000000e+00
0.000000000000000000e+00
5.604972056519913481e-01
5.478292543320899544e-01
-1.298622204392185786e-01
-1.716907191892606127e-02
3.302969144698719023e-02
6.523386495271718544e-02
5.612906389127981788e-01
7.732846862248567987e-01
-1.244673088567579633e+00
-3.433814383785212254e-02
6.605938317895666823e-02
1.304677299636157195e-01
-8.071949868426844255e-01
-4.828259114265974761e-01
-1.499678463260450734e+00
-2.231673444167971976e-01
2.639418675322102725e-01
1.682539025868846627e-01
-1.058580174677118402e+00
-5.739346327027451400e-01
2.981646335053157459e-01
-3.205897813164936272e-01
3.661125089089039553e-01
1.877969382079812954e-01
-2.769776393506315770e+00
8.429384356079976381e-01
1.306973516063981711e-01
-3.053926741449700666e-01
3.981274285242030198e-01
3.033768012168462924e-01
-2.769776393506316214e+00
8.429384356079976381e-01
1.306973516063973939e-01
-3.053926743813483169e-01
3.981274277817065665e-01
3.033768009962115042e-01
-3.404651179572511843e+00
-5.744225708119632401e-02
2.137697488085199993e+00
-2.855965150044498246e-01
4.561345782281827077e-01
3.487830636316167077e-01
-3.404651179572511843e+00
-5.744225708119632401e-02
2.137697488085199993e+00
-2.040715661271818304e-01
4.585444319267504287e-01
4.786903317755328291e-01
-3.797645748232927332e+00
4.274237264957679860e-01
7.118059303616731448e+00
-2.748605025547458114e-01
4.651677764351258015e-01
5.180437533593154065e-01
-3.797645748232927332e+00
4.274237264957679860e-01
7.118059303616731448e+00
3.171634425487775133e-02
5.029737204387214611e-01
6.793392768091063294e-01
-2.409106365480756740e+00
1.175537254696911837e+00
-7.406780878137770863e-01
-3.115401628233471221e-01
3.499615983649663198e-01
4.837451117734711259e-01
-2.409106365480756740e+00
1.175537254696911837e+00
-7.406780878137770863e-01
-3.612093679488872500e-01
3.121117446169136000e-01
5.852257499985086264e-01
0.000000000000000000e+00
0.000000000000000000e+00
0.000000000000000000e+00
0.000000000000000000e+00
0.000000000000000000e+00
0.000000000000000000e+00
-7.851168705186757357e-01
-1.409203312293991780e-09
4.227610643189440525e-09
0.000000000000000000e+00
-0.000000000000000000e+00
0.000000000000000000e+00
-7.851168722746333373e-01
4.684302723354708681e-02
-2.316937177395846925e-01
0.000000000000000000e+00
0.000000000000000000e+00
0.000000000000000000e+00
5.644805202617079187e-01
5.483644930856237387e-01
-1.302978697719207324e-01
-1.717864882568932716e-02
3.310564284757806092e-02
6.490471866105945731e-02
5.625089439316158790e-01
7.773019040503021948e-01
-1.236419974205358541e+00
-3.435729765137865432e-02
6.621128597831373030e-02
1.298094373793667322e-01
-8.094031289259768780e-01
-4.785568247097571892e-01
-1.493903500838856813e+00
-2.220636679425902482e-01
2.631700026423907102e-01
1.682347898904171246e-01
-1.061146900087778011e+00
-5.710974605130701987e-01
2.987870697240848084e-01
-3.189204825851360559e-01
3.648994658555719250e-01
1.881242137508389034e-01
-2.770305189641496746e+00
8.432198342346588493e-01
1.317821533177470084e-01
-3.036613556801751046e-01
3.969792381943883508e-01
3.036340708596217963e-01
-2.770305189641496746e+00
8.432198342346589603e-01
1.317821533177464532e-01
-3.036613559167066212e-01
3.969792374517729372e-01
3.036340706389795141e-01
-3.385353671078771498e+00
-2.995567692137290905e-02
2.078182478986198234e+00
-2.838255181530021654e-01
4.550681409585706216e-01
3.489331385439392585e-01
-3.385353671078771498e+00
-2.995567692137290905e-02
2.078182478986198234e+00
-2.041210629240062246e-01
4.528042034207897526e-01
4.787388486088996475e-01
-2.625214082016136263e+00
9.019316368228117442e-01
-8.558926386684096999e-01
-2.730249081025330482e-01
4.640907350719337132e-01
5.182501150822733660e-01
-2.625214082016136263e+00
9.019316368228117442e-01
-8.558926386684096999e-01
-3.129485190228908364e-01
4.612919265024406079e-01
6.377553976115775125e-01
-2.409888825452970451e+00
1.175868145070040560e+00
-7.396793465337913043e-01
-3.097283731056982847e-01
3.488661095302849624e-01
4.839502511529347739e-01
-2.409888825452970451e+00
1.175868145070040560e+00
-7.396793465337913043e-01
-3.593589728115690884e-01
3.110003759874776508e-01
5.854525009059365903e-01
