-2.221441471072811424e+00
nan
-2.221441467085554233e+00
2.610459999999999864e-02
2.799937000000000120e-01
-1.333499999999999686e-01
1.488612789674445436e+00
-1.000318051493358951e+00
-1.488612795894695751e+00
8.860460000000003333e-02
2.799937001121810543e-01
-1.333500001121810108e-01
-3.358741108122330621e-01
-3.023188822665769937e+00
-5.931089606702626416e-01
2.073546000000000833e-01
2.799937003253250012e-01
-1.333500007516129071e-01
-1.155355257348672948e+00
-5.542533620752487789e-01
-1.194590300818876072e+00
1.623592732406115291e-01
9.481778638756463429e-02
-2.089165374403552655e-01
-2.249797673204904314e+00
8.197050177242999336e-01
-1.516213117875784278e+00
1.173639464812229749e-01
-9.035812768921999694e-02
-2.844830737884185279e-01
-6.078838929867040886e-01
-1.295516335103526817e+00
-2.616606119407260067e+00
4.751484326908286815e-02
-2.533629711864914258e-01
-3.924357197814181131e-01
2.129201776420018288e-01
8.263524118897832560e-01
-1.596663855478427818e+00
1.778834178218900372e-02
-3.352976328528398109e-01
-4.487127917287993539e-01
-1.678789761178933304e+00
-1.484206764908008735e-01
2.520221291785520012e+00
1.135673099973979333e-01
-3.331732463318284876e-01
-4.885366379712123841e-01
-1.678789761652035306e+00
-1.484206689987178640e-01
2.520221293110097793e+00
1.135673101072752211e-01
-3.331732463735060379e-01
-4.885366377091736045e-01
4.271926871096157208e-01
1.301479380798803986e-01
8.052424458423748099e-01
2.193096742977780345e-01
-3.622113691924185863e-01
-5.344310907914018305e-01
4.271926871096157208e-01
1.301479380798803986e-01
8.052424458423748099e-01
2.264974498473384945e-01
-4.020751946516519792e-01
-5.506777035773002815e-01
-7.347933862289822704e-01
-2.667005457369614252e+00
2.004207766019189541e-01
2.119453584059828866e-01
-3.006310438035465493e-01
-5.490401441764263257e-01
-7.347933862289822704e-01
-2.667005457369614252e+00
2.004207766019189541e-01
2.147444190070322556e-01
-3.441792291264315073e-01
-5.483604829039357975e-01
1.390294024331483635e+00
-2.524500606433245142e+00
-7.120605916615347919e-01
2.290164754007273651e-01
-3.071289713096024832e-01
-5.083817190756210191e-01
1.390294024331483635e+00
-2.524500606433245142e+00
-7.120605916615347919e-01
2.695510333312173268e-01
-3.029054964989380538e-01
-5.239975123155893311e-01
-2.221441471072811424e+00
nan
-2.221441467085554233e+00
2.610459999999999864e-02
2.799937000000000120e-01
1.333500000000000241e-01
1.489077104529429763e+00
-9.999174440497902161e-01
-1.489077110752899280e+00
8.860460000000003333e-02
2.799937001121810543e-01
1.333499998878189818e-01
-3.365182612993470879e-01
-3.022768104702186598e+00
-5.940616504731793812e-01
2.073546000000000833e-01
2.799937003253250012e-01
1.333499992483870855e-01
-1.155253191947633651e+00
-5.526650062308321454e-01
-1.193850391286445323e+00
1.622689692592876043e-01
9.488648970353494305e-02
5.766904737453432128e-02
-2.252362722154325869e+00
8.178601855458033087e-01
-1.515352767441096038e+00
1.171833385185751253e-01
-9.022072105750400528e-02
-1.801190415873109296e-02
-6.082869072043052272e-01
-1.298167283934694050e+00
-2.615265310681276656e+00
4.735533756298193619e-02
-2.534673949339844023e-01
-1.256122003981549051e-01
2.113778189846616529e-01
8.248350430709558978e-01
-1.596781717990140015e+00
1.763643658113105833e-02
-3.355206968669797729e-01
-1.817201772492555989e-01
-1.678756586837356402e+00
-1.482571511514216844e-01
2.520148778651811750e+00
1.134156124046706848e-01
-3.334103903762820620e-01
-2.215442727829750047e-01
-1.678756587309895743e+00
-1.482571436594770642e-01
2.520148779976254083e+00
1.134156125145429350e-01
-3.334103904179635536e-01
-2.215442725209348096e-01
4.263639351795291965e-01
1.318625487571012944e-01
7.968112947492065334e-01
2.191541060897314597e-01
-3.624641340409792689e-01
-2.674377572774654932e-01
4.263639351795291965e-01
1.318625487571012944e-01
7.968112947492065334e-01
2.259871905700645278e-01
-4.024205061183075416e-01
-2.836099065320554780e-01
1.427229376821190776e+00
-2.379093205063162131e+00
-2.359368637524676404e-01
2.117978030715489401e-01
-3.008834268304531601e-01
-2.820492380277571098e-01
1.427229376821190776e+00
-2.379093205063162131e+00
-2.359368637524676404e-01
2.518391020424908811e-01
-2.964911561507872495e-01
-2.988463645560116566e-01
1.389715749041232629e+00
-2.524770406976122317e+00
-7.119767172637258001e-01
2.288681420616484052e-01
-3.073819715183383483e-01
-2.413905849179620033e-01
1.389715749041232629e+00
-2.524770406976122317e+00
-7.119767172637258001e-01
2.694028000880739904e-01
-3.031768582853687777e-01
-2.570110729381436254e-01
0.000000000000000000e+00
0.000000000000000000e+00
0.000000000000000000e+00
0.000000000000000000e+00
0.000000000000000000e+00
0.000000000000000000e+00
5.991162009938787447e-01
1.075351411480698676e-09
-3.226054773419490611e-09
0.000000000000000000e+00
-0.000000000000000000e+00
0.000000000000000000e+00
5.991161929626831473e-01
4.068361070867624885e-01
-9.969524995735502548e-01
0.000000000000000000e+00
0.000000000000000000e+00
0.000000000000000000e+00
8.141459349090285347e-01
1.291779764270033937e+00
-6.358249340911481529e-01
-2.153547858735436471e-01
9.013133925823535453e-02
-9.263616501088986488e-02
-1.619558735020442564e+00
1.456271045971885281e+00
4.102136466882556620e-01
-4.307095717470872942e-01
1.802626783123643384e-01
-1.852723301050713534e-01
-1.851292983345897758e+00
8.175457912888550727e-01
-2.849674011705871646e-02
-5.210510731638813287e-01
-2.322602782072411692e-02
1.804428146265159572e-01
-1.781259476505880679e+00
6.814340159401799379e-01
1.326776217378255462e-01
-5.693950272406080870e-01
-1.265642678527018894e-01
3.564306550425986875e-01
-2.694469571273634401e+00
6.611789312696678689e-01
5.123803783362069764e-01
-5.968142092670200016e-01
-1.847931456476165080e-01
2.873795244667897153e-01
-2.694469571273633512e+00
6.611789312696677579e-01
5.123803783362071984e-01
-5.968142090724107840e-01
-1.847931448852621894e-01
2.873795245064401094e-01
-4.663344149871825550e+00
2.975377067318736302e+00
-6.036961354120066403e+00
-6.122800901563966169e-01
-2.542740396354766230e-01
2.957072395035018064e-01
-4.663344149871825550e+00
2.975377067318736302e+00
-6.036961354120066403e+00
-9.012762629859456531e-01
-3.734299095406147240e-01
4.602196342151329556e-01
-3.791767571346293941e+00
5.493686766476594263e-01
-2.132657911217800795e+00
-6.534918388811854495e-01
-2.974110204093625143e-01
1.346500570649264983e-01
-3.791767571346293941e+00
5.493686766476594263e-01
-2.132657911217800795e+00
-7.459918362153782345e-01
-3.008033415716389603e-01
2.982369377449651804e-01
-2.325172900996443914e+00
3.368572170468191462e-01
1.383262342212905338e+00
-6.232799342719730351e-01
-1.791112257749459258e-01
1.408714621161714364e-01
-2.325172900996443914e+00
3.368572170468191462e-01
1.383262342212905338e+00
-6.343824005836440350e-01
-1.593507175005895449e-01
1.173967945596854773e-01
0.000000000000000000e+00
0.000000000000000000e+00
0.000000000000000000e+00
0.000000000000000000e+00
0.000000000000000000e+00
0.000000000000000000e+00
5.985853631344438819e-01
1.074398612607185137e-09
-3.223196376321397327e-09
0.000000000000000000e+00
-0.000000000000000000e+00
0.000000000000000000e+00
5.985853550802832101e-01
4.086722834696402962e-01
-9.995670543299177702e-01
0.000000000000000000e+00
0.000000000000000000e+00
0.000000000000000000e+00
8.148623777450849648e-01
1.296636713809354635e+00
-6.365234282090702633e-01
-2.159557766738935403e-01
9.036762056232436335e-02
-9.237721773148890869e-02
-1.621121585449214919e+00
1.460261092367152846e+00
4.144652094605102421e-01
-4.319115533477870805e-01
1.807352409207781396e-01
-1.847544355463301424e-01
-1.854538295236586531e+00
8.158021409380280531e-01
-2.621526379817229468e-02
-5.213760125914501664e-01
-2.263919895595040838e-02
1.818553841808496496e-01
-1.785036957816236169e+00
6.812063445554601415e-01
1.338070128818419358e-01
-5.693000691859642082e-01
-1.259145018655335457e-01
3.582711179135189550e-01
-2.694629008662070113e+00
6.611652668614846906e-01
5.120069741250701245e-01
-5.967108695375021865e-01
-1.841860587915946090e-01
2.892587605880161394e-01
-2.694629008662069669e+00
6.611652668614845796e-01
5.120069741250709017e-01
-5.967108693429090671e-01
-1.841860580292381255e-01
2.892587606276887380e-01
-4.670623960874041636e+00
2.984073129516964240e+00
-6.062079724500659239e+00
-6.121783280797381543e-01
-2.537131272188005715e-01
2.976372016823264355e-01
-4.670623960874041636e+00
2.984073129516964240e+00
-6.062079724500659239e+00
-9.026559171514737523e-01
-3.706698579101469493e-01
4.638679667068130730e-01
-2.311727780750225669e+00
7.001672734461237280e-01
1.434972571071119418e+00
-6.533686832125894517e-01
-2.968521255571305861e-01
1.365637737070482527e-01
-2.311727780750225669e+00
7.001672734461237280e-01
1.434972571071119418e+00
-6.714322694456473783e-01
-2.782243438559132698e-01
9.837443243056441522e-02
-2.325373169116405681e+00
3.368298592139505887e-01
1.382901151570032683e+00
-6.231592937771625040e-01
-1.785520068207386013e-01
1.427886255033052332e-01
-2.325373169116405681e+00
3.368298592139505887e-01
1.382901151570032683e+00
-6.342359964902093417e-01
-1.588200452881318447e-01
1.193568848619348532e-01
