-2.221441471072811424e+00
nan
-2.221441467085554233e+00
2.610459999999999864e-02
2.799937000000000120e-01
-1.333499999999999686e-01
1.538667183410618700e+00
-9.559898907375820043e-01
-1.538667189979960881e+00
8.860460000000003333e-02
2.799937001121810543e-01
-1.333500001121810108e-01
-1.358582041724521350e+00
-2.523001821110632648e+00
-5.892977702450825639e-01
2.073546000000000833e-01
2.799937003253250012e-01
-1.333500007516129071e-01
-1.262716441672037559e+00
5.944882371676649679e-01
-1.006176254839173501e+00
3.620485678319473877e-02
1.788291362358498948e-01
-1.833349621841086907e-01
-2.991186492130688990e+00
6.469906854030180732e-01
-4.421886523737660890e-01
-1.349448864336106058e-01
7.766457198338092005e-02
-2.333199232867211870e-01
7.447151712761385101e-01
1.919121592443894908e+00
2.291484100646406397e+00
-2.206157229072894799e-01
-1.111051437802929032e-01
-2.447108050963957560e-01
-1.579887052028511873e-01
3.948710674236604046e-01
-2.168495971844345060e+00
-2.618558753494442670e-01
-2.056494576649278150e-01
-2.558770505993149813e-01
4.968298785639470583e-01
-1.328122173336526268e+00
-1.668377322953558339e+00
-1.822502167366415737e-01
-2.622378490750333913e-01
-2.908735586313831445e-01
4.968298780164034367e-01
-1.328122176715368141e+00
-1.668377317906083235e+00
-1.822502165934266061e-01
-2.622378488343291014e-01
-2.908735586948280050e-01
-1.488417962878977097e+00
-1.237856579823668257e+00
-1.768579499817967138e+00
-8.026676715455043076e-02
-3.223824824449660342e-01
-3.015018263594310133e-01
-1.488417962878977097e+00
-1.237856579823668257e+00
-1.768579499817967138e+00
-1.038372341122941744e-01
-3.101735852911879365e-01
-3.361445318295928075e-01
1.227141120511792804e+00
3.992820059808404598e-01
-1.365626165989682894e+00
-1.163393418363051213e-01
-3.435210532170430708e-01
-3.495822199300239741e-01
1.227141120511792804e+00
3.992820059808404598e-01
-1.365626165989682894e+00
-1.540445872080631329e-01
-3.221232468323603770e-01
-3.445633078976056418e-01
1.005080068346415612e+00
-1.161079920897855944e+00
4.098946757620308134e-01
-9.408387585880677306e-02
-3.061728313398492385e-01
-3.594086224119251716e-01
1.005080068346415612e+00
-1.161079920897855944e+00
4.098946757620308134e-01
-7.738578216757538430e-02
-3.198652955847615664e-01
-3.973352781383487353e-01
-2.221441471072811424e+00
nan
-2.221441467085554233e+00
2.610459999999999864e-02
2.799937000000000120e-01
1.333500000000000241e-01
1.537289986620440585e+00
-9.572409383054404364e-01
-1.537289993180121161e+00
8.860460000000003333e-02
2.799937001121810543e-01
1.333499998878189818e-01
-1.360268611057717569e+00
-2.523541361988502096e+00
-5.867947883731327030e-01
2.073546000000000833e-01
2.799937003253250012e-01
1.333499992483870855e-01
-1.262473453214521202e+00
5.973496475205890555e-01
-1.003242172708703528e+00
3.610815834779351752e-02
1.788622948183695438e-01
8.362983189503667147e-02
-2.989846582299096500e+00
6.482975186478084906e-01
-4.368953623099787742e-01
-1.351382833044131038e-01
7.773088914907241853e-02
3.390966487189099599e-02
7.445586348618631334e-01
1.916930625790913334e+00
2.291834682531304512e+00
-2.209672504068361798e-01
-1.109525171891060091e-01
2.228165649757914146e-02
-1.561436330898565150e-01
3.955467935580147532e-01
-2.168533349035116853e+00
-2.623021316033248840e-01
-2.054407836351012095e-01
1.099194434434883245e-02
4.971451039718423059e-01
-1.328214607740381359e+00
-1.668175408841154006e+00
-1.826764877756025529e-01
-2.620133132753907357e-01
-2.398473696076194872e-02
4.971451034241378686e-01
-1.328214611119616917e+00
-1.668175403793833667e+00
-1.826764876324236120e-01
-2.620133130346579131e-01
-2.398473702417990711e-02
-1.489751095782782420e+00
-1.233812637238195897e+00
-1.765739266547087238e+00
-8.067792944918884823e-02
-3.221367491133045324e-01
-3.458792276235257701e-02
-1.489751095782782420e+00
-1.233812637238195897e+00
-1.765739266547087238e+00
-1.043789526650661936e-01
-3.098566557134648791e-01
-6.911620000321214152e-02
8.507446953418678071e-01
-8.355514858808777978e-01
5.437256236276198917e-01
-1.167349560179387902e-01
-3.432841460743134010e-01
-8.267609699629473174e-02
8.507446953418678071e-01
-8.355514858808777978e-01
5.437256236276198917e-01
-1.052282873406610031e-01
-3.657447308892395887e-01
-1.182831163932179241e-01
1.004998534456876591e+00
-1.161347039065789621e+00
4.104424176259042767e-01
-9.448508529677947243e-02
-3.059314919822209156e-01
-9.249832251641929015e-02
1.004998534456876591e+00
-1.161347039065789621e+00
4.104424176259042767e-01
-7.776567713066591392e-02
-3.196276503745798525e-01
-1.304142526840455785e-01
0.000000000000000000e+00
0.000000000000000000e+00
0.000000000000000000e+00
0.000000000000000000e+00
0.000000000000000000e+00
0.000000000000000000e+00
-4.765662490277485785e-01
-8.553869645085553557e-10
2.566161322254575725e-09
0.000000000000000000e+00
-0.000000000000000000e+00
0.000000000000000000e+00
-4.765662560676992010e-01
4.204237165465238846e-01
-8.508955404141851364e-01
0.000000000000000000e+00
0.000000000000000000e+00
0.000000000000000000e+00
6.543981203625041099e-01
1.088923219824729394e+00
-5.205929100871695692e-01
-1.070953396885639675e-01
1.218094073166397090e-01
1.201670286840343799e-01
6.860601647921555912e-01
1.087600030798664408e+00
-6.263265302683274083e-01
-2.141906793771279072e-01
2.436188147904905787e-01
2.403340574457461798e-01
-2.339456955734176002e-01
-1.021541611199630051e+00
-8.754286963036205238e-01
-3.448108838781542285e-01
3.050915627957084819e-01
2.040022795284723300e-01
-2.266124178681069579e-01
-1.027930619637929865e+00
-8.484170267140538346e-01
-4.161709049029975738e-01
3.385820806123825966e-01
1.839919830308475446e-01
-2.775040777650989554e+00
7.836423770115181764e-01
2.719316346328732870e-01
-4.282074775031228797e-01
2.631126411204068871e-01
2.786447092161022376e-01
-2.775040777650989110e+00
7.836423770115183984e-01
2.719316346328730649e-01
-4.282074776182958620e-01
2.631126409832896251e-01
2.786447084359086612e-01
-4.550846665751810960e+00
-2.453568149922927155e+00
3.392994567675193807e-01
-4.201810100223645206e-01
2.613512909296392128e-01
3.656299665281892985e-01
-4.550846665751810960e+00
-2.453568149922927155e+00
3.392994567675193807e-01
-3.393252434256219252e-01
9.570020361361217254e-02
2.522374006170806648e-01
-4.140315160736699696e+00
-1.918549906448960174e+00
1.535747704864393270e+00
-4.521105978238195156e-01
1.181169639671096061e-01
4.525583605705003620e-01
-4.140315160736699696e+00
-1.918549906448960174e+00
1.535747704864393270e+00
-4.946012630785002750e-01
8.099109750430905086e-02
2.916253034088686080e-01
-2.210783809061332317e+00
1.607779861893043671e+00
2.228248182917108577e-01
-4.699671462479049211e-01
9.690026162500037232e-02
3.314751956284249235e-01
-2.210783809061332317e+00
1.607779861893043671e+00
2.228248182917108577e-01
-5.278938386964608931e-01
1.677337490574648537e-02
3.348994151184632728e-01
0.000000000000000000e+00
0.000000000000000000e+00
0.000000000000000000e+00
0.000000000000000000e+00
0.000000000000000000e+00
0.000000000000000000e+00
-4.801767434873878138e-01
-8.618674274085328592e-10
2.585602714202583871e-09
0.000000000000000000e+00
-0.000000000000000000e+00
0.000000000000000000e+00
-4.801767504993854074e-01
4.169930439880818462e-01
-8.481687336903598329e-01
0.000000000000000000e+00
0.000000000000000000e+00
0.000000000000000000e+00
6.589434683415476002e-01
1.089712592763689702e+00
-5.174334086595426818e-01
-1.065094600774311728e-01
1.213714091711146359e-01
1.199695246464465154e-01
6.924841568410788906e-01
1.088563320500233411e+00
-6.306167773025237455e-01
-2.130189201548622902e-01
2.427428185007859396e-01
2.399390493708457028e-01
-2.309580833389004995e-01
-1.022352543097910349e+00
-8.828346809226692571e-01
-3.446636651970524379e-01
3.049202167089465898e-01
2.027090452469685611e-01
-2.219744902269188969e-01
-1.030252892316543045e+00
-8.496049094749790198e-01
-4.165391178251404702e-01
3.388046330806672168e-01
1.822730532534708181e-01
-2.775165629960035130e+00
7.837416263691505680e-01
2.719201170380679544e-01
-4.285685896707246423e-01
2.633903641619967373e-01
2.768652615372990677e-01
-2.775165629960034686e+00
7.837416263691509011e-01
2.719201170380678989e-01
-4.285685897858879656e-01
2.633903640249347089e-01
2.768652607570104007e-01
-4.529812362188136987e+00
-2.416464542593284914e+00
3.381873178786648504e-01
-4.205299760457812952e-01
2.617002272751747238e-01
3.637772382397326254e-01
-4.529812362188136987e+00
-2.416464542593284914e+00
3.381873178786648504e-01
-3.412465902266048068e-01
9.727822471211242106e-02
2.508780371239662799e-01
-2.359097831662290368e+00
1.607480526307942581e+00
-1.132315569129866972e-01
-4.524682772723262469e-01
1.184429480489898046e-01
4.507241600940734005e-01
-2.359097831662290368e+00
1.607480526307942581e+00
-1.132315569129866972e-01
-5.122491145405196900e-01
3.313958778854120268e-02
4.852141312074311208e-01
-2.211070841300270651e+00
1.607996616233427156e+00
2.229223508569435630e-01
-4.703233023484373332e-01
9.723483282640324465e-02
3.296262084044075946e-01
-2.211070841300270651e+00
1.607996616233427156e+00
2.229223508569435630e-01
-5.282388099327895992e-01
1.712715498531425240e-02
3.330246331070463306e-01
