-2.221441471072811424e+00
nan
-2.221441467085554233e+00
2.610459999999999864e-02
2.799937000000000120e-01
-1.333499999999999686e-01
1.446886806612070364e+00
-1.035536260120225149e+00
-1.446886812544426082e+00
8.860460000000003333e-02
2.799937001121810543e-01
-1.333500001121810108e-01
-1.621646406506880578e-01
-3.078205849690371476e+00
-5.100748808139873303e-01
2.073546000000000833e-01
2.799937003253250012e-01
-1.333500007516129071e-01
-1.110085603192930925e+00
-7.526008993164862160e-01
-1.214711218259783454e+00
1.858149461838568550e-01
8.702480638585832762e-02
-1.991075043938557165e-01
-1.957891315520464914e+00
9.097190107569856909e-01
-1.531148844378865670e+00
1.642752923677136268e-01
-1.059440876722932412e-01
-2.648650076878114601e-01
-4.173346657926312320e-01
-1.027393164531762437e+00
-2.767659050099425144e+00
1.111011001238028789e-01
-2.420793479007920246e-01
-4.123199031702150519e-01
4.285557844843243536e-01
9.192496366452613810e-01
-1.515844833336666753e+00
9.000989940624970487e-02
-3.103412247690558456e-01
-4.875498168928418807e-01
-1.620932870007262050e+00
-4.677428106152085041e-01
2.239217934116672470e+00
1.888554243115805331e-01
-3.033630276924508817e-01
-5.182895220272393244e-01
-1.620932870336492915e+00
-4.677428037871251276e-01
2.239217936295843980e+00
1.888554243959577883e-01
-3.033630278223379828e-01
-5.182895217854043279e-01
6.671323989675695953e-01
-3.541718412965167984e-01
1.472520163284522621e+00
2.964745462563487255e-01
-3.247689174064091189e-01
-5.640155918797487011e-01
6.671323989675695953e-01
-3.541718412965167984e-01
1.472520163284522621e+00
3.295439008888849663e-01
-3.430378856031683910e-01
-5.858651618943588879e-01
-3.563729849257082916e-01
-2.750642137564852874e+00
-3.484068828826858977e-01
2.937025619659059394e-01
-2.613297212049319196e-01
-5.587640632676189600e-01
-3.563729849257082916e-01
-2.750642137564852874e+00
-3.484068828826858977e-01
3.057648493350669239e-01
-3.001048917956045115e-01
-5.747555764448644133e-01
-1.265373188413344119e+00
2.629898308304978727e+00
1.115309890010649951e+00
3.068152696704625204e-01
-2.815145018920481856e-01
-5.212489309305489149e-01
-1.265373188413344119e+00
2.629898308304978727e+00
1.115309890010649951e+00
3.481414419329191268e-01
-2.799333163795118540e-01
-5.351912572471543283e-01
-2.221441471072811424e+00
nan
-2.221441467085554233e+00
2.610459999999999864e-02
2.799937000000000120e-01
1.333500000000000241e-01
1.447292404517931619e+00
-1.035201261554110852e+00
-1.447292410453072664e+00
8.860460000000003333e-02
2.799937001121810543e-01
1.333499998878189818e-01
-1.624279327003733675e-01
-3.077988395620699258e+00
-5.109425916052569017e-01
2.073546000000000833e-01
2.799937003253250012e-01
1.333499992483870855e-01
-1.109959560552393532e+00
-7.515231251900399423e-01
-1.214215577890252140e+00
1.857786525211109485e-01
8.706605104071882262e-02
6.748346273777157400e-02
-1.959722457815283425e+00
9.087049572772910588e-01
-1.530918826135250210e+00
1.642027050422218137e-01
-1.058615983627712587e-01
1.616926575375265962e-03
-4.180211438624955034e-01
-1.029315439030209722e+00
-2.766962893935136059e+00
1.109729443220329459e-01
-2.422087641510507761e-01
-1.456219709862911493e-01
4.275230998557147943e-01
9.182314873070934746e-01
-1.516084461466419286e+00
8.985266559404354869e-02
-3.105750974847480972e-01
-2.207488023646864139e-01
-1.620880100239555865e+00
-4.676108465381112467e-01
2.239184978797163605e+00
1.886976025701034287e-01
-3.036080998937789599e-01
-2.514929380455961927e-01
-1.620880100568365956e+00
-4.676108397101556569e-01
2.239184980976280936e+00
1.886976026544773533e-01
-3.036081000236695582e-01
-2.514929378037619179e-01
6.675407580622568782e-01
-3.523852573149240386e-01
1.467976714330709420e+00
2.963124743212066647e-01
-3.250264626532552992e-01
-2.972231698563217450e-01
6.675407580622568782e-01
-3.523852573149240386e-01
1.467976714330709420e+00
3.292507285767692915e-01
-3.434364258222627475e-01
-3.191522780762586220e-01
1.351733605210953204e+00
-2.608850610395390568e+00
-5.984721755570650004e-01
2.935474546474269308e-01
-2.615868526098085178e-01
-2.919729690888246965e-01
1.351733605210953204e+00
-2.608850610395390568e+00
-5.984721755570650004e-01
3.350568162464941380e-01
-2.603069619179896876e-01
-3.053922054331508207e-01
-1.264857329907561612e+00
2.630266864869698296e+00
1.115350696997169155e+00
3.066596397187796863e-01
-2.817721699579431860e-01
-2.544579428298748836e-01
-1.264857329907561612e+00
2.630266864869698296e+00
1.115350696997169155e+00
3.479831611535546543e-01
-2.802061873565757089e-01
-2.684098387344432401e-01
0.000000000000000000e+00
0.000000000000000000e+00
0.000000000000000000e+00
0.000000000000000000e+00
0.000000000000000000e+00
0.000000000000000000e+00
3.837793746635816960e-01
6.888441533662999603e-10
-2.066532805354807421e-09
0.000000000000000000e+00
-0.000000000000000000e+00
0.000000000000000000e+00
3.837793680153444575e-01
2.870420364501496402e-01
-8.423401297140847843e-01
0.000000000000000000e+00
0.000000000000000000e+00
0.000000000000000000e+00
4.843815909992271185e-01
1.188314632318980157e+00
-5.352158339520076691e-01
-1.814206109091012209e-01
4.338008797957330909e-02
-6.787469406689150553e-02
-1.630164979364919775e+00
1.237554491025954828e+00
1.293209466359546145e-02
-3.628412218182024418e-01
8.676017582548119222e-02
-1.357493881793318258e-01
-1.672763429751589426e+00
1.099684190799110617e+00
-1.390117320640911203e-01
-5.435641758738856133e-01
-1.543032845136060316e-01
1.519795059200261811e-01
-1.543516875076267558e+00
7.013754753197658509e-01
1.861692279171462683e-01
-6.357825244072424775e-01
-2.772132086691249109e-01
2.893591371855279704e-01
-2.680531688961911740e+00
6.211056472703968545e-01
5.397664190883679769e-01
-6.586417252690749402e-01
-3.062584672242454342e-01
2.092603452264722996e-01
-2.680531688961911296e+00
6.211056472703965214e-01
5.397664190883683100e-01
-6.586417250487611730e-01
-3.062584665304552423e-01
2.092603455222318554e-01
-3.563036931611970992e+00
3.677713701740539243e+00
-3.351612409624822764e+00
-6.754882650436452307e-01
-3.707394583980208602e-01
1.997966665409842968e-01
-3.563036931611970992e+00
3.677713701740539243e+00
-3.351612409624822764e+00
-8.170752285828160044e-01
-5.594259426646110978e-01
1.432700562886868312e-01
-3.282266894602549279e+00
1.179618959205444462e+00
-1.268364656285081660e+00
-7.064688587293652677e-01
-3.581587935719384719e-01
3.146758589759166003e-02
-3.282266894602549279e+00
1.179618959205444462e+00
-1.268364656285081660e+00
-7.745138067782615376e-01
-4.259465868412095069e-01
1.445091417878762163e-01
-2.405927189146921830e+00
1.319375811525641540e-02
1.284773468521586359e+00
-6.722729313851459887e-01
-2.505204932445815325e-01
7.742915335784689157e-02
-2.405927189146921830e+00
1.319375811525641540e-02
1.284773468521586359e+00
-6.744883482614485448e-01
-2.309699455313042604e-01
7.307968862149027967e-02
0.000000000000000000e+00
0.000000000000000000e+00
0.000000000000000000e+00
0.000000000000000000e+00
0.000000000000000000e+00
0.000000000000000000e+00
3.850507420816736692e-01
6.911261259540680259e-10
-2.073378724261860145e-09
0.000000000000000000e+00
-0.000000000000000000e+00
0.000000000000000000e+00
3.850507354218477007e-01
2.880254614975758520e-01
-8.436465316712417062e-01
0.000000000000000000e+00
0.000000000000000000e+00
0.000000000000000000e+00
4.861127197330034067e-01
1.191700773846246841e+00
-5.351269243266566500e-01
-1.817339817581605510e-01
4.356443158118823711e-02
-6.807251101039131502e-02
-1.634441333559336185e+00
1.240477797580343600e+00
1.663315988384317379e-02
-3.634679635163211020e-01
8.712886302829439544e-02
-1.361450220665589850e-01
-1.678078923390886601e+00
1.099222937702510006e+00
-1.385898793220676217e-01
-5.438466626735094511e-01
-1.544098561748397380e-01
1.527367577553810085e-01
-1.548597325213319387e+00
7.009427664490835985e-01
1.874489959224202307e-01
-6.359026808479594228e-01
-2.775515516119054227e-01
2.906767556206505954e-01
-2.680594438954748693e+00
6.211549569377258218e-01
5.395385796125095057e-01
-6.587585170672433099e-01
-3.066334537051803033e-01
2.106030382130235357e-01
-2.680594438954748693e+00
6.211549569377254887e-01
5.395385796125101718e-01
-6.587585168469457519e-01
-3.066334530113979384e-01
2.106030385087983015e-01
-3.568130323490954936e+00
3.695737028232514376e+00
-3.374748515764145029e+00
-6.756080442175133038e-01
-3.711552837393501392e-01
2.011714712891759238e-01
-3.568130323490954936e+00
3.695737028232514376e+00
-3.374748515764145029e+00
-8.187812573419321893e-01
-5.605595244068434235e-01
1.451294932292432338e-01
-2.377564339588467579e+00
3.398885206898165645e-01
1.450066970558373969e+00
-7.065749730798771555e-01
-3.585734595459933449e-01
3.283311107365349812e-02
-2.377564339588467579e+00
3.398885206898165645e-01
1.450066970558373969e+00
-7.129919446878687506e-01
-3.302872031190011159e-01
1.568153309752820523e-02
-2.406022309828398598e+00
1.323090325180298343e-02
1.284547633824000723e+00
-6.723815711084412117e-01
-2.509363590699972835e-01
7.879706175224418518e-02
-2.406022309828398598e+00
1.323090325180298343e-02
1.284547633824000723e+00
-6.745777465385298655e-01
-2.314229002004766500e-01
7.448252516242367949e-02
