-2.221441471072811424e+00
nan
-2.221441467085554233e+00
2.610459999999999864e-02
2.799937000000000120e-01
-1.333499999999999686e-01
1.424964520255673106e+00
-1.053433049776765218e+00
-1.424964526037861390e+00
8.860460000000003333e-02
2.799937001121810543e-01
-1.333500001121810108e-01
-1.770722870331018495e-01
3.085108703258945262e+00
4.624822835642706242e-01
2.073546000000000833e-01
2.799937003253250012e-01
-1.333500007516129071e-01
-8.889884998256109006e-01
-1.067052652720847927e+00
-1.286491730795586541e+00
2.308096110974054704e-01
8.529192093555645893e-02
-1.930666613822820676e-01
-1.426628094919324852e+00
9.134349864578419353e-01
-1.406961584886093908e+00
2.542646221948108298e-01
-1.094098585621058328e-01
-2.527833216611715672e-01
1.134176150044649556e-01
-4.957638787057578322e-01
-3.005111982155230343e+00
2.612786465010800696e-01
-1.761929607706436141e-01
-4.492370585114414672e-01
8.761521451594233012e-01
1.043898792426072086e+00
-1.351017779072244407e+00
2.704550690511050015e-01
-2.090373455350198473e-01
-5.472222724910670300e-01
-1.378153624289358836e+00
-1.012206773248672587e+00
1.559144056235441944e+00
3.736727355883221469e-01
-2.032627608390705776e-01
-5.559875440898912613e-01
-1.378153624364526708e+00
-1.012206768036942650e+00
1.559144059969204577e+00
3.736727356118643151e-01
-2.032627611069768303e-01
-5.559875439891621696e-01
6.096415884838628507e-01
-1.579359688808682272e+00
1.879965393001935769e+00
4.860967950536220217e-01
-2.106350768603513779e-01
-5.939011405506687824e-01
6.096415884838628507e-01
-1.579359688808682272e+00
1.879965393001935769e+00
5.288844643168397752e-01
-2.104407813384029380e-01
-5.853035401365044299e-01
1.374761200994870647e-01
-2.684921335757586736e+00
-1.516545408492463665e+00
4.875828725693074350e-01
-1.663866711858233705e-01
-5.480790472632623977e-01
1.374761200994870647e-01
-2.684921335757586736e+00
-1.516545408492463665e+00
5.138655080277353404e-01
-1.823350980732758586e-01
-5.790566501044276393e-01
-6.961528047322559365e-01
2.073566274647072660e+00
1.777170126938421246e+00
4.912549056392485625e-01
-2.079772715755682511e-01
-5.324748247144196478e-01
-6.961528047322559365e-01
2.073566274647072660e+00
1.777170126938421246e+00
5.316418369693333146e-01
-2.080336453221805215e-01
-5.490167026111312243e-01
-2.221441471072811424e+00
nan
-2.221441467085554233e+00
2.610459999999999864e-02
2.799937000000000120e-01
1.333500000000000241e-01
1.425139355683777032e+00
-1.053291934866242174e+00
-1.425139361467159915e+00
8.860460000000003333e-02
2.799937001121810543e-01
1.333499998878189818e-01
-1.770458163781677419e-01
3.085041800757750252e+00
4.628592431669846241e-01
2.073546000000000555e-01
2.799937003253250012e-01
1.333499992483870855e-01
-8.889808007847205262e-01
-1.066649231374614315e+00
-1.286289176301540937e+00
2.308066330454732196e-01
8.530625114872983361e-02
7.358546729887080473e-02
-1.427157278697177345e+00
9.133793261755533965e-01
-1.406944857011288130e+00
2.542586660909463836e-01
-1.093811981358453755e-01
1.382093570110771302e-02
1.129791576691648591e-01
-4.962459884238915042e-01
-3.005075157927334040e+00
2.612156284631819703e-01
-1.762309271591818161e-01
-1.826121684439366288e-01
8.759013236648027778e-01
1.043696626767050661e+00
-1.351176944544779657e+00
2.703635594283066435e-01
-2.091081713623722249e-01
-2.805890262862919537e-01
-1.378108147599944155e+00
-1.012142391373386463e+00
1.559153211818704143e+00
3.735808791990111732e-01
-2.033369924102445547e-01
-2.893606220849285204e-01
-1.378108147674935280e+00
-1.012142386161735574e+00
1.559153215552462113e+00
3.735808792225506769e-01
-2.033369926781515846e-01
-2.893606219842009830e-01
6.098157952802244486e-01
-1.579192017777580004e+00
1.879742842594705365e+00
4.860023719688242871e-01
-2.107130160703546418e-01
-3.272811076453477352e-01
6.098157952802244486e-01
-1.579192017777580004e+00
1.879742842594705365e+00
5.287924589446161283e-01
-2.105219626564106550e-01
-3.186954754725144778e-01
-8.414527506077115193e-01
2.414397002266973846e+00
1.407064669560082582e+00
4.874927174507583394e-01
-1.664646624820609877e-01
-2.814591026757938819e-01
-8.414527506077115193e-01
2.414397002266973846e+00
1.407064669560082582e+00
5.282738706013312413e-01
-1.710792315764139704e-01
-2.963031056531906793e-01
-6.957907370211532383e-01
2.073819390113122552e+00
1.777358240986346205e+00
4.911643341043119837e-01
-2.080553850593658272e-01
-2.658551078139960167e-01
-6.957907370211532383e-01
2.073819390113122552e+00
1.777358240986346205e+00
5.315453172912837365e-01
-2.081155644690423356e-01
-2.824114872461713222e-01
0.000000000000000000e+00
0.000000000000000000e+00
0.000000000000000000e+00
0.000000000000000000e+00
0.000000000000000000e+00
0.000000000000000000e+00
-1.107810752993557135e-01
-1.988405345922682913e-10
5.965217034377642262e-10
0.000000000000000000e+00
-0.000000000000000000e+00
0.000000000000000000e+00
-1.107810812410525703e-01
2.332594821329554424e-01
-7.605253859414990991e-01
-0.000000000000000000e+00
0.000000000000000000e+00
0.000000000000000000e+00
-2.235853282111625595e-01
1.169655867910141422e+00
-4.733248015395083996e-01
-1.620051232473195824e-01
-2.445360759988684032e-02
1.609816989835200635e-02
-1.342585473188674161e+00
1.055232026242433507e+00
-5.397658185833831279e-01
-3.240102464946391647e-01
-4.890721516080314552e-02
3.219633980865657663e-02
-1.411976091108918308e+00
1.303595932937654744e+00
2.011824657864428323e-01
-5.673617571251763358e-01
-3.164490789808429572e-01
1.144569396074957973e-01
-1.355871658287338688e+00
6.442220782546346225e-01
4.274570821191384651e-01
-6.884871692429062051e-01
-4.529557230865531858e-01
1.488700785068473031e-01
-2.672541125494734882e+00
5.705600843560438840e-01
5.392690014555583389e-01
-6.966023378533471311e-01
-4.207191838634449788e-01
7.454538313002999350e-02
-2.672541125494734882e+00
5.705600843560436619e-01
5.392690014555585609e-01
-6.966023376514016707e-01
-4.207191835815471959e-01
7.454538383258829670e-02
-2.615225335766490744e+00
2.284816964368628245e+00
2.152854065540077411e-01
-7.142586611490383541e-01
-4.614180193328520918e-01
3.010352003487626327e-02
-2.615225335766490744e+00
2.284816964368628245e+00
2.152854065540077411e-01
-6.946565468603272953e-01
-4.297217961301027511e-01
-6.816659913514344638e-02
-2.767065601300681355e+00
1.450641203926437584e+00
5.972031554157103059e-03
-7.119761972817083562e-01
-3.381551950280330954e-01
-8.900006038058341784e-02
-2.767065601300681355e+00
1.450641203926437584e+00
5.972031554157103059e-03
-7.568183398533603334e-01
-4.237152935322916480e-01
-8.299639088922818042e-02
-2.602848148557208585e+00
-4.118042098756483638e-01
7.127719766008154823e-01
-6.806445292058153074e-01
-2.944720549279397082e-01
2.005741409688316379e-02
-2.602848148557208585e+00
-4.118042098756483638e-01
7.127719766008154823e-01
-6.737923326218991926e-01
-3.087413783120691035e-01
3.683565474456784727e-02
0.000000000000000000e+00
0.000000000000000000e+00
0.000000000000000000e+00
0.000000000000000000e+00
0.000000000000000000e+00
0.000000000000000000e+00
-1.097765831192992064e-01
-1.970375753635691709e-10
5.911128248480048488e-10
0.000000000000000000e+00
-0.000000000000000000e+00
0.000000000000000000e+00
-1.097765890623094848e-01
2.334966350548862979e-01
-7.606328189930865458e-01
-0.000000000000000000e+00
0.000000000000000000e+00
0.000000000000000000e+00
-2.227256841880812521e-01
1.171145460058650833e+00
-4.727963763488984283e-01
-1.620404803956090045e-01
-2.439913247082051498e-02
1.589615330253442774e-02
-1.345294499329669602e+00
1.056261749887701606e+00
-5.390581667627610818e-01
-3.240809607912180645e-01
-4.879826490302676539e-02
3.179230661692252630e-02
-1.414359448908110828e+00
1.304478010135845745e+00
2.006464475958080196e-01
-5.676016274872426326e-01
-3.168088467782217421e-01
1.143765061044956510e-01
-1.358169405412849473e+00
6.442325518908310622e-01
4.274456573619328514e-01
-6.888135817886910095e-01
-4.535478415908796856e-01
1.489434723150915574e-01
-2.672535652502022074e+00
5.707425348510367646e-01
5.391428937900768492e-01
-6.969313947151468680e-01
-4.213413595407103363e-01
7.460927631393630965e-02
-2.672535652502022074e+00
5.707425348510362095e-01
5.391428937900771823e-01
-6.969313945132171728e-01
-4.213413592588213241e-01
7.460927701649248955e-02
-2.614964630114288813e+00
2.291528821105942804e+00
2.139215130339131576e-01
-7.145974980259066633e-01
-4.620739602250014677e-01
3.015823476409851267e-02
-2.614964630114288813e+00
2.291528821105942804e+00
2.139215130339131576e-01
-6.949641448898260521e-01
-4.304691156171571165e-01
-6.839608071848474191e-02
-2.581061357552701718e+00
-2.809098380198152833e-01
1.055205573265133312e+00
-7.123011161566660254e-01
-3.388095090988670899e-01
-8.894767132329489678e-02
-2.581061357552701718e+00
-2.809098380198152833e-01
1.055205573265133312e+00
-7.032619706581414443e-01
-3.340902914865598317e-01
-6.558135822631483425e-02
-2.602864463782206705e+00
-4.116240702389831752e-01
7.126415354743254049e-01
-6.809719100502925615e-01
-2.951277504817692021e-01
2.010946978202254876e-02
-2.602864463782206705e+00
-4.116240702389831752e-01
7.126415354743254049e-01
-6.741140194130836871e-01
-3.094445962923464410e-01
3.688789328859420902e-02
