-2.221441471072811424e+00
nan
-2.221441467085554233e+00
2.610459999999999864e-02
2.799937000000000120e-01
-1.333499999999999686e-01
1.481879704970989531e+00
-1.006105489150008525e+00
-1.481879711144596268e+00
8.860460000000003333e-02
2.799937001121810543e-01
-1.333500001121810108e-01
-1.523489620627363816e+00
-2.474705049773527676e+00
-4.732346626658595623e-01
2.073546000000000833e-01
2.799937003253250012e-01
-1.333500007516129071e-01
-1.244445581318653460e+00
7.844782512290445764e-01
-9.387454789125719845e-01
2.431814441494434265e-02
1.941891374566646067e-01
-1.674121926625578571e-01
-2.918951360136600393e+00
8.193147720003446377e-01
-1.995020338562691620e-01
-1.587183111701113702e-01
1.083845744522421856e-01
-2.014743842315106226e-01
6.665200525961373357e-01
1.783449345282149379e+00
2.143136406036596053e+00
-2.661894293681011936e-01
-6.846915416748290684e-02
-2.180866515835112596e-01
1.511194296981167168e-02
2.752399683853931633e-01
-2.261702644317436839e+00
-3.191002990939139083e-01
-1.566177435445660626e-01
-2.320268293330400022e-01
1.889650524333705561e-01
-1.505598636924721401e+00
-1.344491656542609936e+00
-2.407030045333696244e-01
-2.215616078024620905e-01
-2.520323585897039642e-01
1.889650519275078711e-01
-1.505598639117128101e+00
-1.344491651073334237e+00
-2.407030044103546929e-01
-2.215616076028747439e-01
-2.520323587555549638e-01
-1.351675270756761194e+00
-2.192196421164233300e+00
-1.674999230113741300e+00
-1.373610423133911351e-01
-2.802994629699164797e-01
-2.509079913822102048e-01
-1.351675270756761194e+00
-2.192196421164233300e+00
-1.674999230113741300e+00
-1.463056601488434416e-01
-2.954995180610639482e-01
-2.908290793134501451e-01
8.025206001130160693e-01
-2.704809978469072465e-02
-8.658054611680193746e-01
-1.770755462263124969e-01
-3.184983585267215922e-01
-2.828985622047330839e-01
8.025206001130160693e-01
-2.704809978469072465e-02
-8.658054611680193746e-01
-2.175694473174688282e-01
-3.152957689814757658e-01
-2.988587789712537912e-01
7.544566705359136982e-01
-8.628237357097292559e-01
4.484069376804230567e-01
-1.579527412954693510e-01
-2.875228282475911223e-01
-3.086199246201183355e-01
7.544566705359136982e-01
-8.628237357097292559e-01
4.484069376804230567e-01
-1.496092778327717809e-01
-3.127592827154526689e-01
-3.432356595964001778e-01
-2.221441471072811424e+00
nan
-2.221441467085554233e+00
2.610459999999999864e-02
2.799937000000000120e-01
1.333500000000000241e-01
1.480219665327883627e+00
-1.007526127168623553e+00
-1.480219671490001776e+00
8.860460000000003333e-02
2.799937001121810543e-01
1.333499998878189818e-01
-1.524514934001832689e+00
-2.476027274234007258e+00
-4.704669086273510215e-01
2.073546000000000833e-01
2.799937003253250012e-01
1.333499992483870855e-01
-1.243407000412019237e+00
7.871523624002590980e-01
-9.349521791154971062e-01
2.430671907766784878e-02
1.941302588752251701e-01
9.949822363485416599e-02
-2.916155335081935362e+00
8.211403434405912805e-01
-1.939325702644339733e-01
-1.587411618446643857e-01
1.082668172901687931e-01
6.564644836363212055e-02
6.671388062594292290e-01
1.780407831274108510e+00
2.143203368838350276e+00
-2.664882804055681564e-01
-6.838816691590240970e-02
4.871053985610580839e-02
1.735766978004200586e-02
2.761722183669355624e-01
-2.261548623056328644e+00
-3.195525069608401436e-01
-1.564185498666758600e-01
3.460727648797201628e-02
1.891850543034689358e-01
-1.505627761159427536e+00
-1.344270821892893597e+00
-2.411371847688942305e-01
-2.213435389353704263e-01
1.461113836174328037e-02
1.891850537976463298e-01
-1.505627763352040072e+00
-1.344270816423696058e+00
-2.411371846459147150e-01
-2.213435387357586270e-01
1.461113819589546572e-02
-1.361078970528288190e+00
-2.180568463427518200e+00
-1.671177312352135624e+00
-1.377806111337558093e-01
-2.800554612369560714e-01
1.574685523772526019e-02
-1.361078970528288190e+00
-2.180568463427518200e+00
-1.671177312352135624e+00
-1.471506708336336455e-01
-2.950239993604286681e-01
-2.416412034890847577e-02
5.668009005664942368e-01
-5.444999100770665512e-01
5.219493695412312784e-01
-1.774827275675534000e-01
-3.182655292461100682e-01
-1.624574887280319860e-02
5.668009005664942368e-01
-5.444999100770665512e-01
5.219493695412312784e-01
-1.742784452436884068e-01
-3.518802966971121271e-01
-4.389572371210493512e-02
7.543999117914205188e-01
-8.629334718312239305e-01
4.489499792324678218e-01
-1.583654177742330194e-01
-2.872861944135750578e-01
-4.196661411096931638e-02
7.543999117914205188e-01
-8.629334718312239305e-01
4.489499792324678218e-01
-1.500015034557452831e-01
-3.125261859563460143e-01
-7.657483407102863571e-02
0.000000000000000000e+00
0.000000000000000000e+00
0.000000000000000000e+00
0.000000000000000000e+00
0.000000000000000000e+00
0.000000000000000000e+00
-6.856872115586152283e-01
-1.230737392112944767e-09
3.692212793197310974e-09
0.000000000000000000e+00
-0.000000000000000000e+00
0.000000000000000000e+00
-6.856872166250136402e-01
2.505152794075260481e-01
-6.310619454609597279e-01
0.000000000000000000e+00
0.000000000000000000e+00
0.000000000000000000e+00
6.512071924520965727e-01
8.772299969060372016e-01
-3.822724170367411967e-01
-6.268109389712724078e-02
9.215133218822088579e-02
1.046885206997911211e-01
7.353609367956874809e-01
9.121371745958912758e-01
-9.224137634166058586e-01
-1.253621877942545093e-01
1.843026646109415245e-01
2.093770414926725554e-01
-4.275040569078450980e-01
-1.025175694425986439e+00
-1.228788328698482202e+00
-3.036471677907195965e-01
2.956515156888078755e-01
1.773541200428367937e-01
-3.585420747037392220e-01
-1.198067384748891184e+00
-3.972838437850383930e-01
-3.976719942037195143e-01
3.547082923272324440e-01
1.607950619984006846e-01
-2.783062637306934928e+00
8.103913924595375073e-01
2.214086362362941984e-01
-3.995051701093011998e-01
3.163894898366407804e-01
2.780054114942444587e-01
-2.783062637306934928e+00
8.103913924595380625e-01
2.214086362362938654e-01
-3.995051702878957833e-01
3.163894894023036586e-01
2.780054108390900836e-01
-4.534829460072543839e+00
-2.482223010563665788e+00
1.867576325842145613e+00
-3.855889241943135093e-01
3.423994771235376322e-01
3.577291049433834469e-01
-4.534829460072543839e+00
-2.482223010563665788e+00
1.867576325842145613e+00
-2.581086180849309630e-01
1.446593949816080971e-01
4.044562263535868563e-01
-4.542836691781496405e+00
-2.485567956259338906e+00
4.024897801887970417e+00
-4.030562420577884497e-01
2.445745805710922982e-01
4.962233160807495436e-01
-4.542836691781496405e+00
-2.485567956259338906e+00
4.024897801887970417e+00
-3.762761343089806587e-01
9.086108743691617695e-03
3.810241318097776775e-01
-2.270998969988549554e+00
1.558526202223907475e+00
-2.005926754101005072e-01
-4.307588626773470875e-01
1.772243720129531575e-01
3.945195185744940769e-01
-2.270998969988549554e+00
1.558526202223907475e+00
-2.005926754101005072e-01
-4.897706405666943930e-01
9.693843587825157204e-02
4.388279742532585903e-01
0.000000000000000000e+00
0.000000000000000000e+00
0.000000000000000000e+00
0.000000000000000000e+00
0.000000000000000000e+00
0.000000000000000000e+00
-6.868774374959870643e-01
-1.232873724162738177e-09
3.698621790417443422e-09
0.000000000000000000e+00
-0.000000000000000000e+00
0.000000000000000000e+00
-6.868774425148339580e-01
2.466672919402808084e-01
-6.256599914560033726e-01
0.000000000000000000e+00
0.000000000000000000e+00
0.000000000000000000e+00
6.565076180407152240e-01
8.768175241748248361e-01
-3.772224299638871625e-01
-6.207144586201275571e-02
9.127371455589630700e-02
1.041295861512853832e-01
7.402158354399721585e-01
9.139747361173105045e-01
-9.241083039084156958e-01
-1.241428917240254837e-01
1.825474293469181997e-01
2.082591723952693374e-01
-4.266070924496909722e-01
-1.021714820591489215e+00
-1.234223274468935205e+00
-3.028702220647392362e-01
2.946536639960874449e-01
1.759744999306399049e-01
-3.582952309287131820e-01
-1.196979870458958484e+00
-3.972727607336578592e-01
-3.971098563610697130e-01
3.541302152727648922e-01
1.593123789337564100e-01
-2.783294746005025466e+00
8.108301170460098239e-01
2.211092525550698573e-01
-3.989678111849800923e-01
3.158134228141318278e-01
2.764362550844814415e-01
-2.783294746005025022e+00
8.108301170460103791e-01
2.211092525550694687e-01
-3.989678113635903856e-01
3.158134223797204321e-01
2.764362544291874002e-01
-4.510039121436676623e+00
-2.436382854696629074e+00
1.844365213967453787e+00
-3.850651884813215409e-01
3.418275523711199471e-01
3.560442172562859886e-01
-4.510039121436676623e+00
-2.436382854696629074e+00
1.844365213967453787e+00
-2.602193208289527715e-01
1.445456789374448270e-01
4.007238569835975817e-01
-2.453326092435236472e+00
1.429070883044672557e+00
-4.922623497103488788e-01
-4.025571558392855853e-01
2.440042001497363389e-01
4.945857705056493359e-01
-2.453326092435236472e+00
1.429070883044672557e+00
-4.922623497103488788e-01
-4.586182142094467062e-01
1.745924478754184994e-01
5.724746100142452665e-01
-2.271381345951000164e+00
1.559077020343250242e+00
-2.008756317135720337e-01
-4.302622255803473239e-01
1.766424651489099940e-01
3.928602600942016077e-01
-2.271381345951000164e+00
1.559077020343250242e+00
-2.008756317135720337e-01
-4.892892052806596670e-01
9.635389334273791739e-02
4.371499194423384971e-01
