-2.221441471072811424e+00
nan
-2.221441467085554233e+00
2.610459999999999864e-02
2.799937000000000120e-01
-1.333499999999999686e-01
1.560942703181536384e+00
-9.355009326625421950e-01
-1.560942709907600534e+00
8.860460000000003333e-02
2.799937001121810543e-01
-1.333500001121810108e-01
-1.250301117244535964e+00
-2.568762615304571284e+00
-6.435600614883201231e-01
2.073546000000000833e-01
2.799937003253250012e-01
-1.333500007516129071e-01
-1.263468605531220756e+00
4.701696144204313699e-01
-1.041508636251076814e+00
4.601654917755026997e-02
1.684609961629426889e-01
-1.929779242358255487e-01
-3.004271629160686352e+00
5.733552646880704096e-01
-5.973633215717207845e-01
-1.153215016448995434e-01
5.692829182707997981e-02
-2.526058473955469785e-01
-7.787172680914741241e-01
-1.940931151413856082e+00
-2.299637448115883220e+00
-1.921090761318539064e-01
-1.357470011562670054e-01
-2.617245028990665690e-01
-2.342425136158057530e-01
4.448193111339128758e-01
-2.088686954179866273e+00
-2.284049177205549896e-01
-2.324407860866410935e-01
-2.715726671547277760e-01
6.714414685409307859e-01
-1.202268477332378183e+00
-1.841518604405617099e+00
-1.475167395888475341e-01
-2.822083401283480564e-01
-3.133381517471390820e-01
6.714414679726755653e-01
-1.202268481379587417e+00
-1.841518599689609070e+00
-1.475167394384130359e-01
-2.822083398837181845e-01
-3.133381517472889621e-01
-1.395939500819669110e+00
-7.845343910285742517e-01
-1.699122968369699560e+00
-4.592684144920351763e-02
-3.414098242957808726e-01
-3.308206531446951648e-01
-1.395939500819669110e+00
-7.845343910285742517e-01
-1.699122968369699560e+00
-7.498436555628329447e-02
-3.187907081941867005e-01
-3.542466430738120398e-01
1.429322964744845104e+00
6.913828181912667903e-01
-1.505401615602190324e+00
-7.911136807443486241e-02
-3.504837930819711955e-01
-3.844512819633707501e-01
1.429322964744845104e+00
6.913828181912667903e-01
-1.505401615602190324e+00
-1.134253693722585693e-01
-3.295171830994755857e-01
-3.674898048642242787e-01
1.127248981234969971e+00
-1.342257381917904446e+00
3.601931097494900924e-01
-5.573693246566836790e-02
-3.125313310515818732e-01
-3.844551294929679508e-01
1.127248981234969971e+00
-1.342257381917904446e+00
3.601931097494900924e-01
-3.446637253757703356e-02
-3.200847494522286452e-01
-4.218081785709247300e-01
-2.221441471072811424e+00
nan
-2.221441467085554233e+00
2.610459999999999864e-02
2.799937000000000120e-01
1.333500000000000241e-01
1.559787907379536431e+00
-9.365749674267987990e-01
-1.559787914097454653e+00
8.860460000000003333e-02
2.799937001121810543e-01
1.333499998878189818e-01
-1.252148057298397843e+00
-2.568954578880005890e+00
-6.413353336890044165e-01
2.073546000000000833e-01
2.799937003253250012e-01
1.333499992483870855e-01
-1.263609682789617494e+00
4.729837588974125095e-01
-1.038980846372026257e+00
4.587710096670247206e-02
1.685190504707443637e-01
7.399159844656276463e-02
-3.003772883386856662e+00
5.741367323055390770e-01
-5.923027491112918819e-01
-1.156003980665951947e-01
5.704440044322392489e-02
1.463319796951809831e-02
-7.786995525105766536e-01
-1.940425050882844671e+00
-2.301036603804400560e+00
-1.924629518053907473e-01
-1.355935263974145655e-01
5.358125177802597339e-03
-2.329547032919203897e-01
4.452007082153596751e-01
-2.088755407327614222e+00
-2.288113966997790405e-01
-2.322588705221423910e-01
-4.574865258494499251e-03
6.717735561552872214e-01
-1.202385831448325337e+00
-1.841335909466339515e+00
-1.479041430924002143e-01
-2.820151231207486675e-01
-4.631686019231362472e-02
6.717735555867870856e-01
-1.202385835495960897e+00
-1.841335904750522445e+00
-1.479041429420032694e-01
-2.820151228760956474e-01
-4.631686019242896302e-02
-1.395900295922574585e+00
-7.836625867596639372e-01
-1.698165700478349471e+00
-4.630036550444793786e-02
-3.412014642482829041e-01
-6.376995133854594655e-02
-1.395900295922574585e+00
-7.836625867596639372e-01
-1.698165700478349471e+00
-7.538881367534501499e-02
-3.185796734392472018e-01
-8.715494413758834158e-02
9.936539994138056109e-01
-1.017719538700483595e+00
5.323560396396349592e-01
-7.946881937424812858e-02
-3.502819899117964320e-01
-1.174094124275726764e-01
9.936539994138056109e-01
-1.017719538700483595e+00
5.323560396396349592e-01
-6.312769321011120482e-02
-3.658921916071318781e-01
-1.547461279141912893e-01
1.127129661249813175e+00
-1.342592464509887007e+00
3.607094289221474681e-01
-5.610021780352140996e-02
-3.123259352257931054e-01
-1.174078952732988679e-01
1.127129661249813175e+00
-1.342592464509887007e+00
3.607094289221474681e-01
-3.480961608582703454e-02
-3.198847219042525447e-01
-1.547484382133533787e-01
0.000000000000000000e+00
0.000000000000000000e+00
0.000000000000000000e+00
0.000000000000000000e+00
0.000000000000000000e+00
0.000000000000000000e+00
-3.410162849015268005e-01
-6.120888446989394752e-10
1.836266840882160924e-09
0.000000000000000000e+00
-0.000000000000000000e+00
0.000000000000000000e+00
-3.410162928803432969e-01
5.090533137152419840e-01
-9.521728746432561730e-01
0.000000000000000000e+00
0.000000000000000000e+00
0.000000000000000000e+00
6.401710982925705729e-01
1.187346392377733872e+00
-5.895419511388483302e-01
-1.365522075786287370e-01
1.332876222222127149e-01
1.201641387079017964e-01
5.753864863741766644e-01
1.195332797833596139e+00
-4.291896020813049106e-01
-2.731044151572574741e-01
2.665752445550821914e-01
2.403282774749632422e-01
-1.834850248346631130e-01
-8.263356766469117654e-01
-6.350944926749698682e-01
-3.666984754791816625e-01
3.047784242445533143e-01
2.212522238845068823e-01
-3.077529608318353427e-01
-7.453482371136532780e-01
-9.722713231152070312e-01
-4.199702762904284348e-01
3.260227226815146651e-01
2.090015365951456983e-01
-2.768476284078820626e+00
7.686453254266472079e-01
2.982888986350327176e-01
-4.372280115936152400e-01
2.345240151611300006e-01
2.846075096786428449e-01
-2.768476284078820182e+00
7.686453254266476520e-01
2.982888986350326621e-01
-4.372280116667006111e-01
2.345240152055881599e-01
2.846075088857601409e-01
-4.456063043348146735e+00
-2.122539100101350940e+00
-4.000356247418190847e-01
-4.330067090597486956e-01
2.164272634841407639e-01
3.704188142628419556e-01
-4.456063043348146735e+00
-2.122539100101350940e+00
-4.000356247418190847e-01
-3.742356772358087502e-01
1.236636203167835735e-01
2.079508758599127594e-01
-3.991954846072558460e+00
-1.603045157180963631e+00
7.548449131054751904e-01
-4.715229770454337777e-01
5.805356360063840260e-02
4.210470129168616404e-01
-3.991954846072558460e+00
-1.603045157180963631e+00
7.548449131054751904e-01
-5.145395296582095934e-01
9.986126497516797929e-02
2.823423589875472262e-01
-2.190537723061899200e+00
1.567330582865816169e+00
4.658862710458787637e-01
-4.828467325306058378e-01
6.501524646015052755e-02
2.980098711981621351e-01
-2.190537723061899200e+00
1.567330582865816169e+00
4.658862710458787637e-01
-5.378722747814485006e-01
-6.898354768539893822e-03
2.812179200528712175e-01
0.000000000000000000e+00
0.000000000000000000e+00
0.000000000000000000e+00
0.000000000000000000e+00
0.000000000000000000e+00
0.000000000000000000e+00
-3.450496065824165126e-01
-6.193282385849759247e-10
1.857985026168730289e-09
0.000000000000000000e+00
-0.000000000000000000e+00
0.000000000000000000e+00
-3.450496145451221741e-01
5.063337487064200060e-01
-9.508911166256553971e-01
0.000000000000000000e+00
0.000000000000000000e+00
0.000000000000000000e+00
6.437753945599709038e-01
1.188960879349062028e+00
-5.874035022920065519e-01
-1.360554158708820460e-01
1.330659260490061613e-01
1.202257923811424073e-01
5.821158728367725743e-01
1.196332808943279868e+00
-4.335105073084366545e-01
-2.721108317417640921e-01
2.661318522100774575e-01
2.404515848219576091e-01
-1.793395282668723556e-01
-8.286877551326354840e-01
-6.415944910608470941e-01
-3.667174710193611964e-01
3.048517439681787122e-01
2.202671847145400985e-01
-3.016588250366700752e-01
-7.485099110015487334e-01
-9.742539016195413959e-01
-4.205060757398786375e-01
3.263913281519221776e-01
2.074815907275307236e-01
-2.768507516589632012e+00
7.685499464661518232e-01
2.984525677495410978e-01
-4.377370020510986115e-01
2.349752795091893665e-01
2.830508846216930885e-01
-2.768507516589631123e+00
7.685499464661520452e-01
2.984525677495409868e-01
-4.377370021242044107e-01
2.349752795537564110e-01
2.830508838287819073e-01
-4.437487183971210669e+00
-2.092109394247335885e+00
-3.928116446254299454e-01
-4.334862588319914334e-01
2.169801737972987810e-01
3.688211370867301442e-01
-4.437487183971210669e+00
-2.092109394247335885e+00
-3.928116446254299454e-01
-3.756761928606386358e-01
1.246358491199007906e-01
2.075810146107461007e-01
-2.316701910406989473e+00
1.644603221200086507e+00
1.299225880726698756e-01
-4.720007575796447696e-01
5.857971236078748922e-02
4.194522540867522409e-01
-2.316701910406989473e+00
1.644603221200086507e+00
1.299225880726698756e-01
-5.313767223333745182e-01
-2.579524633211732754e-02
4.287417694485977648e-01
-2.190737619445294548e+00
1.567328586619358033e+00
4.661863746842760392e-01
-4.833276735534885460e-01
6.555833175729758322e-02
2.964106939022942977e-01
-2.190737619445294548e+00
1.567328586619358033e+00
4.661863746842760392e-01
-5.383287705846807603e-01
-6.319611962373405945e-03
2.796006435376878207e-01
