-2.221441471072811424e+00
nan
-2.221441467085554233e+00
2.610459999999999864e-02
2.799937000000000120e-01
-1.333499999999999686e-01
1.500264834706025452e+00
-9.902056620067376524e-01
-1.500264841007169059e+00
8.860460000000003333e-02
2.799937001121810543e-01
-1.333500001121810108e-01
-1.479746730802196097e+00
-2.484117768659063419e+00
-5.087580983394874856e-01
2.073546000000000833e-01
2.799937003253250012e-01
-1.333500007516129071e-01
-1.251566721014903516e+00
7.342493745447414843e-01
-9.584924177566394032e-01
2.708951440024109925e-02
1.902341145179502480e-01
-1.717259785163567642e-01
-2.944995122731354886e+00
7.654649877789122536e-01
-2.646864788191021223e-01
-1.531755711995178848e-01
1.004745285659257442e-01
-2.101019559427717287e-01
6.849150608492797776e-01
1.822953601780475719e+00
2.191861313260165200e+00
-2.537554036929648982e-01
-8.050977793561715778e-02
-2.253212889027195742e-01
-3.500293716495227886e-02
3.142992432493418864e-01
-2.242745530638416973e+00
-3.030175828916307768e-01
-1.708572006442056479e-01
-2.385365607695471846e-01
2.770633101406542731e-01
-1.460503629978345597e+00
-1.439534785741109157e+00
-2.244205782236055324e-01
-2.339523576148096751e-01
-2.631449846132083437e-01
2.770633096221354341e-01
-1.460503632511180649e+00
-1.439534780372302203e+00
-2.244205780939038664e-01
-2.339523573992304817e-01
-2.631449847516910134e-01
-1.438903878197324460e+00
-1.908508007260917960e+00
-1.737764540640861721e+00
-1.215509220634881926e-01
-2.934861066965046561e-01
-2.652727883030780998e-01
-1.438903878197324460e+00
-1.908508007260917960e+00
-1.737764540640861721e+00
-1.353500754398017925e-01
-3.005279478101804402e-01
-3.060739765754399433e-01
9.333544113720436686e-01
8.053538959912423523e-02
-1.048703073640103289e+00
-1.604316153015646895e-01
-3.274806129466341642e-01
-3.025884593073157047e-01
9.333544113720436686e-01
8.053538959912423523e-02
-1.048703073640103289e+00
-2.011913077459530630e-01
-3.161716782414938920e-01
-3.133353933949402093e-01
8.304263160078702022e-01
-9.451777605989655218e-01
4.431326899004048858e-01
-1.402716672067460535e-01
-2.940255472066300446e-01
-3.240614353038147599e-01
8.304263160078702022e-01
-9.451777605989655218e-01
4.431326899004048858e-01
-1.295275125084531520e-01
-3.159773778103985853e-01
-3.602197178622079665e-01
-2.221441471072811424e+00
nan
-2.221441467085554233e+00
2.610459999999999864e-02
2.799937000000000120e-01
1.333500000000000241e-01
1.498661616159413068e+00
-9.916043662113376289e-01
-1.498661622449413366e+00
8.860460000000003333e-02
2.799937001121810543e-01
1.333499998878189818e-01
-1.481015860425063169e+00
-2.485203666256486255e+00
-5.060264748409603053e-01
2.073546000000000833e-01
2.799937003253250012e-01
1.333499992483870855e-01
-1.250759661248802113e+00
7.370133508244526288e-01
-9.549620988388831666e-01
2.705344785037341881e-02
1.902080953337474956e-01
9.520501701200886902e-02
-2.942591696808087409e+00
7.672253709098738605e-01
-2.591895340019886862e-01
-1.532477042992532457e-01
1.004224901982926910e-01
5.706003511428876795e-02
6.852845782902822203e-01
1.820061923383415659e+00
2.192020747123617941e+00
-2.540786756322899742e-01
-8.039581335455980859e-02
4.153243644917505722e-02
-3.276998133515379025e-02
3.151965716291366126e-01
-2.242654775821409263e+00
-3.034819979689933334e-01
-1.706430849995616561e-01
2.816066757856419689e-02
2.773170245261560862e-01
-1.460555553440159526e+00
-1.439317450435594115e+00
-2.248660329186753515e-01
-2.337196252744844216e-01
3.565086549581771014e-03
2.773170240076081039e-01
-1.460555555973265696e+00
-1.439317445066881085e+00
-2.248660327890081856e-01
-2.337196250588778890e-01
3.565086411109481823e-03
-1.444991788899439689e+00
-1.899126912796683664e+00
-1.733771549893493580e+00
-1.219813600743458321e-01
-2.932279900678164131e-01
1.453310021483779357e-03
-1.444991788899439689e+00
-1.899126912796683664e+00
-1.733771549893493580e+00
-1.361068304260384387e-01
-3.000695582042775533e-01
-3.927021091405927949e-02
6.519206074768214565e-01
-6.237756695132162799e-01
5.329902336528551388e-01
-1.608485583808516584e-01
-3.272333802045688245e-01
-3.586650243530668108e-02
6.519206074768214565e-01
-6.237756695132162799e-01
5.329902336528551388e-01
-1.553282701057532578e-01
-3.579097208834000621e-01
-6.641531034209899320e-02
8.303656575258713257e-01
-9.453367486527652908e-01
4.436848270707384190e-01
-1.406939649315482321e-01
-2.937740544805049758e-01
-5.733786741251053337e-02
8.303656575258713257e-01
-9.453367486527652908e-01
4.436848270707384190e-01
-1.299287214557839354e-01
-3.157292232188950165e-01
-9.348784975256621554e-02
0.000000000000000000e+00
0.000000000000000000e+00
0.000000000000000000e+00
0.000000000000000000e+00
0.000000000000000000e+00
0.000000000000000000e+00
-6.327273928857741758e-01
-1.135680013148520100e-09
3.407040608660282854e-09
0.000000000000000000e+00
-0.000000000000000000e+00
0.000000000000000000e+00
-6.327273985461502326e-01
2.986185090658388663e-01
-6.984544551099811649e-01
0.000000000000000000e+00
0.000000000000000000e+00
0.000000000000000000e+00
6.572085266931986247e-01
9.409176773651292125e-01
-4.238446948016703075e-01
-7.415275986003919129e-02
1.016254195601824784e-01
1.106238403209059279e-01
7.381378829969149624e-01
9.583656891287313240e-01
-8.448076142823381929e-01
-1.483055197200783826e-01
2.032508393344349407e-01
2.212476807333357554e-01
-3.673096721082621530e-01
-1.069038278131570374e+00
-1.141359456138949735e+00
-3.157881264384304054e-01
2.994554138798222187e-01
1.840485683566567832e-01
-2.861436772941161055e-01
-1.200525714493371865e+00
-5.449935692606331372e-01
-4.047793802031068866e-01
3.508271707620050917e-01
1.645708953400243924e-01
-2.781744689130596804e+00
8.028628152977088650e-01
2.363696294298023304e-01
-4.096227893861092983e-01
3.009507637637459099e-01
2.769829007611623317e-01
-2.781744689130595471e+00
8.028628152977095311e-01
2.363696294298018863e-01
-4.096227895482481007e-01
3.009507634091802553e-01
2.769829000573434952e-01
-4.590020057826370348e+00
-2.601072652230834059e+00
1.435419067799325710e+00
-3.972591536379518895e-01
3.193470196560764252e-01
3.600003693397816340e-01
-4.590020057826370348e+00
-2.601072652230834059e+00
1.435419067799325710e+00
-2.810243056372065396e-01
1.122611792269373882e-01
3.564299608245118378e-01
-4.435807900547525051e+00
-2.392775151773788522e+00
3.146952909741583149e+00
-4.191832494701449030e-01
2.063541349660361901e-01
4.857802693945446615e-01
-4.435807900547525051e+00
-2.392775151773788522e+00
3.146952909741583149e+00
-4.290569376039449212e-01
3.041396709544785804e-02
3.380872282078329905e-01
-2.251238469483402227e+00
1.588176967612624058e+00
-8.276174334566088753e-02
-4.443308649230286456e-01
1.513869974884423097e-01
3.765311452641117995e-01
-2.251238469483402227e+00
1.588176967612624058e+00
-8.276174334566088753e-02
-5.035733882410945439e-01
6.909687582893064839e-02
4.088863317666028840e-01
0.000000000000000000e+00
0.000000000000000000e+00
0.000000000000000000e+00
0.000000000000000000e+00
0.000000000000000000e+00
0.000000000000000000e+00
-6.348760069457737298e-01
-1.139536552428070311e-09
3.418610228431871564e-09
0.000000000000000000e+00
-0.000000000000000000e+00
0.000000000000000000e+00
-6.348760125627562756e-01
2.947052214818545179e-01
-6.936767043203163619e-01
0.000000000000000000e+00
0.000000000000000000e+00
0.000000000000000000e+00
6.624717605433605438e-01
9.407529781972494565e-01
-4.192064265091561270e-01
-7.352370800435654996e-02
1.008533747867999542e-01
1.101384178602766578e-01
7.436604872926353416e-01
9.598183034799937507e-01
-8.478398080961938588e-01
-1.470474160087130722e-01
2.017067497886058380e-01
2.202768358118975256e-01
-3.657442784972091410e-01
-1.066781296039505555e+00
-1.148117267393193197e+00
-3.152560452011105574e-01
2.987425227635434610e-01
1.825888199234708131e-01
-2.844877829957559445e-01
-1.200591377772469048e+00
-5.452311309526490790e-01
-4.046057431857302267e-01
3.505726822470914272e-01
1.628937029466078490e-01
-2.781956378946877084e+00
8.032214410140186001e-01
2.361202231979496746e-01
-4.094677940617065803e-01
3.007116683933450663e-01
2.752238578431367433e-01
-2.781956378946876640e+00
8.032214410140190441e-01
2.361202231979493971e-01
-4.094677942238394985e-01
3.007116680387383889e-01
2.752238571391772415e-01
-4.566473838782167505e+00
-2.557655106521554256e+00
1.419731395853477851e+00
-3.971128898705585941e-01
3.191299501257437443e-01
3.581343577003660572e-01
-4.566473838782167505e+00
-2.557655106521554256e+00
1.419731395853477851e+00
-2.832429795140247730e-01
1.131126834109930090e-01
3.532481182347360082e-01
-2.424647637304341963e+00
1.493771061325067873e+00
-3.927451718064949304e-01
-4.190596031014512945e-01
2.061305282612634626e-01
4.839548367418106123e-01
-2.424647637304341963e+00
1.493771061325067873e+00
-3.927451718064949304e-01
-4.767405130008982583e-01
1.298923667805704785e-01
5.500881068143679276e-01
-2.251601037865643473e+00
1.588656028422088307e+00
-8.296553500778069967e-02
-4.442062872769977355e-01
1.511570346019480982e-01
3.746838505150890120e-01
-2.251601037865643473e+00
1.588656028422088307e+00
-8.296553500778069967e-02
-5.034576969694458670e-01
6.886855266179831014e-02
4.070158622877587673e-01
