-2.221441471072811424e+00
nan
-2.221441467085554233e+00
2.610459999999999864e-02
2.799937000000000120e-01
-1.333499999999999686e-01
1.427606573950030544e+00
-1.051297816429987986e+00
-1.427606579750277938e+00
8.860460000000003333e-02
2.799937001121810543e-01
-1.333500001121810108e-01
-3.240730123395822726e-02
-3.102743196045562257e+00
-4.710102713802307162e-01
2.073546000000000555e-01
2.799937003253250012e-01
-1.333500007516129071e-01
-1.047842154285534511e+00
-8.872799799287853784e-01
-1.235625208789886242e+00
2.030727293980756909e-01
8.427186531562708138e-02
-1.941745754281775094e-01
-1.742388292708013209e+00
9.369963975283710500e-01
-1.500875097618714404e+00
1.987908587961513263e-01
-1.114499698032684893e-01
-2.549991497533650175e-01
-2.282511777462686298e-01
-8.236085286504785108e-01
-2.867430607926632291e+00
1.658587501020132859e-01
-2.228019403839463786e-01
-4.271022144116021213e-01
5.964621357374956245e-01
9.740421641850383061e-01
-1.451242660658089045e+00
1.550274595734519589e-01
-2.784127908424401387e-01
-5.140169942638743716e-01
-1.546548163994330594e+00
-6.954809882895064410e-01
1.993003596820556611e+00
2.559598981539425999e-01
-2.699594282483963603e-01
-5.364946721477019675e-01
-1.546548164215848953e+00
-6.954809820419501909e-01
1.993003599632968248e+00
2.559598982153543090e-01
-2.699594284421367174e-01
-5.364946719448040469e-01
7.148612071241182697e-01
-8.203435197762425357e-01
1.777342565573735600e+00
3.653098007251715518e-01
-2.854811363574610295e-01
-5.804564324833088040e-01
7.148612071241182697e-01
-8.203435197762425357e-01
1.777342565573735600e+00
4.071147579300861130e-01
-2.894352868399398537e-01
-5.923497655597502742e-01
-1.295177845259423421e-01
-2.764784001123835822e+00
-7.873622996510433181e-01
3.652028170818841790e-01
-2.255821762784519791e-01
-5.587332374992980411e-01
-1.295177845259423421e-01
-2.764784001123835822e+00
-7.873622996510433181e-01
3.832133996805547338e-01
-2.565197445795989739e-01
-5.836977504462460553e-01
-1.040241579469966648e+00
2.445739271704268525e+00
1.370765133505263522e+00
3.747511686856406232e-01
-2.556724995321176253e-01
-5.272665081309485524e-01
-1.040241579469966648e+00
2.445739271704268525e+00
1.370765133505263522e+00
4.160338085922143936e-01
-2.557668951133036939e-01
-5.414254578246375793e-01
-2.221441471072811424e+00
nan
-2.221441467085554233e+00
2.610459999999999864e-02
2.799937000000000120e-01
1.333500000000000241e-01
1.427919412991619730e+00
-1.051044598001134034e+00
-1.427919418794005857e+00
8.860460000000003333e-02
2.799937001121810543e-01
1.333499998878189818e-01
-3.252224198407233785e-02
-3.102622887020703324e+00
-4.716891467465438303e-01
2.073546000000000833e-01
2.799937003253250012e-01
1.333499992483870855e-01
-1.047760780443657280e+00
-8.865168726191122728e-01
-1.235267836544649889e+00
2.030573793960540330e-01
8.429890810434315096e-02
7.243955521234511641e-02
-1.743625891530487637e+00
9.364916245974149733e-01
-1.500833077069916754e+00
1.987601587921079827e-01
-1.113958842259906434e-01
1.152911152763226588e-02
-2.289111168574451682e-01
-8.248832414398942214e-01
-2.867100580374598806e+00
1.657550490021279521e-01
-2.229056399962250912e-01
-1.604577690645049293e-01
5.958014565041652721e-01
9.734078270107532349e-01
-1.451491434036934258e+00
1.548866998873097700e-01
-2.785944063880210764e-01
-2.473180176554363174e-01
-1.546490980387535075e+00
-6.953725238944098441e-01
1.992992233936743185e+00
2.558184206938801108e-01
-2.701494759445084992e-01
-2.698020872343356857e-01
-1.546490980608727028e+00
-6.953725176469700564e-01
1.992992236749131951e+00
2.558184207552888223e-01
-2.701494761382514653e-01
-2.698020870314392083e-01
7.155323653645142556e-01
-8.192021672701116364e-01
1.775219858471550172e+00
3.651643257137930920e-01
-2.856805492922188661e-01
-3.137704827339422020e-01
7.155323653645142556e-01
-8.192021672701116364e-01
1.775219858471550172e+00
4.069412569688988235e-01
-2.896969181129982474e-01
-3.257411936991123080e-01
-1.231561091832755084e+00
2.717616412936133763e+00
9.432106917620149966e-01
3.650635440315709301e-01
-2.257813260141744438e-01
-2.920479838422513907e-01
-1.231561091832755084e+00
2.717616412936133763e+00
9.432106917620149966e-01
4.068183715608006401e-01
-2.273906158342317851e-01
-3.046450346435041201e-01
-1.039778815767969045e+00
2.446067956053742165e+00
1.370872164648639924e+00
3.746114221791513876e-01
-2.558720529216595430e-01
-2.605814968114735786e-01
-1.039778815767969045e+00
2.446067956053742165e+00
1.370872164648639924e+00
4.158897267468216752e-01
-2.559779320304047534e-01
-2.747529994220996308e-01
0.000000000000000000e+00
0.000000000000000000e+00
0.000000000000000000e+00
0.000000000000000000e+00
0.000000000000000000e+00
0.000000000000000000e+00
1.817586850261257714e-01
3.262379788219365057e-10
-9.787140999797029403e-10
0.000000000000000000e+00
-0.000000000000000000e+00
0.000000000000000000e+00
1.817586789322985785e-01
2.421077008419917076e-01
-7.790562235795794876e-01
0.000000000000000000e+00
0.000000000000000000e+00
0.000000000000000000e+00
2.015716896610778852e-01
1.147748991665747509e+00
-4.976096186455638559e-01
-1.672044115843556999e-01
1.439121228082299898e-02
-3.453746832283310919e-02
-1.541513548541427969e+00
1.111086653945798419e+00
-2.569291869085794655e-01
-3.344088231687113444e-01
2.878242449778015827e-02
-6.907493666551384193e-02
-1.517523794881252996e+00
1.234256704625742218e+00
-6.442542638381165698e-02
-5.542398126756108434e-01
-2.280555615084239318e-01
1.391660610977367984e-01
-1.400799037353401832e+00
7.040127385163180707e-01
2.602953899255627257e-01
-6.650977151917030206e-01
-3.592529975505232565e-01
2.369254428767103016e-01
-2.675495042086854180e+00
5.972535293451873839e-01
5.441704896018411119e-01
-6.831226580667832948e-01
-3.644674586356821955e-01
1.540262582023933791e-01
-2.675495042086854625e+00
5.972535293451869398e-01
5.441704896018415560e-01
-6.831226578401740079e-01
-3.644674580594112756e-01
1.540262586840665526e-01
-2.996578480387291243e+00
3.349862506087675662e+00
-1.499588762290841482e+00
-7.009325190822851548e-01
-4.225819404349093755e-01
1.302448960486965457e-01
-2.996578480387291243e+00
3.349862506087675662e+00
-1.499588762290841482e+00
-7.467031492554009331e-01
-5.209114904243915545e-01
2.052959583362566620e-03
-3.011802060826018312e+00
1.381921406064387847e+00
-6.708662881510751852e-01
-7.205535106422663594e-01
-3.645198572984496566e-01
-2.995057831031486262e-02
-3.011802060826018312e+00
1.381921406064387847e+00
-6.708662881510751852e-01
-7.758074770862360969e-01
-4.517907215349937777e-01
3.833804402723173244e-02
-2.481560637383497081e+00
-2.006287488294527521e-01
1.114936042913533765e+00
-6.853856295328448756e-01
-2.751348477156351224e-01
4.485314567488596360e-02
-2.481560637383497081e+00
-2.006287488294527521e-01
1.114936042913533765e+00
-6.824396921353047540e-01
-2.642436367637271966e-01
5.336987842633300616e-02
0.000000000000000000e+00
0.000000000000000000e+00
0.000000000000000000e+00
0.000000000000000000e+00
0.000000000000000000e+00
0.000000000000000000e+00
1.830542757391763475e-01
3.285634297105437351e-10
-9.856904538110649698e-10
0.000000000000000000e+00
-0.000000000000000000e+00
0.000000000000000000e+00
1.830542696401321334e-01
2.426558070751138052e-01
-7.796114191551782868e-01
0.000000000000000000e+00
0.000000000000000000e+00
0.000000000000000000e+00
2.029801373866573777e-01
1.150076884568135949e+00
-4.971745705257998860e-01
-1.673461676415466948e-01
1.450007909993912894e-02
-3.478002172855883256e-02
-1.545604340622868333e+00
1.112969668140148638e+00
-2.545931556496626724e-01
-3.346923352830933340e-01
2.900015813556597322e-02
-6.956004347713500013e-02
-1.521862851679179451e+00
1.234619627817638454e+00
-6.485029684178345022e-02
-5.544981373074509001e-01
-2.284206359838335254e-01
1.395236051530185928e-01
-1.404866841857063342e+00
7.036628682353543995e-01
2.609232767526226682e-01
-6.653489381261947777e-01
-3.599052059357146782e-01
2.376925471196619788e-01
-2.675518466562405884e+00
5.973477841275157685e-01
5.439801708664082636e-01
-6.833736219389554556e-01
-3.651568944359864233e-01
1.548066401991006757e-01
-2.675518466562406328e+00
5.973477841275152134e-01
5.439801708664084856e-01
-6.833736217123633772e-01
-3.651568938597283265e-01
1.548066406807813156e-01
-2.998310408424804674e+00
3.365427603806417700e+00
-1.511276723870993210e+00
-7.011894496288614276e-01
-4.233131444440287328e-01
1.310427796793723065e-01
-2.998310408424804674e+00
3.365427603806417700e+00
-1.511276723870993210e+00
-7.475458554615578288e-01
-5.223415555277429734e-01
2.487862470532245518e-03
-2.449035478183652526e+00
6.893065059577824227e-02
1.362198227966797015e+00
-7.207975527637532354e-01
-3.652490207561439606e-01
-2.915849661922401137e-02
-2.449035478183652526e+00
6.893065059577824227e-02
1.362198227966797015e+00
-7.194737039299045067e-01
-3.392212930195178111e-01
-2.809547618232813293e-02
-2.481613050912860441e+00
-2.005434934400538993e-01
1.114742992854115933e+00
-6.856323576970126954e-01
-2.758659972413192163e-01
4.564639503946177346e-02
-2.481613050912860441e+00
-2.005434934400538993e-01
1.114742992854115933e+00
-6.826723270616195105e-01
-2.650194822971860265e-01
5.418724141882591550e-02
