-2.221441471072811424e+00
nan
-2.221441467085554233e+00
2.610459999999999864e-02
2.799937000000000120e-01
-1.333499999999999686e-01
1.561967871211487058e+00
-9.345463634474240333e-01
-1.561967877944784755e+00
8.860460000000003333e-02
2.799937001121810543e-01
-1.333500001121810108e-01
-6.620097898235529632e-01
-2.869563780777208972e+00
-7.211759483037638585e-01
2.073546000000000833e-01
2.799937003253250012e-01
-1.333500007516129071e-01
-1.195250573743235512e+00
-1.805773465073739481e-01
-1.159400264408769088e+00
1.175471904921890631e-01
1.176082258575489869e-01
-2.204739749456980369e-01
-2.693102191298665016e+00
5.960194521541861690e-01
-1.313246238216100759e+00
2.773978098437804296e-02
-4.477724878418706811e-02
-3.075979488155488606e-01
-7.576799051832785459e-01
-1.673793033731094893e+00
-2.343411976776215599e+00
-4.453856664817296140e-02
-2.345088034084563677e-01
-3.509687643873830032e-01
-1.161662582649160558e-01
6.506464392138674446e-01
-1.729716744418758445e+00
-7.630006591541196870e-02
-3.299860425485475757e-01
-3.762544613420452655e-01
1.430768667160552399e+00
-4.107501777742715854e-01
-2.484063716971471880e+00
1.389641688759499227e-02
-3.423861894489183544e-01
-4.260027612809991204e-01
1.430768666535232159e+00
-4.107501846489018948e-01
-2.484063714672739565e+00
1.389641702805888279e-02
-3.423861893493623798e-01
-4.260027610511451512e-01
-3.018417974437966889e-01
3.525472752285942479e-01
-5.405292613826021553e-01
1.171374939287677525e-01
-3.842553489129678090e-01
-4.674661726688508212e-01
-3.018417974437966889e-01
3.525472752285942479e-01
-5.405292613826021553e-01
8.140735568909554520e-02
-4.002310792487138724e-01
-4.481562170442658366e-01
-1.543662214663788612e+00
-2.346951380640532658e+00
1.117550562583966345e+00
1.007962624330859674e-01
-3.384683894362930379e-01
-5.086524878651134118e-01
-1.543662214663788612e+00
-2.346951380640532658e+00
1.117550562583966345e+00
8.553493618804408616e-02
-3.664753344370737520e-01
-4.788624882414873052e-01
1.434713106823661155e+00
-2.172609267857898985e+00
-1.830899881290947440e-01
1.226168073431879030e-01
-3.230468650516930551e-01
-4.729762487908861779e-01
1.434713106823661155e+00
-2.172609267857898985e+00
-1.830899881290947440e-01
1.594145656122939458e-01
-3.166515541647705878e-01
-4.955542493586523878e-01
-2.221441471072811424e+00
nan
-2.221441467085554233e+00
2.610459999999999864e-02
2.799937000000000120e-01
1.333500000000000241e-01
1.561949012547070748e+00
-9.345639327193001611e-01
-1.561949019280235440e+00
8.860460000000003333e-02
2.799937001121810543e-01
1.333499998878189818e-01
-6.634324535211513219e-01
-2.869028554263995723e+00
-7.209999445903223503e-01
2.073546000000000833e-01
2.799937003253250012e-01
1.333499992483870855e-01
-1.195671390874971207e+00
-1.784415065209368212e-01
-1.158100958291382820e+00
1.173586755748448895e-01
1.176869167813614225e-01
4.627393133949074533e-02
-2.695483200737936347e+00
5.940785173560166887e-01
-1.310504289760047625e+00
2.736275114968969580e-02
-4.461986693655337066e-02
-4.080213624516652871e-02
-7.573086463881629760e-01
-1.675680517353311805e+00
-2.341945801615284317e+00
-4.477347686759480805e-02
-2.344747676332810948e-01
-8.386872757619745489e-02
-1.174641168488975984e-01
6.493113584993427390e-01
-1.729618667134142918e+00
-7.647141854667244276e-02
-3.300107468677411227e-01
-1.090119108476652332e-01
1.430932103849962500e+00
-4.109778966956160740e-01
-2.484062527830963596e+00
1.372965794744955559e-02
-3.424277161257464064e-01
-1.587476844291358935e-01
1.430932103223976348e+00
-4.109779035704733130e-01
-2.484062525532223287e+00
1.372965808789855524e-02
-3.424277160261955388e-01
-1.587476841992706000e-01
-3.034254887314741800e-01
3.513048614880369680e-01
-5.488688127800949168e-01
1.169698739763918166e-01
-3.843150691164797794e-01
-2.001948609372243837e-01
-3.034254887314741800e-01
3.513048614880369680e-01
-5.488688127800949168e-01
8.108724119121563101e-02
-3.999527283243625164e-01
-1.808909389649327737e-01
1.409619915096398168e+00
-1.922360246594540634e+00
1.883301769700248818e-01
1.006407824573283122e-01
-3.385285044226027384e-01
-2.413864295897467649e-01
1.409619915096398168e+00
-1.922360246594540634e+00
1.883301769700248818e-01
1.353501124045846937e-01
-3.336381505416295412e-01
-2.673881214220361624e-01
1.434230653686243251e+00
-2.173017439094750536e+00
-1.828704594985592347e-01
1.224590022498142916e-01
-3.231077786086375414e-01
-2.057084233470027335e-01
1.434230653686243251e+00
-2.173017439094750536e+00
-1.828704594985592347e-01
1.592634463429088987e-01
-3.167323830996946477e-01
-2.282811580442614674e-01
0.000000000000000000e+00
0.000000000000000000e+00
0.000000000000000000e+00
0.000000000000000000e+00
0.000000000000000000e+00
0.000000000000000000e+00
3.670743919791570886e-01
6.588604428963503051e-10
-1.976581658916808399e-09
0.000000000000000000e+00
-0.000000000000000000e+00
0.000000000000000000e+00
3.670743822064799211e-01
6.253467116024986616e-01
-1.165548548460140443e+00
0.000000000000000000e+00
0.000000000000000000e+00
0.000000000000000000e+00
7.973133528077194221e-01
1.403284298638429295e+00
-7.481650715523280315e-01
-2.437508448209395051e-01
1.366558747954616237e-01
-3.446779506316388630e-03
-7.625043398432107544e-01
1.587080091869113030e+00
5.171286647397350666e-01
-4.875016896418791212e-01
2.733117494719051743e-01
-6.893559076489086390e-03
-1.182994672744911213e+00
3.230573915313244004e-01
1.823714468685869172e-01
-4.582190221022218735e-01
2.028641089750265469e-01
2.524891013305321508e-01
-1.425888957522529976e+00
5.344408171416942244e-01
-3.106985824563422427e-01
-4.489754311584500113e-01
1.671588736049368640e-01
3.756989537060502204e-01
-2.735259263202787228e+00
7.144520959248845671e-01
4.114908468230966676e-01
-4.794156612934301620e-01
6.819940271702190637e-02
3.451755042704004461e-01
-2.735259263202786784e+00
7.144520959248847891e-01
4.114908468230970007e-01
-4.794156611701769211e-01
6.819940340353161656e-02
3.451755038977344370e-01
-5.131796713228864881e+00
-3.931316109036667727e-01
-4.939276136763025349e+00
-4.918105065800436049e-01
-2.731019146986625457e-03
3.859377066593480121e-01
-5.131796713228864881e+00
-3.931316109036667727e-01
-4.939276136763025349e+00
-5.783104041559268271e-01
2.728447668303103923e-01
4.538752602837871075e-01
-4.278943070955627981e+00
-9.737566972473752358e-01
-1.966496193275147020e+00
-5.400770705239478220e-01
-1.221105364910436281e-01
2.723735287089666390e-01
-4.278943070955627981e+00
-9.737566972473752358e-01
-1.966496193275147020e+00
-6.241608328977523712e-01
3.537051594744693855e-02
3.773528333187057826e-01
-2.241510114088508310e+00
8.843635961720697214e-01
1.264334243838444394e+00
-5.209339228709710667e-01
-1.554781858382731433e-02
2.146019272380362830e-01
-2.241510114088508310e+00
8.843635961720697214e-01
1.264334243838444394e+00
-5.489868952017846748e-01
-1.963196933625129675e-02
1.677241753683221814e-01
0.000000000000000000e+00
0.000000000000000000e+00
0.000000000000000000e+00
0.000000000000000000e+00
0.000000000000000000e+00
0.000000000000000000e+00
3.616143009477057468e-01
6.490601460795657786e-10
-1.947180763554443446e-09
0.000000000000000000e+00
-0.000000000000000000e+00
0.000000000000000000e+00
3.616142911586737174e-01
6.263592639162356424e-01
-1.167512028205113239e+00
0.000000000000000000e+00
0.000000000000000000e+00
0.000000000000000000e+00
7.946864813785177173e-01
1.407400791754674474e+00
-7.484905720059464862e-01
-2.440360238469975740e-01
1.365592748295671177e-01
-2.322671503093287626e-03
-7.561120892096493407e-01
1.589394399799462176e+00
5.150799599574903409e-01
-4.880720476939950925e-01
2.731185495418846365e-01
-4.645343069089646892e-03
-1.176671696859589389e+00
3.218491960735876400e-01
1.814870914117518441e-01
-4.587313921253839410e-01
2.033994537568132865e-01
2.535591593767325680e-01
-1.420501733262583777e+00
5.330051025886488603e-01
-3.134413351999839059e-01
-4.494851584516011411e-01
1.680614143932484539e-01
3.761755992202857057e-01
-2.735300539280147714e+00
7.139986900592973917e-01
4.115226896439067028e-01
-4.798865709750850250e-01
6.913891596282051299e-02
3.457362915427945604e-01
-2.735300539280147269e+00
7.139986900592973917e-01
4.115226896439073689e-01
-4.798865708519289286e-01
6.913891664936910875e-02
3.457362911702128727e-01
-5.122353041486078062e+00
-3.894550164824569505e-01
-4.919474894053323055e+00
-4.922422045437063742e-01
-1.745876911745113808e-03
3.865974117612619998e-01
-5.122353041486078062e+00
-3.894550164824569505e-01
-4.919474894053323055e+00
-5.766892856685421620e-01
2.736593376348415152e-01
4.527243516236980625e-01
-2.267488187578196701e+00
1.225607910861725713e+00
1.132222078283181776e+00
-5.404951408554737879e-01
-1.211369885221511011e-01
2.730163466167846442e-01
-2.267488187578196701e+00
1.225607910861725713e+00
1.132222078283181776e+00
-5.778999866955718545e-01
-1.407968479202164336e-01
2.193874975945334926e-01
-2.241636524732525615e+00
8.838952475268667675e-01
1.264418345923967957e+00
-5.213670696974511687e-01
-1.456822631368717702e-02
2.152578466304933547e-01
-2.241636524732525615e+00
8.838952475268667675e-01
1.264418345923967957e+00
-5.493801696640716603e-01
-1.863187855131769044e-02
1.684352539762767054e-01
