-2.221441471072811424e+00
nan
-2.221441467085554233e+00
2.610459999999999864e-02
2.799937000000000120e-01
-1.333499999999999686e-01
1.574153786794783239e+00
-9.231201739970819053e-01
-1.574153793614207153e+00
8.860460000000003333e-02
2.799937001121810543e-01
-1.333500001121810108e-01
-1.147853366288059451e+00
-2.617686141893545315e+00
-6.824247861215205768e-01
2.073546000000000833e-01
2.799937003253250012e-01
-1.333500007516129071e-01
-1.257888468968441309e+00
3.541137627187059822e-01
-1.069685124637498985e+00
5.656414130867715162e-02
1.587911651855709594e-01
-2.011525305226850857e-01
-2.994788901135677861e+00
5.284491435280945781e-01
-7.399801367231459981e-01
-9.422631738264578005e-02
3.758862986617646229e-02
-2.689550599726353575e-01
-7.839260950784432413e-01
-1.901556707765095000e+00
-2.249074263599678769e+00
-1.658097483058154076e-01
-1.570962687333959940e-01
-2.777216256937155014e-01
-2.732030897470947295e-01
4.820724418897213703e-01
-2.012034686606896550e+00
-1.990431729111294124e-01
-2.549237158800240488e-01
-2.871763903008651142e-01
8.229259350400479622e-01
-1.077554120234321733e+00
-1.985082228477979882e+00
-1.167332670897827940e-01
-2.978592927458376671e-01
-3.334978555505835884e-01
8.229259344556195677e-01
-1.077554124857899032e+00
-1.985082224108834614e+00
-1.167332669358142061e-01
-2.978592925096639199e-01
-3.334978554959029950e-01
-1.252770761418981360e+00
-4.531672371341605166e-01
-1.588435528584958956e+00
-1.525380678234651566e-02
-3.552299855213421620e-01
-3.567676585780211740e-01
-1.252770761418981360e+00
-4.531672371341605166e-01
-1.588435528584958956e+00
-4.798170729081018687e-02
-3.287190336102071564e-01
-3.682042263185451025e-01
1.579998588706204687e+00
9.754281741197183830e-01
-1.565830687753392736e+00
-4.553717959664649317e-02
-3.530202991204463570e-01
-4.127839837106092036e-01
1.579998588706204687e+00
9.754281741197183830e-01
-1.565830687753392736e+00
-7.694860149718045494e-02
-3.368756675564287817e-01
-3.871438867829690156e-01
1.219905944621240357e+00
-1.505070235507857790e+00
2.977297681450638556e-01
-2.161559333817543449e-02
-3.163843733026844296e-01
-4.042798506358051269e-01
1.219905944621240357e+00
-1.505070235507857790e+00
2.977297681450638556e-01
3.410022503450935855e-03
-3.192639303260169092e-01
-4.399192645999364659e-01
-2.221441471072811424e+00
nan
-2.221441467085554233e+00
2.610459999999999864e-02
2.799937000000000120e-01
1.333500000000000241e-01
1.573201289718605400e+00
-9.240185960315988600e-01
-1.573201296531288040e+00
8.860460000000003333e-02
2.799937001121810543e-01
1.333499998878189818e-01
-1.149746263927788892e+00
-2.617645374503562383e+00
-6.804887577073686078e-01
2.073546000000000833e-01
2.799937003253250012e-01
1.333499992483870855e-01
-1.258286721700897504e+00
3.568212299174645108e-01
-1.067466503061049288e+00
5.639424683317845188e-02
1.588591775782060844e-01
6.580446519485969037e-02
-2.994980851602679017e+00
5.287071753768030069e-01
-7.352021653227051035e-01
-9.456610633364317953e-02
3.772465465188928890e-02
-1.741068537298565144e-03
-7.836883908714880054e-01
-1.901378632832161575e+00
-2.249814693072855754e+00
-1.661561599205234052e-01
-1.569544561119937953e-01
-1.058177323836114944e-02
-2.724734474571217646e-01
4.821392437277174370e-01
-2.012078047350474463e+00
-1.994070676285672195e-01
-2.547716126493050903e-01
-2.008143236626134392e-02
8.232502271684332129e-01
-1.077694315404343683e+00
-1.984921784176481019e+00
-1.170800133203305643e-01
-2.977013363973909366e-01
-6.637784095096370407e-02
8.232502265836845190e-01
-1.077694320028332209e+00
-1.984921779807534925e+00
-1.170800131663990579e-01
-2.977013361612013131e-01
-6.637784089624731987e-02
-1.252501879819577946e+00
-4.540900772686193854e-01
-1.589359742206385206e+00
-1.558869238023401216e-02
-3.550636316939742021e-01
-8.961659820920588049e-02
-1.252501879819577946e+00
-4.540900772686193854e-01
-1.589359742206385206e+00
-4.829733282184932308e-02
-3.285493102672225607e-01
-1.011003573650759019e-01
1.105525926639248313e+00
-1.185136201857634353e+00
5.056044995261902431e-01
-4.585623374899212845e-02
-3.528586488317362324e-01
-1.456416645137427746e-01
1.105525926639248313e+00
-1.185136201857634353e+00
5.056044995261902431e-01
-2.538048383158324206e-02
-3.627551319125048579e-01
-1.828914217285461108e-01
1.219735481505470398e+00
-1.505450571521165903e+00
2.982029282413057314e-01
-2.194040666708721443e-02
-3.162202554222403039e-01
-1.371319657905546441e-01
1.219735481505470398e+00
-1.505450571521165903e+00
2.982029282413057314e-01
3.103323296841389856e-03
-3.191076897150237901e-01
-1.727580157723963838e-01
0.000000000000000000e+00
0.000000000000000000e+00
0.000000000000000000e+00
0.000000000000000000e+00
0.000000000000000000e+00
0.000000000000000000e+00
-2.212469827052521432e-01
-3.971153755202313551e-10
1.191346325599081312e-09
0.000000000000000000e+00
-0.000000000000000000e+00
0.000000000000000000e+00
-2.212469913565847934e-01
5.730530086252008104e-01
-1.024378829405969471e+00
0.000000000000000000e+00
0.000000000000000000e+00
0.000000000000000000e+00
6.291970550039991394e-01
1.256623941831194191e+00
-6.419789216177954616e-01
-1.630117547452098747e-01
1.394654478415915111e-01
1.132266222694979646e-01
4.257356571408611456e-01
1.287312645182918658e+00
-2.443464304431262335e-01
-3.260235094904195829e-01
2.789308957542302458e-01
2.264532445787408033e-01
-2.103363150724102126e-01
-5.850582579708747399e-01
-4.253061371812719704e-01
-3.848793804319808887e-01
3.001542911973114069e-01
2.357191971510241291e-01
-4.521056442251384366e-01
-4.492381494067102521e-01
-9.808050896758158110e-01
-4.209544059776346714e-01
3.122999902941577255e-01
2.368523723907954848e-01
-2.763113561900611970e+00
7.562602302045200453e-01
3.197585715610563595e-01
-4.422564689692008999e-01
2.106278198456674744e-01
2.932405387989143741e-01
-2.763113561900611970e+00
7.562602302045204894e-01
3.197585715610565815e-01
-4.422564690033665702e-01
2.106278200459890393e-01
2.932405380298993558e-01
-4.416058279258886721e+00
-1.844310198680147783e+00
-9.783745451942038596e-01
-4.415097247921810908e-01
1.787796387884914573e-01
3.750173980494121428e-01
-4.416058279258886721e+00
-1.844310198680147783e+00
-9.783745451942038596e-01
-3.944795057517141990e-01
1.602952339067750254e-01
1.975830886820614807e-01
-3.958647165507351851e+00
-1.463288035655090136e+00
2.526909066784910896e-01
-4.845792098993116359e-01
1.431680309365188086e-02
3.918138940834615114e-01
-3.958647165507351851e+00
-1.463288035655090136e+00
2.526909066784910896e-01
-5.261776585544659657e-01
1.078795194394820134e-01
2.819390362544372253e-01
-2.183139582513261345e+00
1.492951942031164325e+00
6.674876398880079664e-01
-4.898625235697747771e-01
4.546382077633412400e-02
2.724937262729302812e-01
-2.183139582513261345e+00
1.492951942031164325e+00
6.674876398880079664e-01
-5.411483871389499711e-01
-1.563770529146560340e-02
2.414181594193895997e-01
0.000000000000000000e+00
0.000000000000000000e+00
0.000000000000000000e+00
0.000000000000000000e+00
0.000000000000000000e+00
0.000000000000000000e+00
-2.253947782760785945e-01
-4.045602381599368627e-10
1.213680917249641063e-09
0.000000000000000000e+00
-0.000000000000000000e+00
0.000000000000000000e+00
-2.253947869200144116e-01
5.710394084183970653e-01
-1.024088207162278330e+00
0.000000000000000000e+00
0.000000000000000000e+00
0.000000000000000000e+00
6.317805978915056464e-01
1.258859283803706042e+00
-6.405545994660868381e-01
-1.626235980327861985e-01
1.393723061718012413e-01
1.135074007102585547e-01
4.325705747012265068e-01
1.288500632365703336e+00
-2.484898216370531876e-01
-3.252471960655723970e-01
2.787446124160373739e-01
2.270148014609074671e-01
-2.052485214711911310e-01
-5.878286071422742509e-01
-4.307123357441672851e-01
-3.850142271736274879e-01
3.003582407761307693e-01
2.350461759532405659e-01
-4.454298984441223408e-01
-4.525198984754887910e-01
-9.832863157073988836e-01
-4.215611117481857240e-01
3.127300259101942759e-01
2.355771679428041443e-01
-2.763072070931709590e+00
7.560225309223045365e-01
3.200338308909888019e-01
-4.428232755342481619e-01
2.111571554221938485e-01
2.919539806894975720e-01
-2.763072070931709145e+00
7.560225309223052026e-01
3.200338308909889129e-01
-4.428232755684698430e-01
2.111571556226425617e-01
2.919539799205130293e-01
-4.399905813165576163e+00
-1.820340936910313179e+00
-9.662978101964603272e-01
-4.420344244996477490e-01
1.794274505214293047e-01
3.737204114242442254e-01
-4.399905813165576163e+00
-1.820340936910313179e+00
-9.662978101964603272e-01
-3.955093368650837160e-01
1.605062794877596954e-01
1.975190172599866067e-01
-2.289106853312202983e+00
1.636161246519386658e+00
3.467324037744682341e-01
-4.850963060347445177e-01
1.493951732737133775e-02
3.905108280911158136e-01
-2.289106853312202983e+00
1.636161246519386658e+00
3.467324037744682341e-01
-5.426114838643534277e-01
-6.322955120930251471e-02
3.796633068267045719e-01
-2.183264478527362495e+00
1.492779010479718949e+00
6.679031247650555336e-01
-4.903883074691856025e-01
4.610630196140408366e-02
2.711954024179672462e-01
-2.183264478527362495e+00
1.492779010479718949e+00
6.679031247650555336e-01
-5.416416007216764417e-01
-1.494800197551110488e-02
2.401146807092086610e-01
