-2.221441471072811424e+00
nan
-2.221441467085554233e+00
2.610459999999999864e-02
2.799937000000000120e-01
-1.333499999999999686e-01
1.550021747602079003e+00
-9.456060421177889808e-01
-1.550021754251199591e+00
8.860460000000003333e-02
2.799937001121810543e-01
-1.333500001121810108e-01
-5.906359155943715633e-01
-2.906002447420182211e+00
-7.038042748059015752e-01
2.073546000000000833e-01
2.799937003253250012e-01
-1.333500007516129071e-01
-1.186394015138117153e+00
-2.603048325312116162e-01
-1.168405052819234013e+00
1.273291746525998525e-01
1.121727404607972267e-01
-2.197042521125982528e-01
-2.612890279666981730e+00
6.391736869700916923e-01
-1.374794894196924799e+00
4.730374930519957999e-02
-5.564821957208496150e-02
-3.060585031464035377e-01
-7.408945534588358139e-01
-1.611550242987304982e+00
-2.394480161430530440e+00
-2.616848855777582916e-02
-2.419465888231910611e-01
-3.608124790548701277e-01
-5.677581851753153025e-02
6.840259037957202581e-01
-1.699684529704794889e+00
-5.831932463649632664e-02
-3.356862296263908307e-01
-3.915251145902054475e-01
1.511077386885972595e+00
-2.995407862249917508e-01
-2.538296114929932124e+00
3.308349268256353254e-02
-3.443905772817420496e-01
-4.398347597765795980e-01
1.511077386257939192e+00
-2.995407933839809855e-01
-2.538296113006226484e+00
3.308349281783060092e-02
-3.443905772103523222e-01
-4.398347595335144744e-01
-1.378981825900832126e-01
3.735580938901114645e-01
-2.874112716694766645e-01
1.367981881709077197e-01
-3.835345892228493314e-01
-4.827529290721133126e-01
-1.378981825900832126e-01
3.735580938901114645e-01
-2.874112716694766645e-01
1.058379139320874684e-01
-4.103803937793938372e-01
-4.677360944729422876e-01
-1.370110958578717675e+00
-2.432584658817566137e+00
9.238613951011851455e-01
1.224242258600817257e-01
-3.332568505426811711e-01
-5.191580422439698861e-01
-1.370110958578717675e+00
-2.432584658817566137e+00
9.238613951011851455e-01
1.107076329810015025e-01
-3.670804400102820053e-01
-4.941895146253238447e-01
1.439093163160836353e+00
-2.256195927212527153e+00
-2.802083031196917484e-01
1.434376401217997976e-01
-3.222072654008196202e-01
-4.814340880734672701e-01
1.439093163160836353e+00
-2.256195927212527153e+00
-2.802083031196917484e-01
1.812917646507579417e-01
-3.158443932337354765e-01
-5.022023388072550665e-01
-2.221441471072811424e+00
nan
-2.221441467085554233e+00
2.610459999999999864e-02
2.799937000000000120e-01
1.333500000000000241e-01
1.550153961749643150e+00
-9.454843988781920228e-01
-1.550153968399694104e+00
8.860460000000003333e-02
2.799937001121810543e-01
1.333499998878189818e-01
-5.919208034434165766e-01
-2.905440358490986252e+00
-7.039607046258109513e-01
2.073546000000000833e-01
2.799937003253250012e-01
1.333499992483870855e-01
-1.186685312203627829e+00
-2.582379194830204949e-01
-1.167224682280566528e+00
1.271546635234880318e-01
1.122550434630469884e-01
4.699773707070929729e-02
-2.615467269489627267e+00
6.370417062913782402e-01
-1.372453079632180994e+00
4.695472704697598032e-02
-5.548361356764766605e-02
-3.935452477982047392e-02
-7.406209255440955319e-01
-1.613780744445330706e+00
-2.392867872575287880e+00
-2.638306214218810730e-02
-2.419366676575964437e-01
-9.376111718714191801e-02
-5.826617361099788867e-02
6.825334432682834684e-01
-1.699605448466442681e+00
-5.847312171681055826e-02
-3.357508059345210016e-01
-1.243094074151607636e-01
1.511214744838087487e+00
-2.997636601087922958e-01
-2.538316985734013542e+00
3.293290885100125243e-02
-3.444726133067730345e-01
-1.726098230655213617e-01
1.511214744209375738e+00
-2.997636672679933056e-01
-2.538316983810263938e+00
3.293290898625647611e-02
-3.444726132353886361e-01
-1.726098228224480780e-01
-1.396529662967755658e-01
3.729172916257497139e-01
-2.965874038069648000e-01
1.366455404295502662e-01
-3.836356607338473612e-01
-2.155156123490492015e-01
-1.396529662967755658e-01
3.729172916257497139e-01
-2.965874038069648000e-01
1.054441151328070481e-01
-4.101621195993713775e-01
-2.004305480761527369e-01
1.427150610110109685e+00
-2.023604986593706467e+00
1.143365965871074030e-01
1.222829001951432903e-01
-3.333580453326274173e-01
-2.519253640568542840e-01
1.427150610110109685e+00
-2.023604986593706467e+00
1.143365965871074030e-01
1.584170117647476506e-01
-3.279259897937479296e-01
-2.757908177149751561e-01
1.438578472301699440e+00
-2.256582074349695599e+00
-2.800234714269785319e-01
1.432944695938969115e-01
-3.223092913530012371e-01
-2.142001388633705539e-01
1.438578472301699440e+00
-2.256582074349695599e+00
-2.800234714269785319e-01
1.811536733338115490e-01
-3.159667612850292628e-01
-2.349653532645393783e-01
0.000000000000000000e+00
0.000000000000000000e+00
0.000000000000000000e+00
0.000000000000000000e+00
0.000000000000000000e+00
0.000000000000000000e+00
4.676061987431953115e-01
8.393046040174711736e-10
-2.517914232720675273e-09
0.000000000000000000e+00
-0.000000000000000000e+00
0.000000000000000000e+00
4.676061891039339224e-01
5.956626011172250212e-01
-1.157611434348575719e+00
0.000000000000000000e+00
0.000000000000000000e+00
0.000000000000000000e+00
8.503013993832525541e-01
1.398211007579989396e+00
-7.446507020009183186e-01
-2.457094600457458422e-01
1.330181298125924505e-01
-3.080596647607125593e-02
-9.999487250215863821e-01
1.598658228248654112e+00
5.804468581714171682e-01
-4.914189200914916844e-01
2.660362594721934482e-01
-6.161193303086609507e-02
-1.405166600108526120e+00
4.171966337607102560e-01
1.933555589132518460e-01
-4.708155110926274811e-01
1.686383614422724830e-01
2.421338813828659564e-01
-1.582230286912362560e+00
5.983832324183931961e-01
-1.742983722107737110e-01
-4.655036386120589009e-01
1.192654489071837132e-01
3.872669143303272277e-01
-2.727610605683102207e+00
7.074585198449989676e-01
4.310759281215571503e-01
-4.959284738831514772e-01
2.689710286912166959e-02
3.463452835389116968e-01
-2.727610605683101763e+00
7.074585198449990786e-01
4.310759281215575944e-01
-4.959284737419671907e-01
2.689710359041910456e-02
3.463452832484926747e-01
-5.257330282490681128e+00
1.735460792083290960e-01
-5.738941019262065346e+00
-5.094172571295126906e-01
-4.545804226039606988e-02
3.797410607021032281e-01
-5.257330282490681128e+00
1.735460792083290960e-01
-5.738941019262065346e+00
-6.608776333273521653e-01
2.111696048217477084e-01
5.262513561604127421e-01
-4.272884146145677242e+00
-7.249906970318578114e-01
-2.234516381596430623e+00
-5.568458874742703291e-01
-1.509532841929691616e-01
2.527719495490380885e-01
-4.272884146145677242e+00
-7.249906970318578114e-01
-2.234516381596430623e+00
-6.505272024661182817e-01
-1.808473965385532650e-02
3.888018079126467352e-01
-2.256392085980993389e+00
7.746015560326950933e-01
1.310533101258062327e+00
-5.349209648644922543e-01
-3.899864965333030981e-02
2.077668649772131115e-01
-2.256392085980993389e+00
7.746015560326950933e-01
1.310533101258062327e+00
-5.593468387929987351e-01
-3.625088303437358495e-02
1.640878668129093498e-01
0.000000000000000000e+00
0.000000000000000000e+00
0.000000000000000000e+00
0.000000000000000000e+00
0.000000000000000000e+00
0.000000000000000000e+00
4.622428443706501633e-01
8.296779394652192533e-10
-2.489034234238934674e-09
0.000000000000000000e+00
-0.000000000000000000e+00
0.000000000000000000e+00
4.622428347122559122e-01
5.970788855191095923e-01
-1.159821492491867723e+00
0.000000000000000000e+00
0.000000000000000000e+00
0.000000000000000000e+00
8.474428782684599870e-01
1.402727129557379993e+00
-7.450718494451750162e-01
-2.461060118136902120e-01
1.329333244747668563e-01
-2.965030354874659269e-02
-9.940455502207695693e-01
1.601341559389375835e+00
5.794092234451679868e-01
-4.922120236273803129e-01
2.658666487983118998e-01
-5.930060717534246795e-02
-1.399549579742015881e+00
4.158650722269527922e-01
1.933876657836658408e-01
-4.713029418747456956e-01
1.692914262298598205e-01
2.434810712701887814e-01
-1.577796403666579250e+00
5.973482876149814880e-01
-1.767063808509382605e-01
-4.658644115779503325e-01
1.203317577634039209e-01
3.881237440122855542e-01
-2.727721847295676572e+00
7.070722109481522022e-01
4.309327030016243398e-01
-4.962577811730146671e-01
2.797150680507581519e-02
3.472837444803325568e-01
-2.727721847295676127e+00
7.070722109481524242e-01
4.309327030016246729e-01
-4.962577810319061533e-01
2.797150752639807753e-02
3.472837441899807587e-01
-5.249918048768186907e+00
1.746360859768957274e-01
-5.722157509435437994e+00
-5.097186345786641759e-01
-4.437038733751185599e-02
3.807773248403442112e-01
-5.249918048768186907e+00
1.746360859768957274e-01
-5.722157509435437994e+00
-6.588728137934241058e-01
2.133644339224432251e-01
5.254879547990893851e-01
-2.272946027517775747e+00
1.128631353564243156e+00
1.215449651844749734e+00
-5.571292269240989414e-01
-1.498753939039554894e-01
2.537893986661022838e-01
-2.272946027517775747e+00
1.128631353564243156e+00
1.215449651844749734e+00
-5.906669162032209819e-01
-1.602010886640959642e-01
2.006605383571062329e-01
-2.256576156980600878e+00
7.741987955931803889e-01
1.310430150485940581e+00
-5.352160379552658442e-01
-3.791690055422979738e-02
2.087947742202134749e-01
-2.256576156980600878e+00
7.741987955931803889e-01
1.310430150485940581e+00
-5.596038845663189321e-01
-3.516334621232335145e-02
1.651718221563366895e-01
