-2.221441471072811424e+00
nan
-2.221441467085554233e+00
2.610459999999999864e-02
2.799937000000000120e-01
-1.333499999999999686e-01
1.482567823591999012e+00
-1.005515883616462380e+00
-1.482567829770369272e+00
8.860460000000003333e-02
2.799937001121810543e-01
-1.333500001121810108e-01
-4.964463357365849205e-01
2.985148623788483668e+00
5.723565231486588134e-01
2.073546000000000833e-01
2.799937003253250012e-01
-1.333500007516129071e-01
-5.194904038549379433e-01
-1.239411153880159988e+00
-1.417451843872298278e+00
2.737047357338310283e-01
9.978360419621881694e-02
-2.050924619669946825e-01
-1.011962998611402709e+00
7.714451070794526855e-01
-1.264929383515942307e+00
3.400548714676619455e-01
-8.042649206898316860e-02
-2.768349228405169171e-01
-6.097268729973274182e-01
-3.338496803976079286e-02
2.994063781706659544e+00
4.108422829422886391e-01
-8.159351448153816244e-02
-4.720041582117980861e-01
1.322845559149325778e+00
1.152176502530849245e+00
-1.206649751034096774e+00
4.514336423587678726e-01
-8.115227747396346059e-02
-5.674830006357893808e-01
-1.044496149165779375e+00
-1.345736049120152211e+00
8.783509890237289897e-01
5.546616736477382181e-01
-8.964410251504614791e-02
-5.614892569246339171e-01
-1.044496149108725014e+00
-1.345736045597464958e+00
8.783509938097125991e-01
5.546616736308873641e-01
-8.964410278600143389e-02
-5.614892570183014353e-01
3.561133171150351329e-01
-2.450413476283634040e+00
1.372452358424953944e+00
6.711039860781835564e-01
-9.160759411266632124e-02
-5.853281655272155604e-01
3.561133171150351329e-01
-2.450413476283634040e+00
1.372452358424953944e+00
7.067683618722800931e-01
-1.084208245886449928e-01
-5.666169735611998881e-01
-2.911465846943310787e-01
1.828430879281066401e+00
2.090439584064129885e+00
6.678893983372780063e-01
-8.675521689941567693e-02
-5.218780676124262774e-01
-2.911465846943310787e-01
1.828430879281066401e+00
2.090439584064129885e+00
7.044905556332741181e-01
-8.590066196232001849e-02
-5.456344592800015381e-01
-3.310388822567133515e-01
1.329119487588119819e+00
2.252771374203994093e+00
6.652963486514689162e-01
-1.288014892164155434e-01
-5.364431184730178437e-01
-3.310388822567133515e-01
1.329119487588119819e+00
2.252771374203994093e+00
7.052803659992653573e-01
-1.216829589070613504e-01
-5.524226681405122186e-01
-2.221441471072811424e+00
nan
-2.221441467085554233e+00
2.610459999999999864e-02
2.799937000000000120e-01
1.333500000000000241e-01
1.482605030141492586e+00
-1.005483991571445079e+00
-1.482605036320120417e+00
8.860460000000003333e-02
2.799937001121810543e-01
1.333499998878189818e-01
-4.964480598116139398e-01
2.985124073521666421e+00
5.724334956092779203e-01
2.073546000000000833e-01
2.799937003253250012e-01
1.333499992483870855e-01
-5.195001476333641621e-01
-1.239335243289562793e+00
-1.417404268226960973e+00
2.737054700602278290e-01
9.978762465492110878e-02
6.159811889864652557e-02
-1.012025201049038259e+00
7.714815434183078802e-01
-1.264887290811929743e+00
3.400563401204556024e-01
-8.041845115159665380e-02
-1.015376110924171016e-02
-6.096225957364275194e-01
-3.337821170115248814e-02
2.994087764902126025e+00
4.108301211977340439e-01
-8.158587481714427159e-02
-2.053279372545777359e-01
1.322831886392463296e+00
1.152185001079225168e+00
-1.206665686217701428e+00
4.514147919063535852e-01
-8.114471302630200944e-02
-3.008096233506414308e-01
-1.044483845860008975e+00
-1.345723522125995997e+00
8.783574490529263423e-01
5.546429380849037249e-01
-8.963639612956147973e-02
-2.948176575118109932e-01
-1.044483845802922861e+00
-1.345723518603328284e+00
8.783574538389088415e-01
5.546429380680515386e-01
-8.963639640051657143e-02
-2.948176576054789000e-01
3.558530235639690287e-01
-2.450518774913732489e+00
1.372535378993766209e+00
6.710848474800901187e-01
-9.159965604252827409e-02
-3.186585537550924996e-01
3.558530235639690287e-01
-2.450518774913732489e+00
1.372535378993766209e+00
7.067439241809458927e-01
-1.084163240309563569e-01
-2.999403526871621817e-01
-4.068030833259930756e-01
1.754821564117372112e+00
1.995439664562048021e+00
6.678713329853172009e-01
-8.674743210423829787e-02
-2.552083897536923662e-01
-4.068030833259930756e-01
1.754821564117372112e+00
1.995439664562048021e+00
7.073979557109171257e-01
-8.689277041520204747e-02
-2.737115272523292231e-01
-3.308512871114387965e-01
1.329253886251866135e+00
2.253016147072187003e+00
6.652780987744384422e-01
-1.287936742690688197e-01
-2.697734948045993897e-01
-3.308512871114387965e-01
1.329253886251866135e+00
2.253016147072187003e+00
7.052568691330085571e-01
-1.216692175374080725e-01
-2.857635279973546605e-01
0.000000000000000000e+00
0.000000000000000000e+00
0.000000000000000000e+00
0.000000000000000000e+00
0.000000000000000000e+00
0.000000000000000000e+00
-4.988560383421416500e-01
-8.953948233530951196e-10
2.686184918840552846e-09
0.000000000000000000e+00
-0.000000000000000000e+00
0.000000000000000000e+00
-4.988560448034131123e-01
3.202856858018257591e-01
-8.045265474123510785e-01
-0.000000000000000000e+00
0.000000000000000000e+00
0.000000000000000000e+00
-8.465258625288460959e-01
1.264573299200925094e+00
-4.286013436549516720e-01
-1.679618898390769777e-01
-8.916960606864737793e-02
6.864789706205454145e-02
-9.901401488306433851e-01
1.236055985015225955e+00
-4.897885326606454814e-01
-3.359237796781540664e-01
-1.783392119667561171e-01
1.372957941920013303e-01
-1.461428036417498522e+00
1.230932981986640362e+00
6.187730578381647195e-01
-5.777354753446987123e-01
-4.062549701214418496e-01
5.095410632030961118e-02
-1.523755799570146729e+00
4.520229631834782880e-01
5.886757887150280144e-01
-6.955365571387031043e-01
-5.206735877366082121e-01
3.440270973167625090e-04
-2.672601198289859870e+00
5.465301839244468551e-01
5.219702166873476656e-01
-6.878283155421349715e-01
-4.507727432590639682e-01
-3.337794583423570050e-02
-2.672601198289859870e+00
5.465301839244463000e-01
5.219702166873476656e-01
-6.878283154518968212e-01
-4.507727435181958509e-01
-3.337794510087085942e-02
-2.634088000877339297e+00
7.736367205207133058e-01
6.526324108053074280e-01
-6.998321145105884655e-01
-4.537052199053508983e-01
-9.176955426680308281e-02
-2.634088000877339297e+00
7.736367205207133058e-01
6.526324108053074280e-01
-6.743835901820034451e-01
-3.811425661111889629e-01
-7.507329634280560104e-02
-2.609515376810602305e+00
1.403780176477013253e+00
6.500023408891851817e-01
-6.676875172126441882e-01
-2.858063312463571259e-01
-1.029811541922127649e-01
-2.609515376810602305e+00
1.403780176477013253e+00
6.500023408891851817e-01
-7.015917316097405321e-01
-3.240081626787791325e-01
-1.565911074891296051e-01
-2.669350823881025292e+00
6.125374112899898416e-01
5.595080377066683486e-01
-6.537008552661522920e-01
-3.260863983359097995e-01
1.080894350753322519e-02
-2.669350823881025292e+00
6.125374112899898416e-01
5.595080377066683486e-01
-6.674718021778013322e-01
-3.463700433201885032e-01
-3.268461771775676983e-02
0.000000000000000000e+00
0.000000000000000000e+00
0.000000000000000000e+00
0.000000000000000000e+00
0.000000000000000000e+00
0.000000000000000000e+00
-4.985454138959499737e-01
-8.948372847051692410e-10
2.684512302617330749e-09
0.000000000000000000e+00
-0.000000000000000000e+00
0.000000000000000000e+00
-4.985454203572707854e-01
3.203313226135577896e-01
-8.045176053711409203e-01
-0.000000000000000000e+00
0.000000000000000000e+00
0.000000000000000000e+00
-8.464147437934284035e-01
1.265129267433199312e+00
-4.283314614523109909e-01
-1.679633352041260408e-01
-8.915201444553209897e-02
6.858665178308265276e-02
-9.905319873671440956e-01
1.236509313502699881e+00
-4.897210023581114458e-01
-3.359266704082521371e-01
-1.783040287206352770e-01
1.371733036340242184e-01
-1.461686295133433733e+00
1.231387791643632657e+00
6.187420437001787121e-01
-5.778330688548448668e-01
-4.062897003104580240e-01
5.081723466370283160e-02
-1.524040753958018746e+00
4.521407294502267638e-01
5.886377464268742754e-01
-6.956810167871553263e-01
-5.207425302161565739e-01
1.969264816212221159e-04
-2.672585093686766555e+00
5.466214998458784891e-01
5.219695101408883264e-01
-6.879732797766717756e-01
-4.508465467470892385e-01
-3.353505171227895432e-02
-2.672585093686766111e+00
5.466214998458778229e-01
5.219695101408882154e-01
-6.879732796864425071e-01
-4.508465470062210101e-01
-3.353505097891681941e-02
-2.634042978670233737e+00
7.738872052736762708e-01
6.527232972631276109e-01
-6.999804644237938023e-01
-4.537842442601410786e-01
-9.193772369236569153e-02
-2.634042978670233737e+00
7.738872052736762708e-01
6.527232972631276109e-01
-6.745180571331964581e-01
-3.812041880422803453e-01
-7.523800066348315663e-02
-2.666588200071591253e+00
6.281099154553342334e-01
5.341400710947457053e-01
-6.678299535640446205e-01
-2.858856383446857774e-01
-1.031491289481605289e-01
-2.666588200071591253e+00
6.281099154553342334e-01
5.341400710947457053e-01
-6.793743266782208412e-01
-3.141131333900659683e-01
-1.275886351815376241e-01
-2.669051612338726009e+00
6.183659434380637254e-01
5.627702023986617119e-01
-6.538446967063425985e-01
-3.261657101824547711e-01
1.064054868091179884e-02
-2.669051612338726009e+00
6.183659434380637254e-01
5.627702023986617119e-01
-6.677418206240438581e-01
-3.463450733705858431e-01
-3.309650409603559496e-02
