-2.221441471072811424e+00
nan
-2.221441467085554233e+00
2.610459999999999864e-02
2.799937000000000120e-01
-1.333499999999999686e-01
1.602406343321518545e+00
-8.960552858761012818e-01
-1.602406350341652352e+00
8.860460000000003333e-02
2.799937001121810543e-01
-1.333500001121810108e-01
-7.855722140988747881e-01
2.779614683157370258e+00
7.858370722303281708e-01
2.073546000000000833e-01
2.799937003253250012e-01
-1.333500007516129071e-01
-5.293960571711524288e-02
-1.257388013171777619e+00
-1.597983791062415060e+00
3.146577483721801904e-01
1.311755238971434034e-01
-2.248059175312754066e-01
-6.383499487673929274e-01
6.116069907495487179e-01
-1.243361662689316027e+00
4.219608967443603253e-01
-1.764265272369158755e-02
-3.162618339974500037e-01
-9.277097986274519537e-01
-4.801458959538204008e-01
2.599929283419100567e+00
5.492562201532900090e-01
2.232282695187296634e-02
-4.753275784948687299e-01
1.756756197973390776e+00
1.286364702264890303e+00
-1.049099180941217346e+00
6.171079960591898672e-01
4.292978784944982695e-02
-5.510610068404897532e-01
-6.769418201701323801e-01
-1.509853813845926540e+00
2.506846813697696796e-01
7.171474991772552876e-01
1.664367637755618384e-02
-5.429863143028278438e-01
-6.769418200794898866e-01
-1.509853811978772775e+00
2.506846867562712022e-01
7.171474991549036115e-01
1.664367621921340051e-02
-5.429863145413699188e-01
3.601308000899632322e-01
-2.891306724334583578e+00
5.355213937858199769e-01
8.354046710765106187e-01
1.095067996465003135e-02
-5.536536510369074460e-01
3.601308000899632322e-01
-2.891306724334583578e+00
5.355213937858199769e-01
8.685352638238280631e-01
-1.670814579459301702e-02
-5.471656385183291116e-01
-2.319096090488759199e-01
9.364396120560386505e-01
2.162165197602528899e+00
8.225850072922260559e-01
-2.179227361577533439e-02
-5.005184529508175384e-01
-2.319096090488759199e-01
9.364396120560386505e-01
2.162165197602528899e+00
8.651789520022185043e-01
-1.975034914874777836e-02
-5.098097146048159445e-01
-1.719653719618021159e-01
4.842241099458838294e-01
2.268893661622579216e+00
8.191427283274119731e-01
-4.634946831295466002e-02
-5.375569266387710821e-01
-1.719653719618021159e-01
4.842241099458838294e-01
2.268893661622579216e+00
8.623109690496230106e-01
-4.108685898523721514e-02
-5.412378315034830356e-01
-2.221441471072811424e+00
nan
-2.221441467085554233e+00
2.610459999999999864e-02
2.799937000000000120e-01
1.333500000000000241e-01
1.602408698449257374e+00
-8.960529957638592169e-01
-1.602408705469408057e+00
8.860460000000003333e-02
2.799937001121810543e-01
1.333499998878189818e-01
-7.855727618914860599e-01
2.779612070320557127e+00
7.858414810605782730e-01
2.073546000000000833e-01
2.799937003253250012e-01
1.333499992483870855e-01
-5.293920466044688133e-02
-1.257384628280249883e+00
-1.597981828165180529e+00
3.146578980715245000e-01
1.311759159076206493e-01
4.189362022549288078e-02
-6.383505762002202877e-01
6.116092811470540402e-01
-1.243356603642166158e+00
4.219611961430489444e-01
-1.764186870273815044e-02
-4.956275848391407390e-02
-9.277044715554320087e-01
-4.801510241006478052e-01
2.599930796400896416e+00
5.492559363166481523e-01
2.232447171136683894e-02
-2.086287534609669314e-01
1.756757522637726554e+00
1.286367692308495236e+00
-1.049097349391282741e+00
6.171074286973033951e-01
4.293186921007694640e-02
-2.843623170246079579e-01
-6.769409754079181996e-01
-1.509853282267730856e+00
2.506854621308842179e-01
7.171469593496122563e-01
1.664583512512782595e-02
-2.762877136937526568e-01
-6.769409753172744848e-01
-1.509853280400578202e+00
2.506854675173856295e-01
7.171469593272603582e-01
1.664583496678504262e-02
-2.762877139322946762e-01
3.600799420507913018e-01
-2.891318086889294925e+00
5.355269871845277363e-01
8.354041264704206160e-01
1.095293223602419527e-02
-2.869551533126126208e-01
3.600799420507913018e-01
-2.891318086889294925e+00
5.355269871845277363e-01
8.685337287259170536e-01
-1.670695077524564365e-02
-2.804665902355149010e-01
-2.360694152436966509e-01
9.334432470321607500e-01
2.153128610280147903e+00
8.225845342515839542e-01
-2.179003674009009558e-02
-2.338199474474617623e-01
-2.360694152436966509e-01
9.334432470321607500e-01
2.153128610280147903e+00
8.652540098165983906e-01
-2.006061652338321510e-02
-2.428236181061809440e-01
-1.719645633739373403e-01
4.842244593887241044e-01
2.268894607028339561e+00
8.191422424403461688e-01
-4.634723038202989698e-02
-2.708584206411364104e-01
-1.719645633739373403e-01
4.842244593887241044e-01
2.268894607028339561e+00
8.623104758641046974e-01
-4.108458693621856728e-02
-2.745393623201312083e-01
0.000000000000000000e+00
0.000000000000000000e+00
0.000000000000000000e+00
0.000000000000000000e+00
0.000000000000000000e+00
0.000000000000000000e+00
-9.505344739589078884e-01
-1.706110745356422742e-09
5.118333091189850877e-09
0.000000000000000000e+00
-0.000000000000000000e+00
0.000000000000000000e+00
-9.505344811738754007e-01
5.159057736604335531e-01
-8.394881349215908006e-01
-0.000000000000000000e+00
0.000000000000000000e+00
0.000000000000000000e+00
-1.482027392582269787e+00
1.253030519416756361e+00
-3.864895785368985814e-01
-1.721137288741623472e-01
-1.770117223046137056e-01
8.609849434325407558e-02
-8.276355200357342623e-01
1.348588580489038069e+00
2.258003014244606144e-01
-3.442274577483246389e-01
-3.540234443112463825e-01
1.721969888696317230e-01
-1.510236997517712343e+00
1.141278723564921549e+00
9.876926674428624375e-01
-5.677659216818460308e-01
-4.569285820825780275e-01
-3.254888118407298081e-02
-1.704327915889540357e+00
2.769472060020339854e-01
5.786175763139069783e-01
-6.745522162921500087e-01
-5.042873059837579275e-01
-1.411080641354927612e-01
-2.673964480800918420e+00
5.317263103303483396e-01
5.003533225131688855e-01
-6.571063466439348577e-01
-4.326407672497734058e-01
-1.240135714321403126e-01
-2.673964480800918420e+00
5.317263103303480065e-01
5.003533225131684414e-01
-6.571063466915467721e-01
-4.326407678988100081e-01
-1.240135709968523958e-01
-2.790288324653150909e+00
1.999117810568627751e-01
-3.201941620740276218e-01
-6.599299405763454640e-01
-4.019944779106420230e-01
-1.716711509187948959e-01
-2.790288324653150909e+00
1.999117810568627751e-01
-3.201941620740276218e-01
-6.674891049761694228e-01
-3.944992747135925293e-01
-1.011182481327490279e-01
-2.553176731558492563e+00
1.207110987615860775e+00
1.202508901919715489e+00
-6.152935121364961901e-01
-2.663272069160848576e-01
-7.730110352453115063e-02
-2.553176731558492563e+00
1.207110987615860775e+00
1.202508901919715489e+00
-6.289645285164998656e-01
-2.388298422962531753e-01
-1.339301162266802459e-01
-2.673964480800918864e+00
5.317263103303482286e-01
5.003533225131684414e-01
-6.227005691325232517e-01
-3.670891256978141559e-01
-9.805686863072461679e-03
-2.673964480800918864e+00
5.317263103303482286e-01
5.003533225131684414e-01
-6.272909671571258450e-01
-3.553323618908547088e-01
-4.683140664439412043e-02
0.000000000000000000e+00
0.000000000000000000e+00
0.000000000000000000e+00
0.000000000000000000e+00
0.000000000000000000e+00
0.000000000000000000e+00
-9.501909186828533249e-01
-1.705494099286071100e-09
5.116483152669725703e-09
0.000000000000000000e+00
-0.000000000000000000e+00
0.000000000000000000e+00
-9.501909258972165429e-01
5.158657665760799649e-01
-8.394165810957033846e-01
-0.000000000000000000e+00
0.000000000000000000e+00
0.000000000000000000e+00
-1.481912373790262860e+00
1.253304497047445398e+00
-3.862215816837921700e-01
-1.720993308750645712e-01
-1.769731890704627775e-01
8.605121025002240853e-02
-8.274204437813319490e-01
1.348877894852187120e+00
2.261591231306075145e-01
-3.441986617501291423e-01
-3.539463778430528285e-01
1.721024206831033299e-01
-1.509908931495428819e+00
1.141597095843148058e+00
9.879299177326891224e-01
-5.677980187001379075e-01
-4.567719671806851345e-01
-3.267160758977155632e-02
-1.704065605595681543e+00
2.769700864642236637e-01
5.787119841813443966e-01
-6.746138994378284570e-01
-5.040902319337424720e-01
-1.412459677783298451e-01
-2.673956438960471971e+00
5.318151812752330843e-01
5.004280935056641955e-01
-6.571654329135577788e-01
-4.324365028384357101e-01
-1.241607986412626707e-01
-2.673956438960471971e+00
5.318151812752326402e-01
5.004280935056639734e-01
-6.571654329611791301e-01
-4.324365034874720903e-01
-1.241607982059741433e-01
-2.790733265380874961e+00
1.987097983285251168e-01
-3.233114690530431989e-01
-6.599896507088975905e-01
-4.017815630088614753e-01
-1.718291810740156245e-01
-2.790733265380874961e+00
1.987097983285251168e-01
-3.233114690530431989e-01
-6.676430670586145366e-01
-3.943848945594503053e-01
-1.012210020208154648e-01
-2.673956438960472415e+00
5.318151812752327512e-01
5.004280935056636404e-01
-6.153460400291935750e-01
-2.661156212438435253e-01
-7.745825458991692503e-02
-2.673956438960472415e+00
5.318151812752327512e-01
5.004280935056636404e-01
-6.209997792346196865e-01
-2.688380400681184557e-01
-1.047749237965759639e-01
-2.673956438960472415e+00
5.318151812752327512e-01
5.004280935056643065e-01
-6.227545527687601279e-01
-3.668775046577227306e-01
-9.962725484656979880e-03
-2.673956438960472415e+00
5.318151812752327512e-01
5.004280935056643065e-01
-6.273457080614258663e-01
-3.551175856094500038e-01
-4.699232669612495028e-02
