-2.221441471072811424e+00
nan
-2.221441467085554233e+00
2.610459999999999864e-02
2.799937000000000120e-01
-1.333499999999999686e-01
1.422932075544061759e+00
-1.055071605321498796e+00
-1.422932081312364927e+00
8.860460000000003333e-02
2.799937001121810543e-01
-1.333500001121810108e-01
-1.404842434795792461e-01
3.091227726761334171e+00
4.588937813994700132e-01
2.073546000000000555e-01
2.799937003253250012e-01
-1.333500007516129071e-01
-9.218496101271205223e-01
-1.039219943759429610e+00
-1.275770741524949070e+00
2.259490965461484202e-01
8.464285705001597937e-02
-1.926567687449959321e-01
-1.478698400388805956e+00
9.226894895417809828e-01
-1.425385692038649399e+00
2.445435930922967849e-01
-1.107079863321831781e-01
-2.519635363862930411e-01
5.244693509263264469e-02
-5.535100665384895535e-01
-2.982945478800539618e+00
2.442640436406525173e-01
-1.854590698970279838e-01
-4.456525844968811656e-01
8.264643892986364149e-01
1.032435508831146098e+00
-1.367933956158007058e+00
2.498060909867691748e-01
-2.223707145331540458e-01
-5.424558835185041561e-01
-1.411177820049328568e+00
-9.623486853801389573e-01
1.636711731115650714e+00
3.527477450486420918e-01
-2.156742943387834066e-01
-5.535119368643464099e-01
-1.411177820146816808e+00
-9.623486799814153780e-01
1.636711734700583731e+00
3.527477450784914925e-01
-2.156742945973746106e-01
-5.535119367430454407e-01
6.382885919938492414e-01
-1.453528405155885217e+00
1.893166449899320147e+00
4.646337865481642293e-01
-2.242640476710862363e-01
-5.927380868414090509e-01
6.382885919938492414e-01
-1.453528405155885217e+00
1.893166449899320147e+00
5.079177844847404533e-01
-2.233290965805738715e-01
-5.872278678171943822e-01
9.863595832153726484e-02
-2.708684004829169378e+00
-1.388695358619272735e+00
4.661194027487404190e-01
-1.764772491273279287e-01
-5.506191018844701635e-01
9.863595832153726484e-02
-2.708684004829169378e+00
-1.388695358619272735e+00
4.910477875955640004e-01
-1.950062683220693260e-01
-5.812783941336328031e-01
-7.528988338949990089e-01
2.144720101967743098e+00
1.708311256517148990e+00
4.707700332290389311e-01
-2.166241339040784197e-01
-5.318214183075492540e-01
-7.528988338949990089e-01
2.144720101967743098e+00
1.708311256517148990e+00
5.113552615161200965e-01
-2.170128453702789006e-01
-5.478660209168865203e-01
-2.221441471072811424e+00
nan
-2.221441467085554233e+00
2.610459999999999864e-02
2.799937000000000120e-01
1.333500000000000241e-01
1.423128787440635534e+00
-1.054913168471920182e+00
-1.423128793210282295e+00
8.860460000000003333e-02
2.799937001121810543e-01
1.333499998878189818e-01
-1.404497117669979145e-01
3.091156580949339094e+00
4.593191513041248730e-01
2.073546000000000833e-01
2.799937003253250012e-01
1.333499992483870855e-01
-9.218319119245553805e-01
-1.038763051076401212e+00
-1.275545222510687804e+00
2.259449708636335763e-01
8.465887149435905035e-02
7.398921457761463427e-02
-1.479326079790877158e+00
9.225852012895688903e-01
-1.425375883670604749e+00
2.445353417272670693e-01
-1.106759574435942084e-01
1.462843025889858789e-02
5.196474127483714789e-02
-5.541026221455889189e-01
-2.982878762457561894e+00
2.441939012697889877e-01
-1.855079747651094957e-01
-1.790292641454457878e-01
8.261585506609686602e-01
1.032176457624824684e+00
-1.368113777248693763e+00
2.497049762557165264e-01
-2.224595670253105839e-01
-2.758190899637379401e-01
-1.411128967178647553e+00
-9.622764464818799324e-01
1.636718848771682167e+00
3.526461924733850228e-01
-2.157673636138536799e-01
-2.868817712448253343e-01
-1.411128967275933732e+00
-9.622764410832428394e-01
1.636718852356608966e+00
3.526461925032316480e-01
-2.157673638724459386e-01
-2.868817711235258638e-01
6.385784694958860364e-01
-1.453236500211797733e+00
1.892763269980809016e+00
4.645293608196050528e-01
-2.243617363218518845e-01
-3.261151038248268352e-01
6.385784694958860364e-01
-1.453236500211797733e+00
1.892763269980809016e+00
5.078161863436445600e-01
-2.234335868198523423e-01
-3.206259873965390250e-01
-9.068143573533911095e-01
2.473901219607899549e+00
1.327655958517842461e+00
4.660196358639831504e-01
-1.765749423959863118e-01
-2.839962782127687380e-01
-9.068143573533911095e-01
2.473901219607899549e+00
1.327655958517842461e+00
5.070586581944943605e-01
-1.809505034996954365e-01
-2.981876219050874077e-01
-7.525182554310123617e-01
2.144986941412653891e+00
1.708487613510874636e+00
4.706698362151999770e-01
-2.167219919556020447e-01
-2.651988401599035816e-01
-7.525182554310123617e-01
2.144986941412653891e+00
1.708487613510874636e+00
5.112492945381355014e-01
-2.171158918732220555e-01
-2.812579039458795171e-01
0.000000000000000000e+00
0.000000000000000000e+00
0.000000000000000000e+00
0.000000000000000000e+00
0.000000000000000000e+00
0.000000000000000000e+00
-6.330376912539548151e-02
-1.136236966520253040e-10
3.408711469054632382e-10
0.000000000000000000e+00
-0.000000000000000000e+00
0.000000000000000000e+00
-6.330377504844310332e-02
2.303771545807128951e-01
-7.588403997305380733e-01
-0.000000000000000000e+00
0.000000000000000000e+00
0.000000000000000000e+00
-1.517862753448853685e-01
1.159960325309586260e+00
-4.766272689593752943e-01
-1.619030364564270907e-01
-1.786459749177059936e-02
8.082698633061335264e-03
-1.380869207248916153e+00
1.051813073456149272e+00
-5.057558489850377814e-01
-3.238060729128542370e-01
-3.572919496125284006e-02
1.616539727288922659e-02
-1.418418661451658291e+00
1.301903342133353902e+00
1.501228933417985412e-01
-5.653365436317371318e-01
-3.030470535082681049e-01
1.196809005439910395e-01
-1.349998322536292150e+00
6.604173463364102492e-01
3.986422335450913179e-01
-6.858237992667428617e-01
-4.395226711479867654e-01
1.648218561585737540e-01
-2.672762993467456827e+00
5.743706638209916671e-01
5.407086964159301123e-01
-6.957948845813984873e-01
-4.134114337186943766e-01
8.779724612615244506e-02
-2.672762993467456827e+00
5.743706638209912230e-01
5.407086964159304454e-01
-6.957948843719042875e-01
-4.134114333783457940e-01
8.779724680016083582e-02
-2.647525205658449288e+00
2.484077756987586927e+00
1.842907883315247908e-02
-7.136806800560219211e-01
-4.577558801072462713e-01
4.649156102736168306e-02
-2.647525205658449288e+00
2.484077756987586927e+00
1.842907883315247908e-02
-7.000100978291925458e-01
-4.423697521417520040e-01
-6.350456205857332725e-02
-2.797476542747869388e+00
1.450208860790310306e+00
-9.000808458659878553e-02
-7.153275082533248064e-01
-3.443785301927396736e-01
-8.208452005998823076e-02
-2.797476542747869388e+00
1.450208860790310306e+00
-9.000808458659878553e-02
-7.614576470656071461e-01
-4.323909372489238012e-01
-6.640138809262854935e-02
-2.583207613429012728e+00
-3.897531053870201267e-01
7.905990554822779348e-01
-6.828229005261545748e-01
-2.916221408209203059e-01
2.254740215815720372e-02
-2.583207613429012728e+00
-3.897531053870201267e-01
7.905990554822779348e-01
-6.762621519164314643e-01
-3.009820372855044335e-01
3.936974333480447452e-02
0.000000000000000000e+00
0.000000000000000000e+00
0.000000000000000000e+00
0.000000000000000000e+00
0.000000000000000000e+00
0.000000000000000000e+00
-6.225177417355642201e-02
-1.117354748772610007e-10
3.352064806347738094e-10
0.000000000000000000e+00
-0.000000000000000000e+00
0.000000000000000000e+00
-6.225178009825647202e-02
2.306495885976894422e-01
-7.589842059974599708e-01
-0.000000000000000000e+00
0.000000000000000000e+00
0.000000000000000000e+00
-1.508458382593851899e-01
1.161535008945930647e+00
-4.760951331005745524e-01
-1.619475905270700844e-01
-1.780511238291799733e-02
7.872079418340380275e-03
-1.383858238175227573e+00
1.052920906755497876e+00
-5.048353392388189587e-01
-3.238951810541401688e-01
-3.561022474391985909e-02
1.574415884334090174e-02
-1.421117921443000975e+00
1.302745964003066081e+00
1.495484720396125788e-01
-5.655792630969739276e-01
-3.034326493222117560e-01
1.196605722890821261e-01
-1.352582052062218487e+00
6.603641389091743363e-01
3.986938498381868978e-01
-6.861457638763699407e-01
-4.401582325624919800e-01
1.649936115806731052e-01
-2.672760530967463133e+00
5.745394030529813456e-01
5.405681562804348639e-01
-6.961193022165957922e-01
-4.140793869101279112e-01
8.796316975174327257e-02
-2.672760530967462689e+00
5.745394030529806795e-01
5.405681562804349749e-01
-6.961193020071176907e-01
-4.140793865697895981e-01
8.796317042575035883e-02
-2.647371330471953499e+00
2.492330185027702427e+00
1.607309612169216528e-02
-7.140145534877393452e-01
-4.584602116965461049e-01
4.665258116079162853e-02
-2.647371330471953499e+00
2.492330185027702427e+00
1.607309612169216528e-02
-7.003487811605472180e-01
-4.432327289272235404e-01
-6.368963708878500052e-02
-2.557969852043252779e+00
-2.315853389668902085e-01
1.121073109175340310e+00
-7.156476476503531581e-01
-3.450810817568455979e-01
-8.192629728011932566e-02
-2.557969852043252779e+00
-2.315853389668902085e-01
1.121073109175340310e+00
-7.074558166200499709e-01
-3.353743667201985468e-01
-6.122970799377708273e-02
-2.583228438803661486e+00
-3.895876883571998683e-01
7.904540423999160126e-01
-6.831455622519938542e-01
-2.923262810156499469e-01
2.270542888375104429e-02
-2.583228438803661486e+00
-3.895876883571998683e-01
7.904540423999160126e-01
-6.765777889322509564e-01
-3.017343144183816661e-01
3.953221971580922478e-02
