-2.221441471072811424e+00
nan
-2.221441467085554233e+00
2.610459999999999864e-02
2.799937000000000120e-01
-1.333499999999999686e-01
1.361718717248280752e+00
-1.102823203784571549e+00
-1.361718722601259701e+00
8.860460000000003333e-02
2.799937001121810543e-01
-1.333500001121810108e-01
-1.708976509669633215e+00
-2.479880824041495568e+00
-2.605068278262690495e-01
2.073546000000000833e-01
2.799937003253250012e-01
-1.333500007516129071e-01
-1.191771350887373293e+00
9.972454563096694313e-01
-8.276306850357654232e-01
1.578620500867725096e-02
2.086036571482883240e-01
-1.485161398657509624e-01
-2.722570453944507918e+00
1.159179361262788754e+00
1.046493658614933986e-01
-1.757821899826455259e-01
1.372136138947896988e-01
-1.636822786199673974e-01
6.474353087568793796e-01
1.604227504460543186e+00
1.805584177442091764e+00
-3.251983134225269190e-01
-5.881330691044600600e-03
-1.810578042285683753e-01
1.824366934329091916e-01
-2.731634694351126220e-03
-2.256404673187536236e+00
-3.999449007790247812e-01
-7.639851693867515114e-02
-1.953524403650504782e-01
-2.907769337267391840e-01
-1.670703090585031969e+00
-7.935841059835595512e-01
-3.204010544207392952e-01
-1.426766189555524478e-01
-1.887152572600055145e-01
-2.907769341509139904e-01
-1.670703090911004995e+00
-7.935841002367511887e-01
-3.204010543444369419e-01
-1.426766188909376343e-01
-1.887152575292214418e-01
3.148446115252042654e-01
2.798201026971751659e+00
6.748455606295947762e-01
-2.134610312841122570e-01
-1.922413835695445661e-01
-1.732839077706430642e-01
3.148446115252042654e-01
2.798201026971751659e+00
6.748455606295947762e-01
-1.955923222523304472e-01
-2.300829424649269428e-01
-1.856720788428728453e-01
3.201102369946513815e-02
-1.776127262107261573e-01
6.616249953894325353e-01
-2.543047083250988827e-01
-2.410216564390367799e-01
-1.698092726949169962e-01
3.201102369946513815e-02
-1.776127262107261573e-01
6.616249953894325353e-01
-2.512290806002803745e-01
-2.844301668513558590e-01
-1.731233129016611361e-01
2.869213984313385146e-01
-4.599566567428541308e-01
4.113004587410291624e-01
-2.424291491157619383e-01
-2.309836623144343737e-01
-2.115820317182325050e-01
2.869213984313385146e-01
-4.599566567428541308e-01
4.113004587410291624e-01
-2.465244599664463965e-01
-2.704664854724804779e-01
-2.297224900673682235e-01
-2.221441471072811424e+00
nan
-2.221441467085554233e+00
2.610459999999999864e-02
2.799937000000000120e-01
1.333500000000000241e-01
1.360311634397708191e+00
-1.103885219246327321e+00
-1.360311639741204059e+00
8.860460000000003333e-02
2.799937001121810543e-01
1.333499998878189818e-01
-1.708634617443928416e+00
-2.481791674674884263e+00
-2.582573384838777186e-01
2.073546000000000833e-01
2.799937003253250012e-01
1.333499992483870855e-01
-1.189662260872654587e+00
9.995084962612239554e-01
-8.227366940241603865e-01
1.585244951714029349e-02
2.084042473144649410e-01
1.182875765333651491e-01
-2.718917743065242032e+00
1.159187906109864663e+00
1.106555322677128389e-01
-1.756497009657194963e-01
1.368147942278460649e-01
1.032251541784134918e-01
6.483538152686169065e-01
1.602155460404039777e+00
1.805679705427801762e+00
-3.252125792096612900e-01
-6.096106692021513451e-03
8.559932512955267803e-02
1.836310355985184273e-01
-2.010463463895290331e-03
-2.256019902183252768e+00
-4.000465905704211345e-01
-7.649597863218769722e-02
7.118435809990350527e-02
-2.906381154622675322e-01
-1.670578174064217158e+00
-7.932794569257806128e-01
-3.204829148040205800e-01
-1.427512276590582885e-01
7.781202548190566115e-02
-2.906381158859761005e-01
-1.670578174390181747e+00
-7.932794511790854930e-01
-3.204829147277823420e-01
-1.427512275944383124e-01
7.781202521267281680e-02
3.524160665424870276e-01
2.798983360813707133e+00
6.807386331067583063e-01
-2.135262822595698218e-01
-1.922848735423920152e-01
9.322817503428822150e-02
3.524160665424870276e-01
2.798983360813707133e+00
6.807386331067583063e-01
-1.966636023821634049e-01
-2.304258450014591841e-01
8.035737676375592775e-02
5.361236837532841470e-02
-1.700012268526690518e-01
4.088558271962633439e-01
-2.543555997901446597e-01
-2.410764581101439707e-01
9.671273665885503357e-02
5.361236837532841470e-02
-1.700012268526690518e-01
4.088558271962633439e-01
-2.621646483742030020e-01
-2.837295985663472186e-01
9.176607171717834910e-02
2.868965956537280482e-01
-4.597890354294445481e-01
4.118576515846489317e-01
-2.424899888947879556e-01
-2.310376579381435980e-01
5.493734440232868332e-02
2.868965956537280482e-01
-4.597890354294445481e-01
4.118576515846489317e-01
-2.465650074552334370e-01
-2.705258275884054875e-01
3.680395514344608765e-02
0.000000000000000000e+00
0.000000000000000000e+00
0.000000000000000000e+00
0.000000000000000000e+00
0.000000000000000000e+00
0.000000000000000000e+00
-7.938303047739909690e-01
-1.424843022603533426e-09
4.274529781956853291e-09
0.000000000000000000e+00
-0.000000000000000000e+00
0.000000000000000000e+00
-7.938303066556698928e-01
5.259143724061116076e-02
-2.475583682514764794e-01
0.000000000000000000e+00
0.000000000000000000e+00
0.000000000000000000e+00
5.654566742306521565e-01
5.591444955558282359e-01
-1.399459671565272401e-01
-1.847081165171323910e-02
3.538501840884739069e-02
6.674643708985929236e-02
5.720234677943873969e-01
7.743046319066324568e-01
-1.235694951270568387e+00
-3.694162330342648515e-02
7.077003710341145393e-02
1.334928742404164204e-01
-7.853638767102404383e-01
-5.062773928764484621e-01
-1.495283500690444578e+00
-2.272172738410356274e-01
2.653419948898750325e-01
1.673328042756150880e-01
-1.023307618120614215e+00
-6.140224698381896440e-01
2.804428909797488378e-01
-3.254234078369370176e-01
3.658828428446533887e-01
1.848719476684927976e-01
-2.770911575595707887e+00
8.421288069356274164e-01
1.346218335695654744e-01
-3.109115648616016525e-01
3.949822291112740635e-01
3.015365433782826732e-01
-2.770911575595707887e+00
8.421288069356275274e-01
1.346218335695649748e-01
-3.109115650970146194e-01
3.949822283755726193e-01
3.015365431349841807e-01
-3.463262031099224814e+00
-1.704350267808703023e-01
2.229005658286403069e+00
-2.912438814339387005e-01
4.521375960350356715e-01
3.488188492911536431e-01
-3.463262031099224814e+00
-1.704350267808703023e-01
2.229005658286403069e+00
-2.047834542692919535e-01
4.490635670639353538e-01
4.829195373135078961e-01
-3.878329827437835053e+00
2.226720134894183412e-01
7.220742980249040599e+00
-2.817509013673659690e-01
4.562670518943551246e-01
5.183803090633367638e-01
-3.878329827437835053e+00
2.226720134894183412e-01
7.220742980249040599e+00
3.095285146983331459e-02
4.656224282150530636e-01
6.860479735418503200e-01
-2.402402804205340026e+00
1.198410056199960216e+00
-7.240195099674272550e-01
-3.182802782604945424e-01
3.421171399275052538e-01
4.805651644390622201e-01
-2.402402804205340026e+00
1.198410056199960216e+00
-7.240195099674272550e-01
-3.686063202451943521e-01
3.015015368752482772e-01
5.803266712186208043e-01
0.000000000000000000e+00
0.000000000000000000e+00
0.000000000000000000e+00
0.000000000000000000e+00
0.000000000000000000e+00
0.000000000000000000e+00
-7.887830458754309104e-01
-1.415783716626377034e-09
4.247351859484765154e-09
0.000000000000000000e+00
-0.000000000000000000e+00
0.000000000000000000e+00
-7.887830477513015914e-01
5.195572864212751746e-02
-2.469378228714553813e-01
0.000000000000000000e+00
0.000000000000000000e+00
0.000000000000000000e+00
5.693118142628766920e-01
5.596537788530269175e-01
-1.401181429975301151e-01
-1.846072281433486922e-02
3.540814041976574761e-02
6.641818069762611687e-02
5.731165547532167670e-01
7.782143811877246797e-01
-1.227277245260958827e+00
-3.692144562866973845e-02
7.081628112354879101e-02
1.328363614550094884e-01
-7.876519609205355765e-01
-5.019245222557841002e-01
-1.489396473292978973e+00
-2.260294160735465685e-01
2.644730527472259340e-01
1.673237410244007850e-01
-1.026012457685642421e+00
-6.110626470801991950e-01
2.810399359682730358e-01
-3.236475116218177073e-01
3.645765883028001531e-01
1.852133128058939815e-01
-2.771434884489204720e+00
8.424071239790567045e-01
1.356459543599003448e-01
-3.090770606521574537e-01
3.937372279449207202e-01
3.018104140197752083e-01
-2.771434884489204720e+00
8.424071239790567045e-01
1.356459543599000117e-01
-3.090770608877265180e-01
3.937372272091008707e-01
3.018104137764615058e-01
-3.443027346115519638e+00
-1.407762209007761278e-01
2.169297531941927648e+00
-2.893713477761337693e-01
4.509703170955094431e-01
3.489886589645258552e-01
-3.443027346115519638e+00
-1.407762209007761278e-01
2.169297531941927648e+00
-2.048203301836101775e-01
4.432359765237148252e-01
4.826829310529066053e-01
-2.617793838061597267e+00
9.284401653710347979e-01
-8.487283365688491621e-01
-2.798175471862302532e-01
4.550892209966881929e-01
5.186062664600578076e-01
-2.617793838061597267e+00
9.284401653710347979e-01
-8.487283365688491621e-01
-3.206111585515465379e-01
4.487676328083447519e-01
6.375136290790561766e-01
-2.403172922811758649e+00
1.198740040600307699e+00
-7.230798343023909780e-01
-3.163711578601067220e-01
3.409209636976948121e-01
4.807887103163481779e-01
-2.403172922811758649e+00
1.198740040600307699e+00
-7.230798343023909780e-01
-3.666614768041369654e-01
3.002898573774086532e-01
5.805704983058501689e-01
