-2.221441471072811424e+00
nan
-2.221441467085554233e+00
2.610459999999999864e-02
2.799937000000000120e-01
-1.333499999999999686e-01
1.469136504328143467e+00
-1.016948001681801994e+00
-1.469136510413670882e+00
8.860460000000003333e-02
2.799937001121810543e-01
-1.333500001121810108e-01
-4.470649192987883880e-01
3.007095032031009474e+00
5.469539727703259802e-01
2.073546000000000833e-01
2.799937003253250012e-01
-1.333500007516129071e-01
-5.859593549446540095e-01
-1.221654325910650263e+00
-1.392689657674075487e+00
2.669911793566444591e-01
9.642174754163482242e-02
-2.024138592727041941e-01
-1.073250105662382881e+00
7.984646914860120681e-01
-1.281665371176787804e+00
3.266277587132888627e-01
-8.715020537162149195e-02
-2.714777174494081846e-01
-5.438922748310973665e-01
4.966160047583321330e-02
3.041535181126577836e+00
3.876735260028470464e-01
-9.757827463286357361e-02
-4.696390650112167719e-01
1.252152115310067426e+00
1.133479540106487438e+00
-1.229560164136246136e+00
4.235105354243621223e-01
-1.017966864976619507e-01
-5.669117552025606521e-01
-1.100730870476554157e+00
-1.305401373756069017e+00
9.835411394179118805e-01
5.270056321625649076e-01
-1.075261136945084017e-01
-5.624394945721746808e-01
-1.100730870432961250e+00
-1.305401369965987657e+00
9.835411440693431206e-01
5.270056321498489682e-01
-1.075261139741766486e-01
-5.624394946361928049e-01
3.859871542215334017e-01
-2.343984764854899261e+00
1.486525487573039150e+00
6.429404004335119716e-01
-1.096747855781618763e-01
-5.886210472737202215e-01
3.859871542215334017e-01
-2.343984764854899261e+00
1.486525487573039150e+00
6.796641024989115154e-01
-1.235224533271363362e-01
-5.695330162297443932e-01
-2.848620118910965004e-01
1.980115648056418598e+00
2.042685001944224865e+00
6.409411932627254727e-01
-9.816327701867974542e-02
-5.259849362375675907e-01
-2.848620118910965004e-01
1.980115648056418598e+00
2.042685001944224865e+00
6.761414873629693068e-01
-9.900987666273401711e-02
-5.517718261025558180e-01
-3.700090923218285477e-01
1.459317345745217542e+00
2.201677220925630785e+00
6.389891706884517353e-01
-1.415643519866605360e-01
-5.359493694122764440e-01
-3.700090923218285477e-01
1.459317345745217542e+00
2.201677220925630785e+00
6.787409180447859791e-01
-1.356347100353456347e-01
-5.529605143783681287e-01
-2.221441471072811424e+00
nan
-2.221441467085554233e+00
2.610459999999999864e-02
2.799937000000000120e-01
1.333500000000000241e-01
1.469188298193552678e+00
-1.016904224781282950e+00
-1.469188304279437585e+00
8.860460000000003333e-02
2.799937001121810543e-01
1.333499998878189818e-01
-4.470652372606027103e-01
3.007063827688335245e+00
5.470621313504917538e-01
2.073546000000000833e-01
2.799937003253250012e-01
1.333499992483870855e-01
-5.859720241042249977e-01
-1.221545152627878439e+00
-1.392623965400630048e+00
2.669918120214903601e-01
9.642698950605274599e-02
6.427275537388453530e-02
-1.073346736060366124e+00
7.985094213907535377e-01
-1.281617548390575845e+00
3.266290240429806646e-01
-8.713972144281093013e-02
-4.804488156240224739e-03
-5.437470602552795240e-01
4.969260169295849905e-02
3.041562737507918168e+00
3.876557594623754599e-01
-9.757168385052017445e-02
-2.029714927871206220e-01
1.252124719984748280e+00
1.133481051266060913e+00
-1.229588665208730669e+00
4.234834071104617292e-01
-1.017918799564598437e-01
-3.002475541220245847e-01
-1.100714178600190163e+00
-1.305383565337264073e+00
9.835493213108268407e-01
5.269786090594883454e-01
-1.075213114479506710e-01
-2.957777344036789935e-01
-1.100714178556551959e+00
-1.305383561547208915e+00
9.835493259622566375e-01
5.269786090467709627e-01
-1.075213117276187375e-01
-2.957777344676975617e-01
3.857090446752357571e-01
-2.344108742484498631e+00
1.486629609161456367e+00
6.429127640158155410e-01
-1.096699013159712355e-01
-3.219620095112117331e-01
3.857090446752357571e-01
-2.344108742484498631e+00
1.486629609161456367e+00
6.796308991424756529e-01
-1.235207680892853044e-01
-3.028655918613426534e-01
-4.544550376397752389e-01
1.874664776422012125e+00
1.923605804650496465e+00
6.409150235468707990e-01
-9.815856727239662127e-02
-2.593258196054074038e-01
-4.544550376397752389e-01
1.874664776422012125e+00
1.923605804650496465e+00
6.803327480096488244e-01
-9.951789549967178516e-02
-2.780110102535394145e-01
-3.699080440891526766e-01
1.459383373312814314e+00
2.201781495467625582e+00
6.389627709163946401e-01
-1.415596146563078694e-01
-2.692903278545027979e-01
-3.699080440891526766e-01
1.459383373312814314e+00
2.201781495467625582e+00
6.787120374900416087e-01
-1.356280222172726313e-01
-2.863065889774502049e-01
0.000000000000000000e+00
0.000000000000000000e+00
0.000000000000000000e+00
0.000000000000000000e+00
0.000000000000000000e+00
0.000000000000000000e+00
-4.378936756185713430e-01
-7.859737082284525213e-10
2.357921518623615932e-09
0.000000000000000000e+00
-0.000000000000000000e+00
0.000000000000000000e+00
-4.378936819758124099e-01
2.998030007589738144e-01
-7.968773225070743260e-01
-0.000000000000000000e+00
0.000000000000000000e+00
0.000000000000000000e+00
-7.480588556033798131e-01
1.254546335516454114e+00
-4.376816108506101366e-01
-1.669898782502784451e-01
-7.776566498046062759e-02
6.250577286581746050e-02
-1.041572423234294664e+00
1.198969571548060831e+00
-5.434070999756626108e-01
-3.339797565005568902e-01
-1.555313298101162756e-01
1.250115457883711478e-01
-1.447668686673932337e+00
1.246771587497404798e+00
5.588633366225096433e-01
-5.772358693597217094e-01
-3.951034281500503398e-01
6.268111770647402659e-02
-1.490635836525199931e+00
4.840840092782670023e-01
5.761088380479166826e-01
-6.961551799997175438e-01
-5.158940651487130546e-01
2.410741534301472783e-02
-2.672490216123664553e+00
5.495107691824421270e-01
5.250381981353833272e-01
-6.906894564981677087e-01
-4.496031132572764211e-01
-1.745241652427513557e-02
-2.672490216123664553e+00
5.495107691824416829e-01
5.250381981353832161e-01
-6.906894563865099146e-01
-4.496031134350405578e-01
-1.745241576987702214e-02
-2.610452187630205145e+00
9.624598100567630654e-01
7.052618698300272548e-01
-7.039483668474071365e-01
-4.587028748608616979e-01
-7.541751562510734530e-02
-2.610452187630205145e+00
9.624598100567630654e-01
7.052618698300272548e-01
-6.758106720650378652e-01
-3.829746556788372613e-01
-7.461392837066638251e-02
-2.626098472088407743e+00
1.414778354469014898e+00
5.599577952199293884e-01
-6.755731310052248695e-01
-2.923581410713572692e-01
-1.050833237529734399e-01
-2.626098472088407743e+00
1.414778354469014898e+00
5.599577952199293884e-01
-7.115818045451678397e-01
-3.403663740702491114e-01
-1.526606838852201942e-01
-2.684624444357297968e+00
2.179819252252365724e-01
3.811205417291234632e-01
-6.582614721451987005e-01
-3.200128776551011134e-01
1.197828189445546143e-02
-2.684624444357297968e+00
2.179819252252365724e-01
3.811205417291234632e-01
-6.642295026279377845e-01
-3.505312057704509932e-01
-1.260574225413191307e-02
0.000000000000000000e+00
0.000000000000000000e+00
0.000000000000000000e+00
0.000000000000000000e+00
0.000000000000000000e+00
0.000000000000000000e+00
-4.373908011994100398e-01
-7.850711008285099933e-10
2.355213695971391484e-09
0.000000000000000000e+00
-0.000000000000000000e+00
0.000000000000000000e+00
-4.373908075567934373e-01
2.998687472342572713e-01
-7.968748734076880336e-01
-0.000000000000000000e+00
0.000000000000000000e+00
0.000000000000000000e+00
-7.478140057836927257e-01
1.255368905092157483e+00
-4.373144893040070147e-01
-1.669938060290155624e-01
-7.773714726207869852e-02
6.240705582835785747e-02
-1.042218791495403973e+00
1.199615964319675765e+00
-5.433276479798556657e-01
-3.339876120580310692e-01
-1.554742943735297200e-01
1.248141117133978184e-01
-1.448134082631250319e+00
1.247429377799094352e+00
5.587776631237912905e-01
-5.773798880134413114e-01
-3.951651830734985715e-01
6.247785290746704634e-02
-1.491128909017388038e+00
4.842564406326630433e-01
5.760515544230103702e-01
-6.963667533611859195e-01
-5.160142736886806913e-01
2.389680251020856461e-02
-2.672473181286518784e+00
5.496549438351174821e-01
5.250308710637147103e-01
-6.909017664574768069e-01
-4.497306243304995954e-01
-1.767809467898917575e-02
-2.672473181286518784e+00
5.496549438351169270e-01
5.250308710637144882e-01
-6.909017663458305591e-01
-4.497306245082645648e-01
-1.767809392459367135e-02
-2.610432107785678024e+00
9.625958653375371599e-01
7.052509119045294872e-01
-7.041660067111052967e-01
-4.588383869640528245e-01
-7.565982731021203556e-02
-2.610432107785678024e+00
9.625958653375371599e-01
7.052509119045294872e-01
-6.760155376160348339e-01
-3.830929869056386439e-01
-7.484780502031918026e-02
-2.691414527132163226e+00
1.963794597201224124e-01
5.107731940106514656e-01
-6.757815210063882194e-01
-2.924937246813907876e-01
-1.053254908972407478e-01
-2.691414527132163226e+00
1.963794597201224124e-01
5.107731940106514656e-01
-6.787566002302817258e-01
-3.226498012095223578e-01
-1.094078065926085974e-01
-2.684357261253902394e+00
2.250504988407323326e-01
3.841183217741155342e-01
-6.584716725153368921e-01
-3.201485986409219331e-01
1.173570958596359404e-02
-2.684357261253902394e+00
2.250504988407323326e-01
3.841183217741155342e-01
-6.645796239025905106e-01
-3.505579011776769893e-01
-1.313239591951184670e-02
