-2.221441471072811424e+00
nan
-2.221441467085554233e+00
2.610459999999999864e-02
2.799937000000000120e-01
-1.333499999999999686e-01
1.384692067828988904e+00
-1.085260039414673860e+00
-1.384692073337196128e+00
8.860460000000003333e-02
2.799937001121810543e-01
-1.333500001121810108e-01
-1.682675129993928875e+00
-2.472904868001260414e+00
-2.997899826693743441e-01
2.073546000000000833e-01
2.799937003253250012e-01
-1.333500007516129071e-01
-1.201982057716973307e+00
9.663562915430061739e-01
-8.480377071133015088e-01
1.666329252546530637e-02
2.069282721583358686e-01
-1.513296687248265326e-01
-2.763516346707041382e+00
1.093321477974086298e+00
5.506104813565706330e-02
-1.740280149490694428e-01
1.338628439034248996e-01
-1.693093363407451313e-01
6.418948382651289419e-01
1.629693636639144128e+00
1.874523622280136026e+00
-3.157580223710856338e-01
-1.672563262345921897e-02
-1.877203584054575602e-01
1.717549422494237532e-01
5.434043698986638915e-02
-2.269044978209230123e+00
-3.865332219176820239e-01
-9.112233288092903838e-02
-2.025549335574347021e-01
-2.047309272509149347e-01
-1.651250539928798222e+00
-8.966712982335802717e-01
-3.074818644141094626e-01
-1.582890742860098565e-01
-2.006643712428374804e-01
-2.047309276914079379e-01
-1.651250540591278515e+00
-8.966712925035998927e-01
-3.074818643283819819e-01
-1.582890741923642097e-01
-2.006643715004333417e-01
4.822770837931971699e-01
2.734613899319249697e+00
8.570245004083576479e-01
-2.012985002972373927e-01
-2.100200179577992321e-01
-1.872493185625263845e-01
4.822770837931971699e-01
2.734613899319249697e+00
8.570245004083576479e-01
-1.873390882927842560e-01
-2.471978920158569570e-01
-2.053512969522806042e-01
1.606532274119665260e-01
-2.230771641449417197e-01
3.524690638467686266e-01
-2.423968068677658239e-01
-2.585933244204816628e-01
-1.906193572384464463e-01
1.606532274119665260e-01
-2.230771641449417197e-01
3.524690638467686266e-01
-2.519670646490101418e-01
-2.999351751862331938e-01
-2.008175269699651322e-01
3.772691259102421424e-01
-5.263337554681445374e-01
4.251305869134148208e-01
-2.290587855082598101e-01
-2.440511084521908014e-01
-2.305865283910931429e-01
3.772691259102421424e-01
-5.263337554681445374e-01
4.251305869134148208e-01
-2.310601023921345643e-01
-2.816840351073477411e-01
-2.525978592619854135e-01
-2.221441471072811424e+00
nan
-2.221441467085554233e+00
2.610459999999999864e-02
2.799937000000000120e-01
1.333500000000000241e-01
1.383166154990957963e+00
-1.086439768144639606e+00
-1.383166160488831231e+00
8.860460000000003333e-02
2.799937001121810543e-01
1.333499998878189818e-01
-1.682491393992514572e+00
-2.474870796398308759e+00
-2.973589596536377333e-01
2.073546000000000833e-01
2.799937003253250012e-01
1.333499992483870855e-01
-1.200055779377297682e+00
9.686162157588608101e-01
-8.432513212750709641e-01
1.672661409310813307e-02
2.067344943061570350e-01
1.154877563174748351e-01
-2.759847995943528254e+00
1.093879443065250756e+00
6.097879524162198861e-02
-1.739013718137837894e-01
1.334752881998271246e-01
9.762551374404376814e-02
6.429279828887453085e-01
1.627289093184722368e+00
1.874531449207869960e+00
-3.158267686849464129e-01
-1.689497872907136378e-02
7.893823072336930702e-02
1.731763167994906649e-01
5.511393468989606720e-02
-2.268692234323285817e+00
-3.867138864010317145e-01
-9.115808803276501115e-02
6.396927489961480584e-02
-2.046039054640471089e-01
-1.651149118349399592e+00
-8.964016501369762580e-01
-3.076448691315475381e-01
-1.583042249831124737e-01
6.585323367920764559e-02
-2.046039059041338815e-01
-1.651149119011877220e+00
-8.964016444070947998e-01
-3.076448690458777335e-01
-1.583042248894585002e-01
6.585323342159561666e-02
5.154262299991985152e-01
2.734426649715378410e+00
8.627491052581092168e-01
-2.014463572866584395e-01
-2.100069051904328021e-01
7.925733484549650487e-02
5.154262299991985152e-01
2.734426649715378410e+00
8.627491052581092168e-01
-1.884081562819727718e-01
-2.473013706512374732e-01
6.071362202512901179e-02
1.517306835407031540e-01
-2.299830836865641437e-01
4.347355135260929648e-01
-2.425325019533815796e-01
-2.585910500235932830e-01
7.589524448151381553e-02
1.517306835407031540e-01
-2.299830836865641437e-01
4.347355135260929648e-01
-2.486156865122201853e-01
-3.007119102498426177e-01
6.622213102028152998e-02
3.772385471694687520e-01
-5.262142691029804142e-01
4.256598940910211737e-01
-2.292034268742451919e-01
-2.440475384146596483e-01
3.592556026190105167e-02
3.772385471694687520e-01
-5.262142691029804142e-01
4.256598940910211737e-01
-2.311857142872733861e-01
-2.816853172152216644e-01
1.392080468084278683e-02
0.000000000000000000e+00
0.000000000000000000e+00
0.000000000000000000e+00
0.000000000000000000e+00
0.000000000000000000e+00
0.000000000000000000e+00
-8.004559314656567448e-01
-1.436735334984683454e-09
4.310206725060854373e-09
0.000000000000000000e+00
-0.000000000000000000e+00
0.000000000000000000e+00
-8.004559338676384694e-01
7.701435756447151670e-02
-3.129694379384292402e-01
0.000000000000000000e+00
0.000000000000000000e+00
0.000000000000000000e+00
5.848167587904862241e-01
6.077965095113611049e-01
-1.823565489648313331e-01
-2.425193856433283807e-02
4.528861940192047825e-02
7.317162407512653455e-02
6.133143026586871382e-01
7.825902506990565222e-01
-1.194923269711372527e+00
-4.850387712866566226e-02
9.057723908983988936e-02
1.463432482206306340e-01
-7.066712942996413727e-01
-6.049377736681851303e-01
-1.471593991419672065e+00
-2.428538382542734519e-01
2.712254661336253592e-01
1.649017037910853467e-01
-8.849323530034963747e-01
-7.678107328582172153e-01
1.957050573494225620e-01
-3.433615804688658346e-01
3.648946561048918014e-01
1.746611246090143954e-01
-2.775141441007486609e+00
8.382234845230116527e-01
1.504995285565717822e-01
-3.316683035264959001e-01
3.820384263162344696e-01
2.947956278624449533e-01
-2.775141441007487053e+00
8.382234845230117637e-01
1.504995285565712271e-01
-3.316683037565123504e-01
3.820384256142715929e-01
2.947956275307061502e-01
-3.705278755576904892e+00
-6.583328198415183685e-01
2.506850358906107523e+00
-3.126380086893549848e-01
4.352476411828042901e-01
3.493509239600315341e-01
-3.705278755576904892e+00
-6.583328198415183685e-01
2.506850358906107523e+00
-2.075215152855098277e-01
4.031689222148172602e-01
4.962952499530877692e-01
-4.181994005291171490e+00
-6.146224827415346370e-01
7.360350393994629314e+00
-3.081525945281944345e-01
4.197100314321225434e-01
5.185982853929211878e-01
-4.181994005291171490e+00
-6.146224827415346370e-01
7.360350393994629314e+00
2.405937443777275697e-03
3.066208961191573268e-01
6.856075618649514203e-01
-2.376155629067650210e+00
1.285271945592174614e+00
-6.500989946286794829e-01
-3.438426126456889942e-01
3.108028444130570556e-01
4.670613364746292739e-01
-2.376155629067650210e+00
1.285271945592174614e+00
-6.500989946286794829e-01
-3.965982864826461674e-01
2.598015507550561765e-01
5.590552634296547252e-01
0.000000000000000000e+00
0.000000000000000000e+00
0.000000000000000000e+00
0.000000000000000000e+00
0.000000000000000000e+00
0.000000000000000000e+00
-7.965422123125531773e-01
-1.429710615225065472e-09
4.289132562261137375e-09
0.000000000000000000e+00
-0.000000000000000000e+00
0.000000000000000000e+00
-7.965422146974575623e-01
7.581593749157680695e-02
-3.109472298193906581e-01
0.000000000000000000e+00
0.000000000000000000e+00
0.000000000000000000e+00
5.884750443552849708e-01
6.080843993286938476e-01
-1.811682042902001966e-01
-2.413398986393774232e-02
4.504721360014499881e-02
7.280668967314746221e-02
6.142629935306683775e-01
7.861384566029168131e-01
-1.186641242863973211e+00
-4.826797972787548463e-02
9.009442748503884713e-02
1.456133794157231098e-01
-7.090595843260271147e-01
-6.002072209999074204e-01
-1.466082103865702813e+00
-2.413943319981459446e-01
2.699878632314322568e-01
1.648195015630244675e-01
-8.880812253697992764e-01
-7.643782530435284661e-01
1.961700963110860618e-01
-3.412856721494677559e-01
3.633003163154203130e-01
1.749295110475948822e-01
-2.775609546709078668e+00
8.385281647320795839e-01
1.511964008711541574e-01
-3.295536651177519705e-01
3.804844014699247934e-01
2.949993719196247199e-01
-2.775609546709078668e+00
8.385281647320799170e-01
1.511964008711536023e-01
-3.295536653479269051e-01
3.804844007678475082e-01
2.949993715878412859e-01
-3.681342896051914781e+00
-6.199607172474081995e-01
2.447631326340879543e+00
-3.104966896041616020e-01
4.337457854009503788e-01
3.494553814589367868e-01
-3.681342896051914781e+00
-6.199607172474081995e-01
2.447631326340879543e+00
-2.077172141426132379e-01
3.973927291614613999e-01
4.948322693916044068e-01
-2.587906593105929520e+00
1.032544894657088319e+00
-8.116769603336635441e-01
-3.059701492285585855e-01
4.182018580905012550e-01
5.187578871598572672e-01
-2.587906593105929520e+00
1.032544894657088319e+00
-8.116769603336635441e-01
-3.501466049434739380e-01
3.981063247401833149e-01
6.340439002061469820e-01
-2.376843336770218862e+00
1.285636754235162327e+00
-6.494779517863809026e-01
-3.416847817934497433e-01
3.092769291705037560e-01
4.672139726317428021e-01
-2.376843336770218862e+00
1.285636754235162327e+00
-6.494779517863809026e-01
-3.944198118215974658e-01
2.582625244592736680e-01
5.592215779403368892e-01
