-2.221441471072811424e+00
nan
-2.221441467085554233e+00
2.610459999999999864e-02
2.799937000000000120e-01
-1.333499999999999686e-01
1.423128926213926171e+00
-1.054913056688819850e+00
-1.423128931983573597e+00
8.860460000000003333e-02
2.799937001121810543e-01
-1.333500001121810108e-01
-3.007066029438170557e-02
3.104515630029965223e+00
4.613044989879649393e-01
2.073546000000000833e-01
2.799937003253250012e-01
-1.333500007516129071e-01
-1.008033930398200440e+00
-9.459489009396975234e-01
-1.248264528856755096e+00
2.113255297296542656e-01
8.388750641845285627e-02
-1.929452390550414065e-01
-1.643764415324187711e+00
9.379372208980463199e-01
-1.476883207248655960e+00
2.152964594593084480e-01
-1.122186875954066243e-01
-2.525404770064135218e-01
-1.291565090173553421e-01
-7.262465237886244207e-01
-2.911257393311285746e+00
1.936557404815498762e-01
-2.106784042951497238e-01
-4.340359686020233143e-01
6.786119435262413235e-01
9.964221224602167748e-01
-1.420545980693076249e+00
1.885064581334809919e-01
-2.597019014049121721e-01
-5.253280499805799142e-01
-1.501997830521154764e+00
-7.974563326361683302e-01
1.867022203550983805e+00
2.902876657322611686e-01
-2.513766628186637209e-01
-5.436403049541235211e-01
-1.501997830694643987e+00
-7.974563266871339540e-01
1.867022206654252781e+00
2.902876657821398254e-01
-2.513766630393151624e-01
-5.436403047772071506e-01
7.017997304224654620e-01
-1.053058221335273270e+00
1.855582728406006909e+00
4.005387497574484090e-01
-2.642124435032490171e-01
-5.861950014311744228e-01
7.017997304224654620e-01
-1.053058221335273270e+00
1.855582728406006909e+00
4.438427156760929582e-01
-2.645627315591206896e-01
-5.916157909128632042e-01
-3.804702642950631708e-02
-2.754908428383349150e+00
-1.003287881103998913e+00
4.012983497394552734e-01
-2.077408810971783648e-01
-5.566961927832881907e-01
-3.804702642950631708e-02
-2.754908428383349150e+00
-1.003287881103998913e+00
4.219167189981359867e-01
-2.342738689750251402e-01
-5.845462291925414000e-01
-9.335906164867039392e-01
2.344077901646283379e+00
1.494196461625438399e+00
4.090569262667961281e-01
-2.420050689635774854e-01
-5.292640301065049124e-01
-9.335906164867039392e-01
2.344077901646283379e+00
1.494196461625438399e+00
4.501513251095333734e-01
-2.425301322747840937e-01
-5.439512972751534559e-01
-2.221441471072811424e+00
nan
-2.221441467085554233e+00
2.610459999999999864e-02
2.799937000000000120e-01
1.333500000000000241e-01
1.423397585146007671e+00
-1.054696619154753101e+00
-1.423397590917490296e+00
8.860460000000003333e-02
2.799937001121810543e-01
1.333499998878189818e-01
-2.999564523956423784e-02
3.104432736145110727e+00
4.618901653990308276e-01
2.073546000000000833e-01
2.799937003253250012e-01
1.333499992483870855e-01
-1.007977525316655854e+00
-9.453086174461499125e-01
-1.247960329509287147e+00
2.113157313420854222e-01
8.390980113802248841e-02
7.368079514782471806e-02
-1.644754161194624809e+00
9.376122472785883843e-01
-1.476871558883356528e+00
2.152768626841707611e-01
-1.121740981564000594e-01
1.401159139927839886e-02
-1.297620420402295083e-01
-7.272454222175046556e-01
-2.911048966929860704e+00
1.935640671846443894e-01
-2.107629514089214839e-01
-1.674051733330598479e-01
6.780983922776916417e-01
9.959434628547182422e-01
-1.420777626193844956e+00
1.883784272344231348e-01
-2.598502363799214954e-01
-2.586609133853026710e-01
-1.501941968172573416e+00
-7.973605084256578657e-01
1.867019087273973144e+00
2.901589737750235320e-01
-2.515319013668105286e-01
-2.769799785499427736e-01
-1.501941968345783529e+00
-7.973605024767317362e-01
1.867019090377229462e+00
2.901589738248992467e-01
-2.515319015874640241e-01
-2.769799783730281795e-01
7.023945829664518525e-01
-1.052259960688470608e+00
1.854267844265209852e+00
4.004063814902757423e-01
-2.643753254452201884e-01
-3.195418927077279259e-01
7.023945829664518525e-01
-1.052259960688470608e+00
1.854267844265209852e+00
4.437028729633422652e-01
-2.647590501726637124e-01
-3.250198217019947267e-01
-1.112074252239032779e+00
2.636982453667029880e+00
1.083035887539049336e+00
4.011716940193096326e-01
-2.079035989575430121e-01
-2.900435458287266011e-01
-1.112074252239032779e+00
2.636982453667029880e+00
1.083035887539049336e+00
4.427854618404211684e-01
-2.107576730551155575e-01
-3.028844847891837833e-01
-9.331562263994952477e-01
2.344385084706375633e+00
1.494331144508310727e+00
4.089298105235131264e-01
-2.421681031390217065e-01
-2.626116481454704443e-01
-9.331562263994952477e-01
2.344385084706375633e+00
1.494331144508310727e+00
4.500192407117472038e-01
-2.427024848998297624e-01
-2.773124742294003631e-01
0.000000000000000000e+00
0.000000000000000000e+00
0.000000000000000000e+00
0.000000000000000000e+00
0.000000000000000000e+00
0.000000000000000000e+00
8.912604253205885785e-02
1.599719978821228540e-10
-4.799160738260100843e-10
0.000000000000000000e+00
-0.000000000000000000e+00
0.000000000000000000e+00
8.912603655992919205e-02
2.324961798069179186e-01
-7.650601329694413089e-01
-0.000000000000000000e+00
0.000000000000000000e+00
0.000000000000000000e+00
7.066207425869605596e-02
1.144347463970932122e+00
-4.879551974048966234e-01
-1.638886960267526283e-01
2.273487360847595111e-03
-1.840139380019870791e-02
-1.487785272216408439e+00
1.074714025943765972e+00
-3.626588937367292709e-01
-3.277773920535052010e-01
4.546974690317794748e-03
-3.680278760993278137e-02
-1.467088365399316308e+00
1.271757940599027359e+00
4.278394551406078383e-03
-5.585404344528263065e-01
-2.576311454751657459e-01
1.329417130194496532e-01
-1.365224067001985953e+00
6.950095952132393506e-01
3.082444397251944412e-01
-6.744321219968927306e-01
-3.915867265802749353e-01
2.114121559749121415e-01
-2.674112114825668574e+00
5.879485244932343146e-01
5.437367482759486448e-01
-6.897255234170936999e-01
-3.852135664803938431e-01
1.293074239998893427e-01
-2.674112114825668574e+00
5.879485244932338706e-01
5.437367482759489778e-01
-6.897255231930996544e-01
-3.852135659801791401e-01
1.293074245606100625e-01
-2.825955788115254830e+00
3.065079180433489370e+00
-8.293367790850034726e-01
-7.077662087700136162e-01
-4.390620299506513557e-01
9.880977845539587467e-02
-2.825955788115254830e+00
3.065079180433489370e+00
-8.293367790850034726e-01
-7.246718645198593212e-01
-4.902945129791592138e-01
-3.293040735304471334e-02
-2.918414734755073958e+00
1.424273867101005120e+00
-4.339040492373157365e-01
-7.211280914639194295e-01
-3.597658859482077975e-01
-5.264811640643740631e-02
-2.918414734755073958e+00
1.424273867101005120e+00
-4.339040492373157365e-01
-7.723069413979926079e-01
-4.499902364784491571e-01
-4.580058144029230949e-03
-2.519210558851515014e+00
-2.839304767826210107e-01
1.008314529805591775e+00
-6.863686938016544392e-01
-2.821905842261266395e-01
3.441651985034505090e-02
-2.519210558851515014e+00
-2.839304767826210107e-01
1.008314529805591775e+00
-6.816691020660688993e-01
-2.777548233113010800e-01
4.740721714451590074e-02
0.000000000000000000e+00
0.000000000000000000e+00
0.000000000000000000e+00
0.000000000000000000e+00
0.000000000000000000e+00
0.000000000000000000e+00
9.033780502654463473e-02
1.621469858171227311e-10
-4.864410387211364917e-10
0.000000000000000000e+00
-0.000000000000000000e+00
0.000000000000000000e+00
9.033779905097673313e-02
2.329167716466287452e-01
-7.654070383529746335e-01
-0.000000000000000000e+00
0.000000000000000000e+00
0.000000000000000000e+00
7.188591541985106526e-02
1.146321801486739789e+00
-4.874538202325976455e-01
-1.639819549314830149e-01
2.358506760495710473e-03
-1.863640180618124365e-02
-1.491538599962693334e+00
1.076230571851187090e+00
-3.609089576849319192e-01
-3.279639098629660854e-01
4.717013489191053052e-03
-3.727280362203946873e-02
-1.470818930593980944e+00
1.272363030828305597e+00
3.711181782897948755e-03
-5.587917785809628501e-01
-2.580367513972817717e-01
1.331442508470969954e-01
-1.368734819450142526e+00
6.947569883157801440e-01
3.086097127896000880e-01
-6.747200367365581153e-01
-3.922766662439997054e-01
2.119407753977531894e-01
-2.674123585339829745e+00
5.880699913342527507e-01
5.435613077794023695e-01
-6.900144542583879215e-01
-3.859401433591556074e-01
1.298424346417752784e-01
-2.674123585339829745e+00
5.880699913342521956e-01
5.435613077794027026e-01
-6.900144540344109734e-01
-3.859401428589537275e-01
1.298424352024996342e-01
-2.826686794548117110e+00
3.078147912897231109e+00
-8.366968456702630341e-01
-7.080626503598999033e-01
-4.398297367287063997e-01
9.935414578663986918e-02
-2.826686794548117110e+00
3.078147912897231109e+00
-8.366968456702630341e-01
-7.252455873296591582e-01
-4.915401641223767770e-01
-3.283418945714636217e-02
-2.487561065016071105e+00
-5.057559932169969352e-02
1.290104163579495644e+00
-7.214114032685934319e-01
-3.605315173318919819e-01
-5.210828725123453631e-02
-2.487561065016071105e+00
-5.057559932169969352e-02
1.290104163579495644e+00
-7.170799122083721944e-01
-3.387880419999269033e-01
-4.290396240185540000e-02
-2.519249216441520556e+00
-2.838159298171126221e-01
1.008135166661267901e+00
-6.866546687324214249e-01
-2.829582207935379401e-01
3.495691601503575496e-02
-2.519249216441520556e+00
-2.838159298171126221e-01
1.008135166661267901e+00
-6.819436110628381842e-01
-2.785695658356895921e-01
4.796499168176110439e-02
