-2.221441471072811424e+00
nan
-2.221441467085554233e+00
2.610459999999999864e-02
2.799937000000000120e-01
-1.333499999999999686e-01
1.422237184779721497e+00
-1.055631027513159292e+00
-1.422237190543278684e+00
8.860460000000003333e-02
2.799937001121810543e-01
-1.333500001121810108e-01
-5.477051784404030760e-02
3.102177791585506217e+00
4.589741565582054483e-01
2.073546000000000833e-01
2.799937003253250012e-01
-1.333500007516129071e-01
-9.904933782713492008e-01
-9.679920552494740704e-01
-1.253815512242738794e+00
2.145911013923218202e-01
8.389858584999113078e-02
-1.926740188766914996e-01
-1.605797965670053395e+00
9.363136440656871784e-01
-1.466174054371608415e+00
2.218276027846435572e-01
-1.121965287318896221e-01
-2.519980366495800927e-01
-8.906282028737162737e-02
-6.877348523074721109e-01
-2.927920800473263530e+00
2.048414730879010714e-01
-2.054317999759208146e-01
-4.367191929743968748e-01
7.113927707924445620e-01
1.004780420229733684e+00
-1.408576421980960003e+00
2.020279766361067486e-01
-2.517856677568148793e-01
-5.294956214434165531e-01
-1.482947533906008752e+00
-8.361344646165762562e-01
1.816199336258984109e+00
3.041089625019609555e-01
-2.436697549349638170e-01
-5.461589579557540874e-01
-1.482947534061439754e+00
-8.361344587884173007e-01
1.816199339473902441e+00
3.041089625472814251e-01
-2.436697551652716731e-01
-5.461589577902890014e-01
6.914679189342055610e-01
-1.144536748987284414e+00
1.874768804869449079e+00
4.147236088104692131e-01
-2.554915921057329675e-01
-5.880589003747724863e-01
6.914679189342055610e-01
-1.144536748987284414e+00
1.874768804869449079e+00
4.582718823593930346e-01
-2.550260935549071295e-01
-5.909000808719043762e-01
-4.797088219388703084e-03
-2.747823816871971303e+00
-1.089233237742687876e+00
4.157381334753452173e-01
-2.006813627546855383e-01
-5.555842400601527231e-01
-4.797088219388703084e-03
-2.747823816871971303e+00
-1.089233237742687876e+00
4.373515712277312728e-01
-2.254248833814804232e-01
-5.843132953896463810e-01
-8.921416100147426809e-01
2.301600381405728868e+00
1.542704466420147247e+00
4.227893729099242437e-01
-2.364430485223906753e-01
-5.299300886906734842e-01
-8.921416100147426809e-01
2.301600381405728868e+00
1.542704466420147247e+00
4.637861658954783306e-01
-2.370445513127742154e-01
-5.448847630068458514e-01
-2.221441471072811424e+00
nan
-2.221441467085554233e+00
2.610459999999999864e-02
2.799937000000000120e-01
1.333500000000000241e-01
1.422488999775101126e+00
-1.055428350668847326e+00
-1.422489005540378049e+00
8.860460000000003333e-02
2.799937001121810543e-01
1.333499998878189818e-01
-5.470736102402267570e-02
3.102097438662903883e+00
4.595221437431111222e-01
2.073546000000000833e-01
2.799937003253250012e-01
1.333499992483870855e-01
-9.904464911865554777e-01
-9.673961354975812998e-01
-1.253530401884456191e+00
2.145829491630417141e-01
8.391927733888038254e-02
7.395663582359035537e-02
-1.606698155644335380e+00
9.360483930671253949e-01
-1.466167304606470267e+00
2.218112983260833448e-01
-1.121551457542354635e-01
1.456327275094591867e-02
-8.964283212718497651e-02
-6.886335048195501018e-01
-2.927751624994074042e+00
2.047545969993186943e-01
-2.055083225929886237e-01
-1.700918200950464754e-01
7.109313692142573693e-01
1.004357151953918947e+00
-1.408798438639857098e+00
2.019055739621568590e-01
-2.519204303409563472e-01
-2.628380427789097640e-01
-1.482892760165101631e+00
-8.360438260166045410e-01
1.816199019221155675e+00
3.039859377502502902e-01
-2.438108058412442880e-01
-2.795082503170354116e-01
-1.482892760320270176e+00
-8.360438201885489473e-01
1.816199022436061794e+00
3.039859377955679287e-01
-2.438108060715539205e-01
-2.795082501515721018e-01
6.920078931644698672e-01
-1.143866151141973653e+00
1.873711624519292185e+00
4.145970652190363870e-01
-2.556395935262453789e-01
-3.214155199579074029e-01
6.920078931644698672e-01
-1.143866151141973653e+00
1.873711624519292185e+00
4.581424095045473210e-01
-2.551990475987369056e-01
-3.243051626610935489e-01
-1.065329678215899190e+00
2.602739013574477234e+00
1.138196403698628290e+00
4.156170860771657427e-01
-2.008292398509649024e-01
-2.889412416472250666e-01
-1.065329678215899190e+00
2.602739013574477234e+00
1.138196403698628290e+00
4.571347017067129981e-01
-2.041123767607096740e-01
-3.019892196162073938e-01
-8.917189057363937854e-01
2.301898748942664330e+00
1.542849279418610164e+00
4.226678710650237369e-01
-2.365912064109121360e-01
-2.632873567987227825e-01
-8.917189057363937854e-01
2.301898748942664330e+00
1.542849279418610164e+00
4.636594806644349642e-01
-2.372011259351582690e-01
-2.782558926400602317e-01
0.000000000000000000e+00
0.000000000000000000e+00
0.000000000000000000e+00
0.000000000000000000e+00
0.000000000000000000e+00
0.000000000000000000e+00
5.376398354427343318e-02
9.650077146177890391e-11
-2.895023627525345306e-10
0.000000000000000000e+00
-0.000000000000000000e+00
0.000000000000000000e+00
5.376397759948198934e-02
2.304850535578950588e-01
-7.618666845571089308e-01
-0.000000000000000000e+00
0.000000000000000000e+00
0.000000000000000000e+00
1.999102830845692763e-02
1.145666299569759516e+00
-4.849998762249099205e-01
-1.630716342179975575e-01
-2.323754141973023105e-03
-1.221075875300070383e-02
-1.465106381846168482e+00
1.065052050100598224e+00
-3.996861929626829846e-01
-3.261432684359951706e-01
-4.647508302881178319e-03
-2.442151751172978724e-02
-1.451925322122981310e+00
1.282217100808601185e+00
3.496573054490610677e-02
-5.601457652900643236e-01
-2.684945317847125534e-01
1.302691856578492013e-01
-1.356899811929472399e+00
6.893047416130585470e-01
3.283207102700547164e-01
-6.774844915744465679e-01
-4.032973535338362225e-01
2.011790533308250306e-01
-2.673703500674712963e+00
5.846127303596826419e-01
5.432710527535623557e-01
-6.916352307056550242e-01
-3.923925299289999780e-01
1.198016651633505708e-01
-2.673703500674713407e+00
5.846127303596820868e-01
5.432710527535626888e-01
-6.916352304838025988e-01
-3.923925294619743376e-01
1.198016657526306122e-01
-2.773735725921214978e+00
2.940812380253742475e+00
-6.039363103656070209e-01
-7.097080085199060084e-01
-4.443268173028122048e-01
8.674302219505500289e-02
-2.773735725921214978e+00
2.940812380253742475e+00
-6.039363103656070209e-01
-7.177822558231404804e-01
-4.785078848014264752e-01
-4.261544975708686511e-02
-2.886937641352945505e+00
1.434460424091090314e+00
-3.490989354580020243e-01
-7.204997196870809306e-01
-3.569480424536595753e-01
-6.039638392797462563e-02
-2.886937641352945505e+00
1.434460424091090314e+00
-3.490989354580020243e-01
-7.703483492890600415e-01
-4.474322617958320647e-01
-1.996700393524158956e-02
-2.533954428819340965e+00
-3.124655494732441752e-01
9.624616499376607015e-01
-6.860736875346455932e-01
-2.845257138594027291e-01
3.109751616089834192e-02
-2.533954428819340965e+00
-3.124655494732441752e-01
9.624616499376607015e-01
-6.808219436391746981e-01
-2.829623360553894518e-01
4.543178226740979264e-02
0.000000000000000000e+00
0.000000000000000000e+00
0.000000000000000000e+00
0.000000000000000000e+00
0.000000000000000000e+00
0.000000000000000000e+00
5.493922827600199871e-02
9.861021380201778745e-11
-2.958306908305258072e-10
0.000000000000000000e+00
-0.000000000000000000e+00
0.000000000000000000e+00
5.493922232829907132e-02
2.308654385064741743e-01
-7.621526223416066337e-01
-0.000000000000000000e+00
0.000000000000000000e+00
0.000000000000000000e+00
2.114613019248340331e-02
1.147528551425942345e+00
-4.844840502654257364e-01
-1.631505105446761639e-01
-2.246080071792497853e-03
-1.244095231654868301e-02
-1.468703195694931685e+00
1.066451794395054220e+00
-3.981456713954070192e-01
-3.263010210893522722e-01
-4.492160162931965045e-03
-2.488190463895781704e-02
-1.455416815816418907e+00
1.282894022646128063e+00
3.437506669679203652e-02
-5.603949394685053820e-01
-2.689046333256493448e-01
1.304163542487817296e-01
-1.360195214327068358e+00
6.890955187631260248e-01
3.285989276966209127e-01
-6.777830948732652683e-01
-4.039869807801211854e-01
2.016203109474135058e-01
-2.673711137969840390e+00
5.847451785004432745e-01
5.431023064662725552e-01
-6.919352740992668060e-01
-3.931182192156702504e-01
1.202465172728308940e-01
-2.673711137969840390e+00
5.847451785004427194e-01
5.431023064662729993e-01
-6.919352738774312561e-01
-3.931182187486571000e-01
1.202465178621131003e-01
-2.774180686977293142e+00
2.952813452837260932e+00
-6.098908520805630396e-01
-7.100161060914608191e-01
-4.450929943672422562e-01
8.719395517902814308e-02
-2.774180686977293142e+00
2.952813452837260932e+00
-6.098908520805630396e-01
-7.182799970082128782e-01
-4.796672924771177571e-01
-4.260947723947924870e-02
-2.503201029090747376e+00
-9.480571861746278639e-02
1.256640589248837703e+00
-7.207945579232847289e-01
-3.577121790697448400e-01
-5.994955019739631186e-02
-2.503201029090747376e+00
-9.480571861746278639e-02
1.256640589248837703e+00
-7.154318118945841576e-01
-3.382011699803339488e-01
-4.779509112123453418e-02
-2.533988463964903737e+00
-3.123391771429065433e-01
9.622887008409797271e-01
-6.863711659258403541e-01
-2.852918038288052016e-01
3.154470558334632191e-02
-2.533988463964903737e+00
-3.123391771429065433e-01
9.622887008409797271e-01
-6.811089870915185696e-01
-2.837761382264015197e-01
4.589352023377635259e-02
