-2.221441471072811424e+00
nan
-2.221441467085554233e+00
2.610459999999999864e-02
2.799937000000000120e-01
-1.333499999999999686e-01
1.472668616181380452e+00
-1.013957173378881915e+00
-1.472668622291295470e+00
8.860460000000003333e-02
2.799937001121810543e-01
-1.333500001121810108e-01
-2.749570529021301835e-01
-3.045400188898866212e+00
-5.617893575942278783e-01
2.073546000000000833e-01
2.799937003253250012e-01
-1.333500007516129071e-01
-1.143524810153392357e+00
-6.251349491059765562e-01
-1.200926516702132352e+00
1.706366416125055796e-01
9.158363717790690695e-02
-2.053113767573575832e-01
-2.149134444232615238e+00
8.574277979804374450e-01
-1.529279730628769984e+00
1.339186832250110759e-01
-9.682642610079744694e-02
-2.772727524193669968e-01
-5.509958193412920480e-01
-1.203571062279997772e+00
-2.671414335336594448e+00
6.836873851416411241e-02
-2.513706736173207390e-01
-3.994305614532412951e-01
2.868325328789075868e-01
8.610262669845887284e-01
-1.569619166031510638e+00
4.090875721910686158e-02
-3.290067133796148457e-01
-4.625388593014845839e-01
-1.663853217389933858e+00
-2.608685767517165410e-01
2.428769636209407334e+00
1.377669236712567580e-01
-3.248887926840208773e-01
-4.994928958965906274e-01
-1.663853217814233787e+00
-2.608685694765787155e-01
2.428769637830712647e+00
1.377669237730280438e-01
-3.248887927559623856e-01
-4.994928956378603679e-01
5.325571048463834112e-01
-1.338565953924214340e-02
1.064474280957190766e+00
2.441078075059855967e-01
-3.513328333973898543e-01
-5.455720682281766098e-01
5.325571048463834112e-01
-1.338565953924214340e-02
1.064474280957190766e+00
2.619258740518208284e-01
-3.850695811475309815e-01
-5.667637996444988557e-01
-5.934717151971149462e-01
-2.704044844080736087e+00
1.402063462423586149e-02
2.384155010970442357e-01
-2.883904591562426178e-01
-5.536744899028422928e-01
-5.934717151971149462e-01
-2.704044844080736087e+00
1.402063462423586149e-02
2.446268481511238990e-01
-3.312321324964650482e-01
-5.592198769762080079e-01
1.359959451089497007e+00
-2.579094658965039866e+00
-8.443376400021705974e-01
2.542282229398414861e-01
-2.995845398354897715e-01
-5.135321928252107870e-01
1.359959451089497007e+00
-2.579094658965039866e+00
-8.443376400021705974e-01
2.951480792000816811e-01
-2.962416492948703461e-01
-5.283352861196788375e-01
-2.221441471072811424e+00
nan
-2.221441467085554233e+00
2.610459999999999864e-02
2.799937000000000120e-01
1.333500000000000241e-01
1.473130320640664515e+00
-1.013565406628532894e+00
-1.473130326753768760e+00
8.860460000000003333e-02
2.799937001121810543e-01
1.333499998878189818e-01
-2.754458097903612068e-01
-3.045056076310813875e+00
-5.627551890865604145e-01
2.073546000000000833e-01
2.799937003253250012e-01
1.333499992483870855e-01
-1.143395404762202361e+00
-6.237266626443743744e-01
-1.200279150853929222e+00
1.705683417683815373e-01
9.164234751879826724e-02
6.126991114308595610e-02
-2.151480496340734128e+00
8.558664929639038244e-01
-1.528693689616144047e+00
1.337820835367629912e-01
-9.670900541923946325e-02
-1.081017661856585599e-02
-5.515441881685783088e-01
-1.206024873232275807e+00
-2.670299315987298527e+00
6.822008552886275889e-02
-2.514930172610307935e-01
-1.326575569571365465e-01
2.854487668745389062e-01
8.596612214719411282e-01
-1.569791853388088354e+00
4.075180029311886026e-02
-3.292469249110319129e-01
-1.956169538043341372e-01
-1.663811659190032932e+00
-2.607173443023650394e-01
2.428713082773183096e+00
1.376098080056115391e-01
-3.251420879737713654e-01
-2.325728620692547044e-01
-1.663811659613819716e+00
-2.607173370273602186e-01
2.428713084394378718e+00
1.376098081073786339e-01
-3.251420880457166485e-01
-2.325728618105238343e-01
5.322271418382124031e-01
-1.145919318617408950e-02
1.057320753315692530e+00
2.439466320475284222e-01
-3.516006776780164489e-01
-2.786530516338215913e-01
5.322271418382124031e-01
-1.145919318617408950e-02
1.057320753315692530e+00
2.614829580986468560e-01
-3.854883728954688338e-01
-2.998389551096689587e-01
1.409303696640461290e+00
-2.462877571144336919e+00
-3.488923611389712076e-01
2.382618782285640668e-01
-2.886578792957856798e-01
-2.867574806816707289e-01
1.409303696640461290e+00
-2.462877571144336919e+00
-3.488923611389712076e-01
2.789506500077432727e-01
-2.851697101940684487e-01
-3.021522087412921720e-01
1.359367309714371030e+00
-2.579333708986961238e+00
-8.442714137740483515e-01
2.540739496443565892e-01
-2.998525486046454414e-01
-2.466150915449096814e-01
1.359367309714371030e+00
-2.579333708986961238e+00
-8.442714137740483515e-01
2.949928948872462819e-01
-2.965271005494666268e-01
-2.614246303645929026e-01
0.000000000000000000e+00
0.000000000000000000e+00
0.000000000000000000e+00
0.000000000000000000e+00
0.000000000000000000e+00
0.000000000000000000e+00
5.417763770333544615e-01
9.724323775308311042e-10
-2.917297619985790271e-09
0.000000000000000000e+00
-0.000000000000000000e+00
0.000000000000000000e+00
5.417763695438793103e-01
3.579426480302157487e-01
-9.371693596417846051e-01
0.000000000000000000e+00
0.000000000000000000e+00
0.000000000000000000e+00
7.162195484868949524e-01
1.253059147600785739e+00
-5.952883923201131022e-01
-2.023301837133281988e-01
7.339791858913634337e-02
-8.893319674205807379e-02
-1.652331700649213309e+00
1.381247957639373913e+00
2.776285424318843953e-01
-4.046603674266563422e-01
1.467958369920450701e-01
-1.778663935552438624e-01
-1.813800633950529262e+00
9.247360470353939155e-01
-9.345800080082122818e-02
-5.304846974851513686e-01
-7.324791896304125305e-02
1.680326930245172878e-01
-1.709939159134558517e+00
6.881457955473844201e-01
1.524034249010752518e-01
-5.960989244387454589e-01
-1.851474346538597437e-01
3.342422257172319444e-01
-2.688399930188492881e+00
6.465465800819781839e-01
5.257129383783800680e-01
-6.221562745676513240e-01
-2.335750726189770032e-01
2.605482918571496720e-01
-2.688399930188492437e+00
6.465465800819780728e-01
5.257129383783807342e-01
-6.221562743625494996e-01
-2.335750718699041162e-01
2.605482919847574852e-01
-4.268661971108432596e+00
3.410972886697619000e+00
-5.203878702802735567e+00
-6.380466315056236848e-01
-3.015495377878469885e-01
2.628861142986338439e-01
-4.268661971108432596e+00
3.410972886697619000e+00
-5.203878702802735567e+00
-8.858929959076642380e-01
-4.847329328096391388e-01
3.461199445673215358e-01
-3.602598543951448740e+00
8.216333181110075934e-01
-1.850931564326427470e+00
-6.763748450405858703e-01
-3.263246067807705764e-01
9.735218102431561493e-02
-3.602598543951448740e+00
8.216333181110075934e-01
-1.850931564326427470e+00
-7.602281252758649188e-01
-3.577991884963072078e-01
2.465900813302620009e-01
-2.349869283482103999e+00
2.226571466369824948e-01
1.365781238848190915e+00
-6.445361071020765387e-01
-2.100931056559231236e-01
1.172226855116796362e-01
-2.349869283482103999e+00
2.226571466369824948e-01
1.365781238848190915e+00
-6.523977788003250122e-01
-1.889908679125126556e-01
1.002562312765346020e-01
0.000000000000000000e+00
0.000000000000000000e+00
0.000000000000000000e+00
0.000000000000000000e+00
0.000000000000000000e+00
0.000000000000000000e+00
5.422597532544306542e-01
9.732999876885071571e-10
-2.919900450893673482e-09
0.000000000000000000e+00
-0.000000000000000000e+00
0.000000000000000000e+00
5.422597457455067271e-01
3.594941065887738985e-01
-9.393884335153650511e-01
0.000000000000000000e+00
0.000000000000000000e+00
0.000000000000000000e+00
7.176442735410500928e-01
1.257490116041460215e+00
-5.957347768715697267e-01
-2.028474491396782819e-01
7.364271574438624457e-02
-8.891091364596973023e-02
-1.655432457706166094e+00
1.385032671173754171e+00
2.820915640147175774e-01
-4.056948982793565639e-01
1.472854313024253292e-01
-1.778218273632525825e-01
-1.818528672883256370e+00
9.233595836800286838e-01
-9.173735349806055872e-02
-5.307942369602881572e-01
-7.291916355449114262e-02
1.692181590019946613e-01
-1.714827227707084623e+00
6.878310063993187118e-01
1.538934373296301505e-01
-5.960613371338059352e-01
-1.848927641558986146e-01
3.359789739119191654e-01
-2.688520820861309613e+00
6.465659277665514182e-01
5.254035665509605435e-01
-6.221124641740193306e-01
-2.333599501334543136e-01
2.623179468438902595e-01
-2.688520820861309613e+00
6.465659277665513072e-01
5.254035665509609876e-01
-6.221124639689324942e-01
-2.333599493843823147e-01
2.623179469715176126e-01
-4.276367712894973749e+00
3.424676051441669422e+00
-5.232611431895994869e+00
-6.380049072949732780e-01
-3.013777525997033413e-01
2.646986488619692546e-01
-4.276367712894973749e+00
3.424676051441669422e+00
-5.232611431895994869e+00
-8.878809049523112007e-01
-4.837372463608642925e-01
3.495586586967700526e-01
-2.330343348462397657e+00
5.779569901088410511e-01
1.456532833591476450e+00
-6.763153257400358331e-01
-3.261534687674871313e-01
9.915119301514968564e-02
-2.330343348462397657e+00
5.779569901088410511e-01
1.456532833591476450e+00
-6.902934492586891846e-01
-3.027639388477285642e-01
6.750620128193089708e-02
-2.350026976635518405e+00
2.226632463104019077e-01
1.365480011926935022e+00
-6.444789054838265807e-01
-2.099221010577724533e-01
1.190247479098132805e-01
-2.350026976635518405e+00
2.226632463104019077e-01
1.365480011926935022e+00
-6.523172783238251338e-01
-1.888509149572602241e-01
1.020987100873635561e-01
