-2.221441471072811424e+00
nan
-2.221441467085554233e+00
2.610459999999999864e-02
2.799937000000000120e-01
-1.333499999999999686e-01
1.442823612181544313e+00
-1.038884380111915640e+00
-1.442823618086011672e+00
8.860460000000003333e-02
2.799937001121810543e-01
-1.333500001121810108e-01
-3.238368610817783377e-01
3.050608988223976414e+00
4.965373250929502880e-01
2.073546000000000555e-01
2.799937003253250012e-01
-1.333500007516129071e-01
-7.370717604504837261e-01
-1.162579115862360846e+00
-1.338170690791320672e+00
2.503930836319753217e-01
8.990838825148578239e-02
-1.969130644006487074e-01
-1.229150465932589142e+00
8.594269686862200386e-01
-1.333889330456381694e+00
2.934315672639505879e-01
-1.001769239390432054e-01
-2.604761277007239251e-01
3.578620343833011641e-01
-2.592176467184736377e-01
-3.085859297875162000e+00
3.299329675654129046e-01
-1.354341293069941388e-01
-4.617913711515727604e-01
1.078503163902582829e+00
1.090583189772376338e+00
-1.284963992872163674e+00
3.537186701563474478e-01
-1.522228886779903867e-01
-5.613726967655572331e-01
-1.233962923145885293e+00
-1.187468311384523689e+00
1.246187648873984033e+00
4.574659504455927395e-01
-1.518118957587924478e-01
-5.620015190020823947e-01
-1.233962923146662005e+00
-1.187468306937615958e+00
1.246187653145801821e+00
4.574659504468031046e-01
-1.518118960457157385e-01
-5.620015189899213448e-01
4.820545881596689508e-01
-2.033294271791419749e+00
1.721597024842029366e+00
5.719303355727455296e-01
-1.554775853561922994e-01
-5.938673038504734825e-01
4.820545881596689508e-01
-2.033294271791419749e+00
1.721597024842029366e+00
6.115947265357569718e-01
-1.618540346243185213e-01
-5.768139138979043734e-01
-2.451903776269550028e-01
2.354726099848752696e+00
1.873733345666549255e+00
5.722394627905157405e-01
-1.279339594270721414e-01
-5.364125636160947952e-01
-2.451903776269550028e-01
2.354726099848752696e+00
1.873733345666549255e+00
6.036108928833729959e-01
-1.346044071504622353e-01
-5.660112059111138683e-01
-4.884641551725574793e-01
1.765489103733039133e+00
2.038258456485496861e+00
5.724471409268772071e-01
-1.724677735825843883e-01
-5.345551741701314308e-01
-4.884641551725574793e-01
1.765489103733039133e+00
2.038258456485496861e+00
6.120123964810250117e-01
-1.697348176350728655e-01
-5.527722713410293531e-01
-2.221441471072811424e+00
nan
-2.221441467085554233e+00
2.610459999999999864e-02
2.799937000000000120e-01
1.333500000000000241e-01
1.442919656235592152e+00
-1.038805402636423958e+00
-1.442919662140718318e+00
8.860460000000003333e-02
2.799937001121810543e-01
1.333499998878189818e-01
-3.238303316866427695e-01
3.050562261448908963e+00
4.967414432325403251e-01
2.073546000000000833e-01
2.799937003253250012e-01
1.333499992483870855e-01
-7.370864248347573922e-01
-1.162363577091729328e+00
-1.338050604108339536e+00
2.503928797372089732e-01
8.991694382053438961e-02
6.976121789601084922e-02
-1.229382006097624380e+00
8.594683417751334265e-01
-1.333843551841132458e+00
2.934311594744178908e-01
-1.001598128009930921e-01
6.172436892579444279e-03
3.575968121040760117e-01
-2.593762191610096690e-01
-3.085881253634700006e+00
3.298976541198555545e-01
-1.354391279518000479e-01
-1.951452590279837418e-01
1.078412465193334668e+00
1.090534546192884369e+00
-1.285039771290719779e+00
3.536660735136344380e-01
-1.522386755117904888e-01
-2.947288919266737306e-01
-1.233934285539289410e+00
-1.187433586923052564e+00
1.246198224399361898e+00
4.574133320229826216e-01
-1.518286395501545483e-01
-2.953619182331147508e-01
-1.233934285539974862e+00
-1.187433582476192573e+00
1.246198228671177910e+00
4.574133320241908218e-01
-1.518286398370778945e-01
-2.953619182209546445e-01
4.818900552878397359e-01
-2.033382749408894075e+00
1.721681270354008308e+00
5.718763915170328449e-01
-1.554952904323633756e-01
-3.272323538958902822e-01
4.818900552878397359e-01
-2.033382749408894075e+00
1.721681270354008308e+00
6.115378976112878506e-01
-1.618728928937417377e-01
-3.101726866719964892e-01
-5.971340625767983523e-01
2.150617884113978029e+00
1.712914865150192645e+00
5.721881021869031914e-01
-1.279518415880531168e-01
-2.697775427259007652e-01
-5.971340625767983523e-01
2.150617884113978029e+00
1.712914865150192645e+00
6.117751387582740508e-01
-1.318863139951338692e-01
-2.877254558910814497e-01
-4.881775765486191521e-01
1.765687099595235843e+00
2.038483946538235614e+00
5.723954440101619578e-01
-1.724856632932544875e-01
-2.679202967277455327e-01
-4.881775765486191521e-01
1.765687099595235843e+00
2.038483946538235614e+00
6.119543991064769761e-01
-1.697513330485262428e-01
-2.861508654081377223e-01
0.000000000000000000e+00
0.000000000000000000e+00
0.000000000000000000e+00
0.000000000000000000e+00
0.000000000000000000e+00
0.000000000000000000e+00
-2.906622538302329750e-01
-5.217085840809963986e-10
1.565126013728798020e-09
0.000000000000000000e+00
-0.000000000000000000e+00
0.000000000000000000e+00
-2.906622599554622433e-01
2.600108159519298745e-01
-7.775622274753483110e-01
-0.000000000000000000e+00
0.000000000000000000e+00
0.000000000000000000e+00
-5.075939839147993737e-01
1.218119257351674367e+00
-4.571781493621170367e-01
-1.643302427102713570e-01
-5.194048292996159694e-02
4.406015514523778376e-02
-1.179471030151469924e+00
1.113776779471860046e+00
-6.000692650311186815e-01
-3.286604854205427140e-01
-1.038809657584935375e-01
8.812031032439286704e-02
-1.418893565750795061e+00
1.282769363264732565e+00
4.022981607656332392e-01
-5.740374942420198856e-01
-3.632298317881652583e-01
8.905075058601601146e-02
-1.415300886467719899e+00
5.628754304739245207e-01
5.245257016437067099e-01
-6.950232808764399417e-01
-4.949561895659313482e-01
8.236064266708362225e-02
-2.672302882929766810e+00
5.578958426934580439e-01
5.321445111714274701e-01
-6.955928058128285629e-01
-4.414280472473736117e-01
2.338216897090301949e-02
-2.672302882929766810e+00
5.578958426934574888e-01
5.321445111714275811e-01
-6.955928056533595694e-01
-4.414280472142316225e-01
2.338216973697366738e-02
-2.575102872854526659e+00
1.516591438958198479e+00
6.645342963229114996e-01
-7.114199181049958298e-01
-4.656714816945221047e-01
-3.068120274894092780e-02
-2.575102872854526659e+00
1.516591438958198479e+00
6.645342963229114996e-01
-6.813195236702808133e-01
-3.953989000980711044e-01
-7.441586568597208240e-02
-2.677009011425409035e+00
1.435597690785346714e+00
3.293547272447858720e-01
-6.940233467411437429e-01
-3.119705133760208859e-01
-1.044585745153253087e-01
-2.677009011425409035e+00
1.435597690785346714e+00
3.293547272447858720e-01
-7.343181457797168799e-01
-3.808740167242322672e-01
-1.316384784475077008e-01
-2.669241273426415706e+00
-4.319869768520555042e-01
3.902902545702411352e-01
-6.692886921265938094e-01
-3.068964914244946551e-01
1.443340267141407507e-02
-2.669241273426415706e+00
-4.319869768520555042e-01
3.902902545702411352e-01
-6.624857894652009804e-01
-3.400803854127099068e-01
2.423015899307545684e-02
0.000000000000000000e+00
0.000000000000000000e+00
0.000000000000000000e+00
0.000000000000000000e+00
0.000000000000000000e+00
0.000000000000000000e+00
-2.898085194438012602e-01
-5.201762194479652722e-10
1.560528919061667545e-09
0.000000000000000000e+00
-0.000000000000000000e+00
0.000000000000000000e+00
-2.898085255696153939e-01
2.601408261097877261e-01
-7.776013893190165671e-01
-0.000000000000000000e+00
0.000000000000000000e+00
0.000000000000000000e+00
-5.070048547566441410e-01
1.219379300650390796e+00
-4.566952124050124850e-01
-1.643459880476994261e-01
-5.189519708405488513e-02
4.388985090252655458e-02
-1.181007919221638058e+00
1.114676307643821085e+00
-5.999017218816171670e-01
-3.286919760953987968e-01
-1.037903940669825803e-01
8.777970183888444966e-02
-1.420140089062108313e+00
1.283695214362126968e+00
4.020012579140667119e-01
-5.742601639532669555e-01
-3.634245001574059608e-01
8.879651481261385815e-02
-1.416545039962315400e+00
5.630789897828811785e-01
5.244257462894377220e-01
-6.953417576826066426e-01
-4.952922749563515858e-01
8.214281955191594931e-02
-2.672291583595310716e+00
5.581159573283994701e-01
5.320878336408574327e-01
-6.959132349109298232e-01
-4.417812517616579449e-01
2.314408363006714361e-02
-2.672291583595310716e+00
5.581159573283990261e-01
5.320878336408574327e-01
-6.959132347514747075e-01
-4.417812517285198415e-01
2.314408439613564392e-02
-2.574961838331939923e+00
1.517949357754384554e+00
6.646338875865891449e-01
-7.117496532967010348e-01
-4.660439473907151964e-01
-3.094121610568312253e-02
-2.574961838331939923e+00
1.517949357754384554e+00
6.646338875865891449e-01
-6.816151716733002131e-01
-3.957555743315825381e-01
-7.472329085092804801e-02
-2.667067287757494576e+00
-4.162034869914412738e-01
7.571974228485958136e-01
-6.943387403840067806e-01
-3.123420816090402008e-01
-1.047193133344458127e-01
-2.667067287757494576e+00
-4.162034869914412738e-01
7.571974228485958136e-01
-6.838895839735286142e-01
-3.302351716253505431e-01
-7.774954802227385109e-02
-2.669244872968523641e+00
-4.317664603060393236e-01
3.902304516949222091e-01
-6.696062770408833797e-01
-3.072686546979431221e-01
1.417232281351571421e-02
-2.669244872968523641e+00
-4.317664603060393236e-01
3.902304516949222091e-01
-6.628019478588677016e-01
-3.404933977635663522e-01
2.395395584211362783e-02
