-2.221441471072811424e+00
nan
-2.221441467085554233e+00
2.610459999999999864e-02
2.799937000000000120e-01
-1.333499999999999686e-01
1.581509943666461249e+00
-9.161510738390189479e-01
-1.581509950538004361e+00
8.860460000000003333e-02
2.799937001121810543e-01
-1.333500001121810108e-01
-1.038742353595879964e+00
-2.673024135904874310e+00
-7.120743323379733480e-01
2.073546000000000833e-01
2.799937003253250012e-01
-1.333500007516129071e-01
-1.247049464488070747e+00
2.325013288497794484e-01
-1.095140825525431794e+00
6.893130976724512471e-02
1.488242386687966268e-01
-2.085734349318936753e-01
-2.963142234646371165e+00
5.050637869320911966e-01
-8.857321816524956759e-01
-6.949198046550983388e-02
1.765477682921798297e-02
-2.837968687929839362e-01
-7.868029502872541103e-01
-1.864496745223703122e+00
-2.225041868455002625e+00
-1.383209302222305204e-01
-1.779156652522854154e-01
-2.946609315428107001e-01
-2.821199245695943381e-01
5.170846270540498946e-01
-1.935225473861329926e+00
-1.697115356312024481e-01
-2.762722602656139115e-01
-3.048918948133104712e-01
9.729076345106324464e-01
-9.389916338881374447e-01
-2.120578723036198987e+00
-8.574323622912573273e-02
-3.118545630002529379e-01
-3.543619557352833960e-01
9.729076339121821571e-01
-9.389916390781793964e-01
-2.120578719069795337e+00
-8.574323607429117089e-02
-3.118545627831789679e-01
-3.543619556286086714e-01
-1.069413072296346856e+00
-1.757920281679903329e-01
-1.433238995625757406e+00
1.584359276492659785e-02
-3.665249490953277900e-01
-3.830364399662893882e-01
-1.069413072296346856e+00
-1.757920281679903329e-01
-1.433238995625757406e+00
-1.990207048968190007e-02
-3.414988490392843468e-01
-3.822100023806022651e-01
1.698136543598924852e+00
1.293431532564758735e+00
-1.575965396302739796e+00
-1.127225579814536416e-02
-3.528442393519424236e-01
-4.390486083048012467e-01
1.698136543598924852e+00
1.293431532564758735e+00
-1.575965396302739796e+00
-3.974562579472801227e-02
-3.447362444343143317e-01
-4.069819785463837936e-01
1.298076052177049577e+00
-1.669909884866207950e+00
2.158429187047282150e-01
1.278239232520286817e-02
-3.191763412285919532e-01
-4.224775441079069438e-01
1.298076052177049577e+00
-1.669909884866207950e+00
2.158429187047282150e-01
4.125903300832414050e-02
-3.182437168404063654e-01
-4.555373727790444360e-01
-2.221441471072811424e+00
nan
-2.221441467085554233e+00
2.610459999999999864e-02
2.799937000000000120e-01
1.333500000000000241e-01
1.580761834865606952e+00
-9.168622996692665783e-01
-1.580761841731845418e+00
8.860460000000003333e-02
2.799937001121810543e-01
1.333499998878189818e-01
-1.040611609963072892e+00
-2.672808952921267078e+00
-7.104658304355456755e-01
2.073546000000000833e-01
2.799937003253250012e-01
1.333499992483870855e-01
-1.247615636482858337e+00
2.350677810020116443e-01
-1.093190141432760054e+00
6.873949870418349928e-02
1.488953881483658648e-01
5.835609124844966245e-02
-2.963966656347175377e+00
5.047651277240143841e-01
-8.813182148190216170e-01
-6.987560259163308474e-02
1.779707578870254325e-02
-1.663781643209900907e-02
-7.864358799109728571e-01
-1.864707437403185120e+00
-2.225136176601504978e+00
-1.386518690828883460e-01
-1.777927495758118148e-01
-2.748656665517291986e-02
-2.819476159450862163e-01
5.168096616251923736e-01
-1.935217335508319092e+00
-1.700290053368102849e-01
-2.761535297076636031e-01
-3.771861202041304484e-02
9.732070440367304176e-01
-9.391575062622670167e-01
-2.120447171048900348e+00
-8.604627648425201836e-02
-3.117363017315805673e-01
-8.716383514228435991e-02
9.732070434378767843e-01
-9.391575114526788948e-01
-2.120447167082676554e+00
-8.604627632945165139e-02
-3.117363015144982707e-01
-8.716383503557700863e-02
-1.069392591612983834e+00
-1.776970103728864603e-01
-1.436049345141472866e+00
1.554965334210868522e-02
-3.664058104020734841e-01
-1.158077324191857382e-01
-1.069392591612983834e+00
-1.776970103728864603e-01
-1.436049345141472866e+00
-2.015685067213675297e-02
-3.413202233059450252e-01
-1.151006145130149261e-01
1.203908443575442577e+00
-1.358656484814479315e+00
4.612807544788053993e-01
-1.155102444514434501e-02
-3.527282861494273059e-01
-1.718280203348129531e-01
1.203908443575442577e+00
-1.358656484814479315e+00
4.612807544788053993e-01
1.287065057606640375e-02
-3.575151599590408180e-01
-2.076806179101520211e-01
1.297839024262733565e+00
-1.670321988845287375e+00
2.162622017800858998e-01
1.249831608995642662e-02
-3.190590974120693923e-01
-1.552518754695273728e-01
1.297839024262733565e+00
-1.670321988845287375e+00
2.162622017800858998e-01
4.099062737644275367e-02
-3.181375436012078839e-01
-1.882985101051094512e-01
0.000000000000000000e+00
0.000000000000000000e+00
0.000000000000000000e+00
0.000000000000000000e+00
0.000000000000000000e+00
0.000000000000000000e+00
-9.979606007228278286e-02
-1.791235721566446836e-10
5.373708062485452218e-10
0.000000000000000000e+00
-0.000000000000000000e+00
0.000000000000000000e+00
-9.979606924846962102e-02
6.203348259085903482e-01
-1.081697276397824314e+00
0.000000000000000000e+00
0.000000000000000000e+00
0.000000000000000000e+00
6.299821158577185720e-01
1.311870272304097806e+00
-6.851135732630770914e-01
-1.885493653669063630e-01
1.422250929882334924e-01
9.895898432698964353e-02
2.264470776562758081e-01
1.374838764413978565e+00
-5.234394591633030613e-02
-3.770987307338126149e-01
2.844501860083209488e-01
1.979179686722470355e-01
-3.164574555290934343e-01
-3.262511191902240926e-01
-2.292897634958725173e-01
-4.022719939844474624e-01
2.905131000930371576e-01
2.482603218263861600e-01
-6.418000356791138117e-01
-1.519340575716553177e-01
-9.068928432551045526e-01
-4.214862911759182373e-01
2.944729799790586910e-01
2.691447794720738251e-01
-2.758142009816777485e+00
7.448844009256099241e-01
3.399534867747369127e-01
-4.462394397883064912e-01
1.865728433262432984e-01
3.047391470722594642e-01
-2.758142009816777040e+00
7.448844009256103682e-01
3.399534867747373568e-01
-4.462394397826411896e-01
1.865728436731038942e-01
3.047391463582048154e-01
-4.456749408509571353e+00
-1.617247491288597239e+00
-1.599574703974765644e+00
-4.490132274202285334e-01
1.420193404857940100e-01
3.798573913968212867e-01
-4.456749408509571353e+00
-1.617247491288597239e+00
-1.599574703974765644e+00
-4.103186649435990319e-01
2.028804244258471667e-01
2.105127505517859210e-01
-4.002916375636888624e+00
-1.415256487004092456e+00
-2.191482920723715755e-01
-4.953866228564221541e-01
-2.168830133545660011e-02
3.623222237419741476e-01
-4.002916375636888624e+00
-1.415256487004092456e+00
-2.191482920723715755e-01
-5.389922754000512350e-01
1.129116264402936776e-01
2.895694765180886199e-01
-2.185369328058404559e+00
1.385479354666303342e+00
8.513922028231823980e-01
-4.944886149888283455e-01
3.219450847603977373e-02
2.515434473888930600e-01
-2.185369328058404559e+00
1.385479354666303342e+00
8.513922028231823980e-01
-5.410863542137582805e-01
-1.580863725252305840e-02
2.100515208996379946e-01
0.000000000000000000e+00
0.000000000000000000e+00
0.000000000000000000e+00
0.000000000000000000e+00
0.000000000000000000e+00
0.000000000000000000e+00
-1.040397234061160442e-01
-1.867405074829072223e-10
5.602216160450207082e-10
0.000000000000000000e+00
-0.000000000000000000e+00
0.000000000000000000e+00
-1.040397325821768582e-01
6.190514348606469541e-01
-1.082175861158626518e+00
0.000000000000000000e+00
0.000000000000000000e+00
0.000000000000000000e+00
6.313780544411198292e-01
1.314589149415144931e+00
-6.842981904641490809e-01
-1.882965152297118028e-01
1.422035704807846634e-01
9.944931069139474611e-02
2.332578864873729452e-01
1.376254533678850311e+00
-5.623064760567079989e-02
-3.765930304594236055e-01
2.844071409947984685e-01
1.988986214017979537e-01
-3.106484375834343559e-01
-3.287783896990885690e-01
-2.335978278765561966e-01
-4.025218146840052746e-01
2.908050315475655401e-01
2.479294006869318112e-01
-6.350332496936317295e-01
-1.549734791559681524e-01
-9.096425520644004781e-01
-4.221346038725377059e-01
2.949560935154737495e-01
2.681688990234459280e-01
-2.758053161314259150e+00
7.445321045306051433e-01
3.402953126746826040e-01
-4.468395091710595235e-01
1.871624689917914253e-01
3.037802380541947955e-01
-2.758053161314258261e+00
7.445321045306052543e-01
3.402953126746823820e-01
-4.468395091654843165e-01
1.871624693387738958e-01
3.037802373402165856e-01
-4.442819525194632746e+00
-1.599287661021614460e+00
-1.584450273168149348e+00
-4.495620327457926502e-01
1.427336962616092553e-01
3.789202178249810871e-01
-4.442819525194632746e+00
-1.599287661021614460e+00
-1.584450273168149348e+00
-4.109460523609749227e-01
2.024504735410105338e-01
2.103645103851294884e-01
-2.270949442263839657e+00
1.589993495916873112e+00
5.592131113171122658e-01
-4.959253329961944567e-01
-2.099546954313033509e-02
3.613742034881672893e-01
-2.270949442263839657e+00
1.589993495916873112e+00
5.592131113171122658e-01
-5.502538473561522370e-01
-8.875798513836982706e-02
3.334146474531758386e-01
-2.185435632081160762e+00
1.385163206824109317e+00
8.518624695457934770e-01
-4.950413280835213592e-01
3.290629706198570925e-02
2.506072849310391759e-01
-2.185435632081160762e+00
1.385163206824109317e+00
8.518624695457934770e-01
-5.416013475952287104e-01
-1.504346513540896768e-02
2.091267871244821275e-01
