-2.221441471072811424e+00
nan
-2.221441467085554233e+00
2.610459999999999864e-02
2.799937000000000120e-01
-1.333499999999999686e-01
1.421977500908085723e+00
-1.055839981849974629e+00
-1.421977506669869218e+00
8.860460000000003333e-02
2.799937001121810543e-01
-1.333500001121810108e-01
-6.707328717472807456e-02
3.100881971083204292e+00
4.582053493742617167e-01
2.073546000000000833e-01
2.799937003253250012e-01
-1.333500007516129071e-01
-9.813772552158173124e-01
-9.787233460523974138e-01
-1.256705521251575419e+00
2.162189123997605988e-01
8.393823075577727666e-02
-1.925840856820277835e-01
-1.587108169435512695e+00
9.351038798096183990e-01
-1.460629003705627982e+00
2.250832247995211144e-01
-1.121172389201890440e-01
-2.518181702602139138e-01
-6.894502136968129469e-02
-6.685325440308538258e-01
-2.936085464228473718e+00
2.104478604482199477e-01
-2.027285613474389681e-01
-4.380401999943182578e-01
7.277869460545471902e-01
1.008863083346882572e+00
-1.402655036939094435e+00
2.088126954676858549e-01
-2.477416863486950616e-01
-5.315025309790938346e-01
-1.473171327248590901e+00
-8.550306598772821065e-01
1.790704981714475119e+00
3.110347701050797942e-01
-2.397637273166449146e-01
-5.473474710708079449e-01
-1.473171327395240926e+00
-8.550306541098682267e-01
1.790704984984220927e+00
3.110347701481394056e-01
-2.397637275515283606e-01
-5.473474709112774450e-01
6.853744590991839303e-01
-1.189815154454370916e+00
1.881928425184240750e+00
4.218314594054508593e-01
-2.510927875595688752e-01
-5.889011354201146853e-01
6.853744590991839303e-01
-1.189815154454370916e+00
1.881928425184240750e+00
4.654399875011907550e-01
-2.503425234989320458e-01
-5.904741916086806430e-01
1.117353470982297182e-02
-2.743605006973451221e+00
-1.132132250128259798e+00
4.229535040821691960e-01
-1.971729605928077000e-01
-5.549719836479588553e-01
1.117353470982297182e-02
-2.743605006973451221e+00
-1.132132250128259798e+00
4.450556575664253445e-01
-2.210208313835646532e-01
-5.840840944391012535e-01
-8.716869912727782665e-01
2.279971509555174247e+00
1.566765909230007248e+00
4.296539125925517566e-01
-2.336441782429518332e-01
-5.302392434457530168e-01
-8.716869912727782665e-01
2.279971509555174247e+00
1.566765909230007248e+00
4.705979716384958711e-01
-2.342618542758983513e-01
-5.453370455960849794e-01
-2.221441471072811424e+00
nan
-2.221441467085554233e+00
2.610459999999999864e-02
2.799937000000000120e-01
1.333500000000000241e-01
1.422221079353984452e+00
-1.055643988376268494e+00
-1.422221085117431505e+00
8.860460000000003333e-02
2.799937001121810543e-01
1.333499998878189818e-01
-6.701533138435267212e-02
3.100802895722876151e+00
4.587349463052671217e-01
2.073546000000000833e-01
2.799937003253250012e-01
1.333499992483870855e-01
-9.813349646505831192e-01
-9.781487398866814953e-01
-1.256429562857642512e+00
2.162114858451049115e-01
8.395817227127239102e-02
7.404884147136248096e-02
-1.587965586258601958e+00
9.348660676612273734e-01
-1.460623515046694409e+00
2.250683716902097398e-01
-1.120773558893191357e-01
1.474768404653021420e-02
-6.951172875420533193e-02
-6.693832295593202808e-01
-2.935934110471491554e+00
2.103633807093376051e-01
-2.028010559073953334e-01
-1.714141366774909747e-01
7.273502716018510617e-01
1.008466068436850938e+00
-1.402871757259178009e+00
2.086931977802891913e-01
-2.478696884862706673e-01
-2.648490945169091892e-01
-1.473117206744292362e+00
-8.549426332367404680e-01
1.790705953675207240e+00
3.109146726363292146e-01
-2.398977120590547740e-01
-2.807009136585691400e-01
-1.473117206890691255e+00
-8.549426274694288397e-01
1.790705956944945054e+00
3.109146726793859949e-01
-2.398977122939399131e-01
-2.807009134990403609e-01
6.858832187319442442e-01
-1.189205532548050392e+00
1.880987342207623092e+00
4.217079270902828747e-01
-2.512333786010351178e-01
-3.222619340781417985e-01
6.858832187319442442e-01
-1.189205532548050392e+00
1.880987342207623092e+00
4.653152005695607163e-01
-2.505044334684790042e-01
-3.238791734875052231e-01
-1.042192373993599652e+00
2.585189952296816696e+00
1.165608343035357652e+00
4.228353556773692956e-01
-1.973134468838342037e-01
-2.883331272504118803e-01
-1.042192373993599652e+00
2.585189952296816696e+00
1.165608343035357652e+00
4.642973793403705196e-01
-2.007935154633191943e-01
-3.015062377813689243e-01
-8.712701945969631989e-01
2.280265431499230111e+00
1.566915595674002848e+00
4.295353126957511258e-01
-2.337849277650184410e-01
-2.636006529042156932e-01
-8.712701945969631989e-01
2.280265431499230111e+00
1.566915595674002848e+00
4.704740890695069955e-01
-2.344105644321648196e-01
-2.787124460602356524e-01
0.000000000000000000e+00
0.000000000000000000e+00
0.000000000000000000e+00
0.000000000000000000e+00
0.000000000000000000e+00
0.000000000000000000e+00
3.642454792669959363e-02
6.537828381296428154e-11
-1.961348842071737441e-10
0.000000000000000000e+00
-0.000000000000000000e+00
0.000000000000000000e+00
3.642454199165037765e-02
2.298320618618351352e-01
-7.607078410142329439e-01
-0.000000000000000000e+00
0.000000000000000000e+00
0.000000000000000000e+00
-5.036277469533917417e-03
1.146837246926448284e+00
-4.836537869726529326e-01
-1.627548248473386083e-01
-4.585577533812571806e-03
-9.178533879853057603e-03
-1.453528975619954089e+00
1.061233253620755601e+00
-4.170833516883218905e-01
-3.255096496946772167e-01
-9.171155080454917313e-03
-1.835706776358236869e-02
-1.445343224588016229e+00
1.286572126955384920e+00
5.079565832819706028e-02
-5.609271342641304336e-01
-2.737461043809156780e-01
1.288806502321243053e-01
-1.353886340007975697e+00
6.860104825878021728e-01
3.384367765828864005e-01
-6.788866929115732196e-01
-4.089143105056249894e-01
1.960438231571520196e-01
-2.673525412243291211e+00
5.830187729150244635e-01
5.429875255877063545e-01
-6.924565226489819425e-01
-3.957708490181465755e-01
1.151171586493911908e-01
-2.673525412243290766e+00
5.830187729150239084e-01
5.429875255877067985e-01
-6.924565224284339182e-01
-3.957708485682570609e-01
1.151171592522534787e-01
-2.750607304511482276e+00
2.877227630250764001e+00
-4.996741563778652750e-01
-7.105315506594981345e-01
-4.467044064613278076e-01
8.080913926673391479e-02
-2.750607304511482276e+00
2.877227630250764001e+00
-4.996741563778652750e-01
-7.146827038276174493e-01
-4.728213207911233784e-01
-4.672620449039560642e-02
-2.872292163866160930e+00
1.438420408527686156e+00
-3.086402079729955727e-01
-7.200280116520473284e-01
-3.553847007199996688e-01
-6.400106146323907008e-02
-2.872292163866160930e+00
1.438420408527686156e+00
-3.086402079729955727e-01
-7.692638777499178904e-01
-4.458248016670331992e-01
-2.729519771022045904e-02
-2.541232656107821786e+00
-3.256765031332081728e-01
9.389313624657537050e-01
-6.858049435815086747e-01
-2.856228530375115593e-01
2.959920179212455205e-02
-2.541232656107821786e+00
-3.256765031332081728e-01
9.389313624657537050e-01
-6.803079887730145714e-01
-2.855462197525033829e-01
4.450337827210609776e-02
0.000000000000000000e+00
0.000000000000000000e+00
0.000000000000000000e+00
0.000000000000000000e+00
0.000000000000000000e+00
0.000000000000000000e+00
3.758151160348530834e-02
6.745491355657578681e-11
-2.023647744788368551e-10
0.000000000000000000e+00
-0.000000000000000000e+00
0.000000000000000000e+00
3.758150566575571561e-02
2.301941790449902048e-01
-7.609672253802767239e-01
-0.000000000000000000e+00
0.000000000000000000e+00
0.000000000000000000e+00
-3.914287671895312626e-03
1.148649029390066190e+00
-4.831327115094221081e-01
-1.628273931901493277e-01
-4.511173050076080701e-03
-9.406113874261823327e-03
-1.457044107497173391e+00
1.062580571054679845e+00
-4.156421195372292932e-01
-3.256547863802986553e-01
-9.022346113388078973e-03
-1.881222775252754109e-02
-1.448717035052017099e+00
1.287280370077447555e+00
5.019886668472137159e-02
-5.611753111215808110e-01
-2.741563164212027504e-01
1.290014424829605544e-01
-1.357076047906536687e+00
6.858234405954600765e-01
3.386753095833391347e-01
-6.791899039487880874e-01
-4.096009728027292240e-01
1.964431319454800762e-01
-2.673531306680597908e+00
5.831566566968257037e-01
5.428223402278988807e-01
-6.927613646766970223e-01
-3.964932072326875501e-01
1.155186700931182947e-01
-2.673531306680597908e+00
5.831566566968253706e-01
5.428223402278992138e-01
-6.927613644561659845e-01
-3.964932067828104145e-01
1.155186706959823034e-01
-2.750930657575383353e+00
2.888689662201269659e+00
-5.049925902434053704e-01
-7.108446973531228341e-01
-4.474668427978465424e-01
8.121510562326630933e-02
-2.750930657575383353e+00
2.888689662201269659e+00
-5.049925902434053704e-01
-7.151482882256204876e-01
-4.739371062574565530e-01
-4.675805198594587542e-02
-2.511042521596149601e+00
-1.161003641590950819e-01
1.238981096192000253e+00
-7.203278313174107383e-01
-3.561451221215101159e-01
-6.359898736225993998e-02
-2.511042521596149601e+00
-1.161003641590950819e-01
1.238981096192000253e+00
-7.144866892042249784e-01
-3.378526992781054616e-01
-5.004663113505497529e-02
-2.541264537577003768e+00
-3.255442781420261888e-01
9.387618719924041288e-01
-6.861073896623416379e-01
-2.863851913171355790e-01
3.000153403973676580e-02
-2.541264537577003768e+00
-3.255442781420261888e-01
9.387618719924041288e-01
-6.806005080190961065e-01
-2.863564930180225732e-01
4.491882671797597926e-02
