-2.221441471072811424e+00
nan
-2.221441467085554233e+00
2.610459999999999864e-02
2.799937000000000120e-01
-1.333499999999999686e-01
1.553270656141006789e+00
-9.426119826964054482e-01
-1.553270662812995750e+00
8.860460000000003333e-02
2.799937001121810543e-01
-1.333500001121810108e-01
-6.084627312913567510e-01
-2.896969476955896905e+00
-7.087911496506010822e-01
2.073546000000000833e-01
2.799937003253250012e-01
-1.333500007516129071e-01
-1.188525635718550522e+00
-2.402823446964973964e-01
-1.166248816155084356e+00
1.248789310310181450e-01
1.135166770449723139e-01
-2.199996675013000114e-01
-2.633844136553110893e+00
6.277832032315897592e-01
-1.360196990024778119e+00
4.240326206203617887e-02
-5.296034640526287030e-02
-3.066493339245978667e-01
-7.456387748131386717e-01
-1.628182753185277276e+00
-2.381046395583535258e+00
-3.080670003443239380e-02
-2.402201081829202500e-01
-3.583922858002754896e-01
-7.236312185988816315e-02
6.753522749833540395e-01
-1.707017741299938329e+00
-6.287674341535753886e-02
-3.344464059218041352e-01
-3.876665002554712802e-01
1.491104697684037861e+00
-3.277727544231778811e-01
-2.525116726297915282e+00
2.822459136939602098e-02
-3.440479012061845032e-01
-4.363740005889956697e-01
1.491104697056666373e+00
-3.277727615118753435e-01
-2.525116724278234415e+00
2.822459150602990574e-02
-3.440479011276249000e-01
-4.363740003489250951e-01
-1.792044645030315131e-01
3.713083316517347132e-01
-3.535514810700836619e-01
1.318174077457559268e-01
-3.838762080781841224e-01
-4.789556322356248175e-01
-1.792044645030315131e-01
3.713083316517347132e-01
-3.535514810700836619e-01
9.941544122894729885e-02
-4.080902517993330036e-01
-4.625686319877482799e-01
-1.414045338341678226e+00
-2.411920677773401245e+00
9.724127588170534686e-01
1.169536610252491088e-01
-3.346690100135650270e-01
-5.166055293990696740e-01
-1.414045338341678226e+00
-2.411920677773401245e+00
9.724127588170534686e-01
1.043174973030167318e-01
-3.671343938881428959e-01
-4.903173696903483370e-01
1.438657134661773362e+00
-2.235659386691969175e+00
-2.552050696530994145e-01
1.381793461813514701e-01
-3.225065418493989200e-01
-4.793456543749949894e-01
1.438657134661773362e+00
-2.235659386691969175e+00
-2.552050696530994145e-01
1.757829396943909050e-01
-3.161095030030363628e-01
-5.005538785702035032e-01
-2.221441471072811424e+00
nan
-2.221441467085554233e+00
2.610459999999999864e-02
2.799937000000000120e-01
1.333500000000000241e-01
1.553365525310192785e+00
-9.425244011653997056e-01
-1.553365531982849657e+00
8.860460000000003333e-02
2.799937001121810543e-01
1.333499998878189818e-01
-6.097837747375391970e-01
-2.896412315186416286e+00
-7.088644907705555775e-01
2.073546000000000833e-01
2.799937003253250012e-01
1.333499992483870855e-01
-1.188850946836512934e+00
-2.381973856793124511e-01
-1.165038038714616864e+00
1.247004968751586618e-01
1.135981552126434924e-01
4.671385319328102970e-02
-2.636376646677851099e+00
6.256915943020020521e-01
-1.357752433328579533e+00
4.204639375031724025e-02
-5.279739006996500561e-02
-3.992229253545896694e-02
-7.453362437943277241e-01
-1.630330131229356549e+00
-2.379463898597518057e+00
-3.102620789545663949e-02
-2.402036949632307683e-01
-9.132775698205627957e-02
-7.380959079415246038e-02
6.738960693036605276e-01
-1.706932432914623599e+00
-6.303428169967126293e-02
-3.345003999813273565e-01
-1.204426523807011484e-01
1.491248444879521351e+00
-3.279975780040236821e-01
-2.525132436790729518e+00
2.807058843331783349e-02
-3.441192922298829115e-01
-1.691401066258861607e-01
1.491248444251477956e+00
-3.279975850929374159e-01
-2.525132434771022449e+00
2.807058856993915885e-02
-3.441192921513285818e-01
-1.691401063858066767e-01
-1.809282154344852567e-01
3.705053020330161817e-01
-3.625371898170615115e-01
1.316616061910055313e-01
-3.839665322186601726e-01
-2.117083987218681129e-01
-1.809282154344852567e-01
3.705053020330161817e-01
-3.625371898170615115e-01
9.904142885325346868e-02
-4.078515490695379109e-01
-1.952715156506499850e-01
1.423420371156791209e+00
-1.998443764330657846e+00
1.335853950815155122e-01
1.168094010758650297e-01
-3.347595191476588350e-01
-2.493630920841583554e-01
1.423420371156791209e+00
-1.998443764330657846e+00
1.335853950815155122e-01
1.526017981410268676e-01
-3.294273271085802479e-01
-2.737600829846400519e-01
1.438149682737068558e+00
-2.236051690421881233e+00
-2.550117720589781811e-01
1.380331294738166292e-01
-3.225978821361599747e-01
-2.121018311407801005e-01
1.438149682737068558e+00
-2.236051690421881233e+00
-2.550117720589781811e-01
1.756421972679397814e-01
-3.162211295371422648e-01
-2.333064573001344122e-01
0.000000000000000000e+00
0.000000000000000000e+00
0.000000000000000000e+00
0.000000000000000000e+00
0.000000000000000000e+00
0.000000000000000000e+00
4.430041424881115408e-01
7.951464659545310231e-10
-2.385439796399333586e-09
0.000000000000000000e+00
-0.000000000000000000e+00
0.000000000000000000e+00
4.430041328046881444e-01
6.041589981411619181e-01
-1.160749886838094103e+00
0.000000000000000000e+00
0.000000000000000000e+00
0.000000000000000000e+00
8.375107551610359025e-01
1.400470068330732065e+00
-7.462777442500108105e-01
-2.455883617865685653e-01
1.341197838989023061e-01
-2.392159179489623810e-02
-9.402078831758597932e-01
1.597324605874597125e+00
5.675966231333238188e-01
-4.911767235731370751e-01
2.682395676532128292e-01
-4.784318366505108111e-02
-1.349916455711998919e+00
3.935431989269120856e-01
1.936059654315974710e-01
-4.675390053509931310e-01
1.780367091352372810e-01
2.451599944117716645e-01
-1.544417887802318035e+00
5.844565926932119293e-01
-2.078187432284939185e-01
-4.608169000109815228e-01
1.323100136039291885e-01
3.849785717521633233e-01
-2.729662436503446088e+00
7.093737527941074150e-01
4.258744859394035798e-01
-4.912796903776309176e-01
3.815271391729094241e-02
3.465625171009093508e-01
-2.729662436503445200e+00
7.093737527941075260e-01
4.258744859394033577e-01
-4.912796902407876032e-01
3.815271463079153436e-02
3.465625167895436398e-01
-5.231683255268285926e+00
1.598045921740909314e-02
-5.545947619407493256e+00
-5.045241225039467370e-01
-3.396322905224167382e-02
3.817943253635291967e-01
-5.231683255268285926e+00
1.598045921740909314e-02
-5.545947619407493256e+00
-6.385520688463245387e-01
2.314679748166673656e-01
5.089923307462835833e-01
-4.278519708601933758e+00
-7.936162778879826130e-01
-2.174793006037337051e+00
-5.521880615273799808e-01
-1.430648295712438345e-01
2.580192369926608276e-01
-4.278519708601933758e+00
-7.936162778879826130e-01
-2.174793006037337051e+00
-6.436562627766895250e-01
-3.109379668350655858e-03
3.868947565273483935e-01
-2.252604755724922914e+00
8.024497012675543273e-01
1.299804023731774061e+00
-5.309365690300812402e-01
-3.231847057464763001e-02
2.097628605749570496e-01
-2.252604755724922914e+00
8.024497012675543273e-01
1.299804023731774061e+00
-5.562699990324120325e-01
-3.121491510223206589e-02
1.651778680659586607e-01
0.000000000000000000e+00
0.000000000000000000e+00
0.000000000000000000e+00
0.000000000000000000e+00
0.000000000000000000e+00
0.000000000000000000e+00
4.375707182861827693e-01
7.853940333295665501e-10
-2.356182493636418479e-09
0.000000000000000000e+00
-0.000000000000000000e+00
0.000000000000000000e+00
4.375707085843411059e-01
6.054769816247178582e-01
-1.162894199126665917e+00
0.000000000000000000e+00
0.000000000000000000e+00
0.000000000000000000e+00
8.346627234899712811e-01
1.404884873665997569e+00
-7.466714059385126667e-01
-2.459566063851005291e-01
1.340274168762445317e-01
-2.276465970130656102e-02
-9.341290835666185011e-01
1.599904184860444056e+00
5.662627513868987439e-01
-4.919132127702009472e-01
2.680548336096808537e-01
-4.552931947696808868e-02
-1.344052771394582235e+00
3.922572234255452539e-01
1.933916637500538993e-01
-4.680358206268943055e-01
1.786572017569296733e-01
2.464415215392983249e-01
-1.539684365124714738e+00
5.833184691873943839e-01
-2.103417301469252543e-01
-4.612201519866943600e-01
1.333351512610861100e-01
3.857366674098896553e-01
-2.729756176578006510e+00
7.089667751796995265e-01
4.257764847313832979e-01
-4.916495308879768045e-01
3.919328632981478044e-02
3.474035720333184529e-01
-2.729756176578005622e+00
7.089667751796995265e-01
4.257764847313835199e-01
-4.916495307512148694e-01
3.919328704334341940e-02
3.474035717220245179e-01
-5.223627119710583244e+00
1.768472962159550743e-02
-5.528016293698589934e+00
-5.048630178915030076e-01
-3.290115255495398849e-02
3.827342317150184137e-01
-5.223627119710583244e+00
1.768472962159550743e-02
-5.528016293698589934e+00
-6.366090983854841845e-01
2.332838674458034833e-01
5.080775325084341265e-01
-2.271464701138627973e+00
1.153676329386420729e+00
1.195323322771056684e+00
-5.525101334644484385e-01
-1.420130040222504497e-01
2.589408038182867688e-01
-2.271464701138627973e+00
1.153676329386420729e+00
1.195323322771056684e+00
-5.870300578803948621e-01
-1.546464206768245475e-01
2.055360765557501801e-01
-2.252774282706778042e+00
8.020264650548875052e-01
1.299749119909025641e+00
-5.312712765096274659e-01
-3.126228234480545043e-02
2.106955817892625094e-01
-2.252774282706778042e+00
8.020264650548875052e-01
1.299749119909025641e+00
-5.565661264494755622e-01
-3.014916606499982304e-02
1.661667298300817108e-01
