-2.221441471072811424e+00
nan
-2.221441467085554233e+00
2.610459999999999864e-02
2.799937000000000120e-01
-1.333499999999999686e-01
1.433611956748124472e+00
-1.046422442351828241e+00
-1.433611962589459665e+00
8.860460000000003333e-02
2.799937001121810543e-01
-1.333500001121810108e-01
-8.330126293836424833e-02
-3.094695448463273824e+00
-4.831520161508147670e-01
2.073546000000000833e-01
2.799937003253250012e-01
-1.333500007516129071e-01
-1.075519369467959230e+00
-8.363813202507615063e-01
-1.226642487324414832e+00
1.963264419290723373e-01
8.503209002090161839e-02
-1.957467173084063983e-01
-1.825491368965041827e+00
9.305235900017169159e-01
-1.516349805073158530e+00
1.852982838581445912e-01
-1.099295203956798250e-01
-2.581434335147564929e-01
-3.057830247925333311e-01
-9.032988082261109719e-01
-2.829743168997720382e+00
1.438095057427994372e-01
-2.313787795500798494e-01
-4.213365974075589104e-01
5.301361055914565190e-01
9.540574590689580026e-01
-1.476602280649949250e+00
1.286551810806611795e-01
-2.921468068087125225e-01
-5.040508997205723762e-01
-1.578798289485067174e+00
-6.082975075583957336e-01
2.092514775374801239e+00
2.288118021444260908e-01
-2.840044261092360967e-01
-5.298659223553524589e-01
-1.578798289747893824e+00
-6.082975010759092971e-01
2.092514777942274140e+00
2.288118022150984754e-01
-2.840044262788727902e-01
-5.298659221346645465e-01
7.092706681414341352e-01
-6.323406932982787998e-01
1.680770309183811761e+00
3.374549434596615383e-01
-3.018092204924153199e-01
-5.747058390468013922e-01
7.092706681414341352e-01
-6.323406932982787998e-01
1.680770309183811761e+00
3.768675701890931151e-01
-3.103775463562807313e-01
-5.913782645088363488e-01
-2.124520192685792896e-01
-2.764629106082558962e+00
-6.131703177598138987e-01
3.364256887894524484e-01
-2.399498589994061848e-01
-5.594692352631142063e-01
-2.124520192685792896e-01
-2.764629106082558962e+00
-6.131703177598138987e-01
3.521960191340648971e-01
-2.742441293242823264e-01
-5.813767871189495784e-01
-1.128503456624385892e+00
2.522441709803004528e+00
1.269906541005165534e+00
3.474112764711073109e-01
-2.663012553740413124e-01
-5.252395054745876424e-01
-1.128503456624385892e+00
2.522441709803004528e+00
1.269906541005165534e+00
3.887726607578224081e-01
-2.658351373375328897e-01
-5.391592665527356054e-01
-2.221441471072811424e+00
nan
-2.221441467085554233e+00
2.610459999999999864e-02
2.799937000000000120e-01
1.333500000000000241e-01
1.433961849820901469e+00
-1.046137442638582993e+00
-1.433961855664632301e+00
8.860460000000003333e-02
2.799937001121810543e-01
1.333499998878189818e-01
-8.346199503539328268e-02
-3.094543145389340832e+00
-4.839077841202774621e-01
2.073546000000000833e-01
2.799937003253250012e-01
1.333499992483870855e-01
-1.075418158441166838e+00
-8.355048977702478341e-01
-1.226235649133756933e+00
1.963046506703811644e-01
8.506392014483127317e-02
7.085776438198744531e-02
-1.826951932961081715e+00
9.298404240270030652e-01
-1.516257740062101345e+00
1.852547013407622456e-01
-1.098658601479928498e-01
8.365529865975995794e-03
-3.064711246114514287e-01
-9.048192189790296158e-01
-2.829288117713946615e+00
1.436961159222167606e-01
-2.314956398401085136e-01
-1.546753566320336615e-01
5.293392132810287309e-01
9.532806873724013474e-01
-1.476855573545748257e+00
1.285060846349655450e-01
-2.923527635383790235e-01
-2.373175731116618503e-01
-1.578741662826509851e+00
-6.081793679625329130e-01
2.092495589666421019e+00
2.286619953049810472e-01
-2.842199852970415663e-01
-2.631383782102079127e-01
-1.578741663088969016e+00
-6.081793614801673797e-01
2.092495592233855728e+00
2.286619953756503232e-01
-2.842199854666812575e-01
-2.631383779895213326e-01
7.099157661508144201e-01
-6.309189026222731256e-01
1.677813961364564399e+00
3.373009705227122401e-01
-3.020354622980059300e-01
-3.079841453419549513e-01
7.099157661508144201e-01
-6.309189026222731256e-01
1.677813961364564399e+00
3.766561312370369508e-01
-3.106962614887300300e-01
-3.247443066519670740e-01
1.290388774240715852e+00
-2.694960322381493967e+00
-8.049051144123975376e-01
3.362782541060606589e-01
-2.401757653122285896e-01
-2.927484633972923245e-01
1.290388774240715852e+00
-2.694960322381493967e+00
-8.049051144123975376e-01
3.780276411987297802e-01
-2.406630664081727544e-01
-3.054564270279597205e-01
-1.128018929843733975e+00
2.522786904333166103e+00
1.269988918610814865e+00
3.472633550980669948e-01
-2.665276279125329828e-01
-2.585189363381859007e-01
-1.128018929843733975e+00
2.522786904333166103e+00
1.269988918610814865e+00
3.886210114033423757e-01
-2.660745958137874512e-01
-2.724502015880553851e-01
0.000000000000000000e+00
0.000000000000000000e+00
0.000000000000000000e+00
0.000000000000000000e+00
0.000000000000000000e+00
0.000000000000000000e+00
2.602832599195265550e-01
4.671814423895375756e-10
-1.401544561324846949e-09
0.000000000000000000e+00
-0.000000000000000000e+00
0.000000000000000000e+00
2.602832536612413872e-01
2.553558976638209410e-01
-7.978720625677164779e-01
0.000000000000000000e+00
0.000000000000000000e+00
0.000000000000000000e+00
3.113570057279240744e-01
1.158264696113785686e+00
-5.088995621009917425e-01
-1.714877917027485543e-01
2.503987962955444430e-02
-4.792913706528997841e-02
-1.580852214130777034e+00
1.153141787983886779e+00
-1.584588110446598641e-01
-3.429755834054971086e-01
5.007975916789433185e-02
-9.585827415977279942e-02
-1.571442405215790705e+00
1.190874615898881883e+00
-1.070988331733616628e-01
-5.504051454114516906e-01
-2.013302528511957956e-01
1.439774998561987873e-01
-1.446107253609031584e+00
7.059278930098074056e-01
2.262157863973629501e-01
-6.554156932214522113e-01
-3.296880045348584143e-01
2.575178553329541820e-01
-2.677070454622321627e+00
6.058549201539610296e-01
5.434922921333722456e-01
-6.754811728111016489e-01
-3.443622872222528164e-01
1.750397470632699126e-01
-2.677070454622321627e+00
6.058549201539608076e-01
5.434922921333724677e-01
-6.754811725852005733e-01
-3.443622865930461296e-01
1.750397474745822302e-01
-3.182586592747646659e+00
3.533908503309770577e+00
-2.156309017968323527e+00
-6.929708884476322162e-01
-4.053551934866700956e-01
1.568824543502871371e-01
-3.182586592747646659e+00
3.533908503309770577e+00
-2.156309017968323527e+00
-7.703656728878602866e-01
-5.434024336692198087e-01
4.487127663000617384e-02
-3.104721933586783056e+00
1.324341882305733353e+00
-8.890817995355658754e-01
-7.173598032465912100e-01
-3.651251236484750473e-01
-8.095835638411569279e-03
-3.104721933586783056e+00
1.324341882305733353e+00
-8.890817995355658754e-01
-7.768633032822588325e-01
-4.471630940885354955e-01
7.749302866241844501e-02
-2.451084022496336168e+00
-1.222723443750966532e-01
1.190609606956891220e+00
-6.822997722221064709e-01
-2.675191431323704627e-01
5.579303668645238523e-02
-2.451084022496336168e+00
-1.222723443750966532e-01
1.190609606956891220e+00
-6.811527350141827197e-01
-2.523923856191864212e-01
5.970789563790510068e-02
0.000000000000000000e+00
0.000000000000000000e+00
0.000000000000000000e+00
0.000000000000000000e+00
0.000000000000000000e+00
0.000000000000000000e+00
2.616203986140311355e-01
4.695814675934891090e-10
-1.408744638139619132e-09
0.000000000000000000e+00
-0.000000000000000000e+00
0.000000000000000000e+00
2.616203923484972660e-01
2.560433643559816286e-01
-7.986668546028805604e-01
0.000000000000000000e+00
0.000000000000000000e+00
0.000000000000000000e+00
3.129172254340895076e-01
1.160959767573285006e+00
-5.085611149755575600e-01
-1.716846764665029557e-01
2.517447127908992860e-02
-4.816833936890826950e-02
-1.585127174648603310e+00
1.155397080922811570e+00
-1.555952273999592350e-01
-3.433693529330058558e-01
5.034894246651114291e-02
-9.633667876720444778e-02
-1.576248953315177781e+00
1.190966659661095939e+00
-1.072927666929303636e-01
-5.506713304936752262e-01
-2.016252797516631945e-01
1.444786585491596997e-01
-1.450622917958636071e+00
7.055209486018048093e-01
2.270952442847193886e-01
-6.556249841759681507e-01
-3.302602064943620519e-01
2.584954569026560178e-01
-2.677106552787313465e+00
6.059290307196055769e-01
5.432902101197070177e-01
-6.756890183441865982e-01
-3.449715271302906117e-01
1.760357692951097508e-01
-2.677106552787312577e+00
6.059290307196053549e-01
5.432902101197074618e-01
-6.756890181183026201e-01
-3.449715265010953602e-01
1.760357697064328097e-01
-3.185453815616698492e+00
3.551062724276127902e+00
-2.172274329815694571e+00
-6.931833963109665930e-01
-4.060059325102337024e-01
1.579021905633720690e-01
-3.185453815616698492e+00
3.551062724276127902e+00
-2.172274329815694571e+00
-7.715134121495040853e-01
-5.448848576710616509e-01
4.573812217121961399e-02
-2.419278596719488306e+00
1.727636015953714077e-01
1.406940866393126432e+00
-7.175594220912292487e-01
-3.657740203568894399e-01
-7.083116023647140214e-03
-2.419278596719488306e+00
1.727636015953714077e-01
1.406940866393126432e+00
-7.190692918308843051e-01
-3.377792059289108639e-01
-1.311697339060034773e-02
-2.451150429241141460e+00
-1.222087269000642351e-01
1.190406301837868330e+00
-6.825020489691493442e-01
-2.681698313420116664e-01
5.680743642533514492e-02
-2.451150429241141460e+00
-1.222087269000642351e-01
1.190406301837868330e+00
-6.813388190441371783e-01
-2.530850434440570229e-01
6.075125312667320476e-02
