-2.221441471072811424e+00
nan
-2.221441467085554233e+00
2.610459999999999864e-02
2.799937000000000120e-01
-1.333499999999999686e-01
1.424431319742261559e+00
-1.053863252628762348e+00
-1.424431325520806535e+00
8.860460000000003333e-02
2.799937001121810543e-01
-1.333500001121810108e-01
-1.628506917425486922e+00
-2.466393345055779118e+00
-3.687885224745235391e-01
2.073546000000000833e-01
2.799937003253250012e-01
-1.333500007516129071e-01
-1.219706819593773695e+00
9.042347325286945736e-01
-8.835546958779911808e-01
1.883071261963872867e-02
2.029938456447571427e-01
-1.569034774836853274e-01
-2.830242920620816172e+00
9.816771106813824144e-01
-3.710052757711623794e-02
-1.696931747607225704e-01
1.259939908565587685e-01
-1.804569538638974291e-01
6.403832144619728828e-01
1.682841456003114189e+00
1.987408987606498201e+00
-2.977907169954497335e-01
-3.630093269076814511e-02
-1.992885088764186075e-01
1.295535229296055635e-01
1.480500454233661112e-01
-2.280121867444045769e+00
-3.614970499361816469e-01
-1.167901623344040490e-01
-2.143566724877766227e-01
-5.258036183349561188e-02
-1.605873001260956334e+00
-1.074276089928039690e+00
-2.830061223125733272e-01
-1.843095608697211119e-01
-2.210175734939847925e-01
-5.258036230106760689e-02
-1.605873002516445824e+00
-1.074276084262900888e+00
-2.830061222111592278e-01
-1.843095607292339899e-01
-2.210175737230107296e-01
8.235321888149245151e-01
2.597440366920431121e+00
1.192551203439089269e+00
-1.780517596053341478e-01
-2.393634442257208672e-01
-2.118190593255530607e-01
8.235321888149245151e-01
2.597440366920431121e+00
1.192551203439089269e+00
-1.724478460872456709e-01
-2.718691453809153891e-01
-2.403973145259842292e-01
4.105715265624331201e-01
-2.183731742154591260e-01
-1.822187751984903625e-01
-2.190946993653716535e-01
-2.856899007077117747e-01
-2.269561194772513057e-01
4.105715265624331201e-01
-2.183731742154591260e-01
-1.822187751984903625e-01
-2.474350568625897639e-01
-3.128006673078524980e-01
-2.461021790168162748e-01
5.301219697599778291e-01
-6.501129962398303208e-01
4.424298338366274841e-01
-2.033228353508388375e-01
-2.638808531329946416e-01
-2.624859291923456461e-01
5.301219697599778291e-01
-6.501129962398303208e-01
4.424298338366274841e-01
-2.014438157284647035e-01
-2.973558599403045566e-01
-2.904257632848968873e-01
-2.221441471072811424e+00
nan
-2.221441467085554233e+00
2.610459999999999864e-02
2.799937000000000120e-01
1.333500000000000241e-01
1.422773440916410115e+00
-1.055199350020696869e+00
-1.422773446683629706e+00
8.860460000000003333e-02
2.799937001121810543e-01
1.333499998878189818e-01
-1.628737586943886928e+00
-2.468255969181048393e+00
-3.661327219873380390e-01
2.073546000000000833e-01
2.799937003253250012e-01
1.333499992483870855e-01
-1.218092001725110229e+00
9.066025259292400662e-01
-8.790675457593826181e-01
1.887615067950446091e-02
2.028375445702198521e-01
1.099448337750275617e-01
-2.826693731599502879e+00
9.830524728300522597e-01
-3.132137382485750826e-02
-1.696022986409911615e-01
1.256813887083029213e-01
8.653966865377774043e-02
6.414670895807786932e-01
1.679944233900601214e+00
1.987339295159529007e+00
-2.979661558000910038e-01
-3.636607891202078835e-02
6.739316993786698129e-02
1.314020892220975623e-01
1.489263836991147616e-01
-2.279827343433784570e+00
-3.618202520734582484e-01
-1.167087993765044962e-01
5.216936760476438562e-02
-5.244219411354301974e-02
-1.605821063141854133e+00
-1.074041254378609977e+00
-2.833131996356674231e-01
-1.842093604258481510e-01
4.550757538691435622e-02
-5.244219458084350971e-02
-1.605821064397387810e+00
-1.074041248713547114e+00
-2.833131995342994536e-01
-1.842093602853470680e-01
4.550757515787653279e-02
8.490147301133746938e-01
2.595631916847476184e+00
1.197395120451624884e+00
-1.783449313668934721e-01
-2.392372028314065369e-01
5.470323760392373225e-02
8.490147301133746938e-01
2.595631916847476184e+00
1.197395120451624884e+00
-1.734767241141917105e-01
-2.716138145594587106e-01
2.584502047663573415e-02
3.187159129475670705e-01
-3.437939210741622897e-01
4.750196212306441734e-01
-2.193773528286107055e-01
-2.855743846351104231e-01
3.957049046936480380e-02
3.187159129475670705e-01
-3.437939210741622897e-01
4.750196212306441734e-01
-2.221167054689872911e-01
-3.254806505727966814e-01
2.211405868528238533e-02
5.300788903908341121e-01
-6.500804174219021458e-01
4.429437918005482699e-01
-2.036126534265557120e-01
-2.637631646871115843e-01
4.038834637657952309e-03
5.300788903908341121e-01
-6.500804174219021458e-01
4.429437918005482699e-01
-2.017151003438125423e-01
-2.972424374325394747e-01
-2.389463477352373605e-02
0.000000000000000000e+00
0.000000000000000000e+00
0.000000000000000000e+00
0.000000000000000000e+00
0.000000000000000000e+00
0.000000000000000000e+00
-7.835601328059237369e-01
-1.406409129639715237e-09
4.219228093826137664e-09
0.000000000000000000e+00
-0.000000000000000000e+00
0.000000000000000000e+00
-7.835601362097971423e-01
1.333052827264767370e-01
-4.357949733729985509e-01
0.000000000000000000e+00
0.000000000000000000e+00
0.000000000000000000e+00
6.160640185977923622e-01
7.049615230882262384e-01
-2.609311143177083236e-01
-3.669595249520327118e-02
6.370219704470174438e-02
8.546524672957381275e-02
6.765319504369236014e-01
8.151359248280862779e-01
-1.105097889213665141e+00
-7.339190499040652849e-02
1.274043943651071986e-01
1.709304935434826089e-01
-5.915903292640295463e-01
-7.870624858388769463e-01
-1.405040973483156819e+00
-2.680939594437330431e-01
2.817048665445437416e-01
1.655497009277072940e-01
-6.551832140517399594e-01
-9.994149950584303443e-01
-1.860056365517642751e-03
-3.693250387081542518e-01
3.623006947243842535e-01
1.630254860267823513e-01
-2.780785264308731186e+00
8.290685810489559771e-01
1.785228856449441182e-01
-3.627936242489916419e-01
3.577905866450946104e-01
2.857080726130719617e-01
-2.780785264308730742e+00
8.290685810489559771e-01
1.785228856449435630e-01
-3.627936244639499153e-01
3.577905860263273508e-01
2.857080721383281063e-01
-4.114866237720152142e+00
-1.538978979411927295e+00
2.610405848165886500e+00
-3.453390470369379628e-01
4.021064349897267576e-01
3.517867356278195912e-01
-4.114866237720152142e+00
-1.538978979411927295e+00
2.610405848165886500e+00
-2.165046406209525098e-01
2.991392261527561214e-01
4.941676529515309224e-01
-4.541023020854638048e+00
-1.848232002267573559e+00
6.575110041359487845e+00
-3.496183753252890547e-01
3.526864171336160925e-01
5.146380749895114182e-01
-4.541023020854638048e+00
-1.848232002267573559e+00
6.575110041359487845e+00
-1.359757416654062412e-01
7.940275085012130085e-02
5.853691345517051392e-01
-2.332577055552837564e+00
1.416575166149488307e+00
-4.952318279321452632e-01
-3.829684383569280648e-01
2.567012845100625773e-01
4.409158399461045041e-01
-2.332577055552837564e+00
1.416575166149488307e+00
-4.952318279321452632e-01
-4.391252022899980734e-01
1.905989182475159582e-01
5.163371002255479070e-01
0.000000000000000000e+00
0.000000000000000000e+00
0.000000000000000000e+00
0.000000000000000000e+00
0.000000000000000000e+00
0.000000000000000000e+00
-7.815238281382708152e-01
-1.402754174065266084e-09
4.208263225270888723e-09
0.000000000000000000e+00
-0.000000000000000000e+00
0.000000000000000000e+00
-7.815238315035620831e-01
1.307977758663008694e-01
-4.311805850763847925e-01
0.000000000000000000e+00
0.000000000000000000e+00
0.000000000000000000e+00
6.203734245374603606e-01
7.046830321353986237e-01
-2.570936436835623007e-01
-3.632957996842910153e-02
6.297655345458616494e-02
8.495193643966547636e-02
6.786200585930378670e-01
8.181389403762951984e-01
-1.100157838644979957e+00
-7.265915993685823082e-02
1.259531071843544847e-01
1.699038729628069011e-01
-5.930746465722832594e-01
-7.819371420703655762e-01
-1.403349488818954161e+00
-2.666014478432773283e-01
2.801668089170855080e-01
1.649546810702094135e-01
-6.580813864364820631e-01
-9.958885051384811504e-01
-1.572128663621163991e-03
-3.674463070496443162e-01
3.607475710931206669e-01
1.626740220648560942e-01
-2.781115631608535033e+00
8.295016770339449508e-01
1.785800001536379522e-01
-3.609180243231023821e-01
3.562401464468120116e-01
2.852791559605483696e-01
-2.781115631608535477e+00
8.295016770339450618e-01
1.785800001536375081e-01
-3.609180245381802821e-01
3.562401458279336741e-01
2.852791554857138090e-01
-4.087389096188539739e+00
-1.490617052187115821e+00
2.561207208252184397e+00
-3.434633349874165464e-01
4.005595797450935969e-01
3.512465940840408529e-01
-4.087389096188539739e+00
-1.490617052187115821e+00
2.561207208252184397e+00
-2.175235731050934596e-01
2.950733052304606030e-01
4.908390365772694053e-01
-2.535211057296140602e+00
1.203746897111761083e+00
-7.155516767156859803e-01
-3.477410801800391305e-01
3.511460903090548036e-01
5.141521171382661404e-01
-2.535211057296140602e+00
1.203746897111761083e+00
-7.155516767156859803e-01
-3.973092012779450011e-01
3.088504998040502159e-01
6.186204110398370037e-01
-2.333085727043909596e+00
1.417085833604728062e+00
-4.952256569633206595e-01
-3.811096959418975860e-01
2.551437068802013819e-01
4.404157478044942176e-01
-2.333085727043909596e+00
1.417085833604728062e+00
-4.952256569633206595e-01
-4.372736145679228525e-01
1.890328111181314164e-01
5.158367656065938611e-01
