-2.221441471072811424e+00
nan
-2.221441467085554233e+00
2.610459999999999864e-02
2.799937000000000120e-01
-1.333499999999999686e-01
1.480432641332371846e+00
-1.007344003265233878e+00
-1.480432647495963705e+00
8.860460000000003333e-02
2.799937001121810543e-01
-1.333500001121810108e-01
-3.049943694424683827e-01
-3.034823126830112905e+00
-5.771178586350360629e-01
2.073546000000000833e-01
2.799937003253250012e-01
-1.333500007516129071e-01
-1.149798967908405745e+00
-5.902760707689819197e-01
-1.197732289748316914e+00
1.665623208879484229e-01
9.311638864213742095e-02
-2.070918500836526066e-01
-2.199179344050271823e+00
8.395219866361450789e-01
-1.523896718065708589e+00
1.257700417758967626e-01
-9.376092317611006699e-02
-2.808336990734222605e-01
-5.804430661490012078e-01
-1.249357254046642440e+00
-2.644564735746244288e+00
5.789086070784967009e-02
-2.526144833994656835e-01
-3.959910400547770881e-01
2.500961057331841930e-01
8.441274871955833925e-01
-1.583147987150055558e+00
2.921013484421321194e-02
-3.324408054402226975e-01
-4.557341298089928605e-01
-1.671909938722182520e+00
-2.054328951017760363e-01
2.474815034574600059e+00
1.255349860026174769e-01
-3.292724023714607151e-01
-4.941469762448550962e-01
-1.671909939170880932e+00
-2.054328877175747026e-01
2.474815036049049954e+00
1.255349861085001406e-01
-3.292724024283372741e-01
-4.941469759840328435e-01
4.830934412644654619e-01
6.140614046867106518e-02
9.390341335801407618e-01
2.315732891081301315e-01
-3.570078108135389394e-01
-5.401642162731329355e-01
4.830934412644654619e-01
6.140614046867106518e-02
9.390341335801407618e-01
2.442853742217493407e-01
-3.941208246372925883e-01
-5.592892841577699059e-01
-6.621479178764211326e-01
-2.686775209319605118e+00
1.067560149344361775e-01
2.250601393872567746e-01
-2.946547647346386967e-01
-5.515427306645650507e-01
-6.621479178764211326e-01
-2.686775209319605118e+00
1.067560149344361775e-01
2.296079691041414961e-01
-3.379882009542067300e-01
-5.540470618888343468e-01
1.375995455700784964e+00
-2.552900127761283500e+00
-7.773593362189139544e-01
2.415111167859399777e-01
-3.035112045387579061e-01
-5.110744412810981352e-01
1.375995455700784964e+00
-2.552900127761283500e+00
-7.773593362189139544e-01
2.822546193556602634e-01
-2.997220396861769443e-01
-5.262517385596378050e-01
-2.221441471072811424e+00
nan
-2.221441467085554233e+00
2.610459999999999864e-02
2.799937000000000120e-01
1.333500000000000241e-01
1.480899018614590057e+00
-1.006945044554207414e+00
-1.480899024781409112e+00
8.860460000000003333e-02
2.799937001121810543e-01
1.333499998878189818e-01
-3.055575847482954188e-01
-3.034441130535162401e+00
-5.780850352322020047e-01
2.073546000000000833e-01
2.799937003253250012e-01
1.333499992483870855e-01
-1.149679757400096758e+00
-5.887777141581183038e-01
-1.197040166924081550e+00
1.664834614651746203e-01
9.318010680371771604e-02
5.949046154058106051e-02
-2.201641477628259125e+00
8.378163351108925960e-01
-1.523182258883641449e+00
1.256123229303491573e-01
-9.363348685317587905e-02
-1.436907582504427794e-02
-5.809251672801275523e-01
-1.251920117985585668e+00
-2.643335581311750726e+00
5.773685460564131899e-02
-2.527291620221331359e-01
-1.291938856103658495e-01
2.486289317875236549e-01
8.426820355549613506e-01
-1.583294754836701790e+00
2.905538752015471987e-02
-3.326743947224670706e-01
-1.887774044248300975e-01
-1.671872318367763066e+00
-2.052758850622876940e-01
2.474750992796519888e+00
1.253802478265562126e-01
-3.295195580010145675e-01
-2.271913445014901167e-01
-1.671872318815940117e+00
-2.052758776782203920e-01
2.474750994270871640e+00
1.253802479324343522e-01
-3.295195580578949568e-01
-2.271913442406668371e-01
4.825183561718205949e-01
6.325590571775283055e-02
9.312194316666041471e-01
2.314145799120465030e-01
-3.572700366705916508e-01
-2.732086492852223714e-01
4.825183561718205949e-01
6.325590571775283055e-02
9.312194316666041471e-01
2.438059321605694219e-01
-3.945116769316865390e-01
-2.922941344696818322e-01
1.419192205690469777e+00
-2.421764946490315484e+00
-2.914013051167108070e-01
2.249091892184810759e-01
-2.949165837069800400e-01
-2.845893724519965584e-01
1.419192205690469777e+00
-2.421764946490315484e+00
-2.914013051167108070e-01
2.652947535345233643e-01
-2.909532685594599655e-01
-3.006529789127590502e-01
1.375410258031624533e+00
-2.553154493923161183e+00
-7.772847505594641104e-01
2.413594591022067137e-01
-3.037736246221149350e-01
-2.441209270163213763e-01
1.375410258031624533e+00
-2.553154493923161183e+00
-7.772847505594641104e-01
2.821025429104123683e-01
-3.000023742786974146e-01
-2.593038093926953169e-01
0.000000000000000000e+00
0.000000000000000000e+00
0.000000000000000000e+00
0.000000000000000000e+00
0.000000000000000000e+00
0.000000000000000000e+00
5.736350933058812496e-01
1.029615467313400389e-09
-3.088846917994262035e-09
0.000000000000000000e+00
-0.000000000000000000e+00
0.000000000000000000e+00
5.736350855521861192e-01
3.813767949458377604e-01
-9.664887786579687834e-01
0.000000000000000000e+00
0.000000000000000000e+00
0.000000000000000000e+00
7.680926567370038871e-01
1.272224498402251491e+00
-6.149599805283316734e-01
-2.087382548792005854e-01
8.172619206804285219e-02
-9.164215400885743212e-02
-1.641382113876737270e+00
1.419258913190743820e+00
3.452894733439686448e-01
-4.174765097584012263e-01
1.634523839397476475e-01
-1.832843080951899462e-01
-1.837881675340936827e+00
8.723467691645548916e-01
-6.402690843226643835e-02
-5.260641302171978895e-01
-4.900278251065866286e-02
1.737932171319811758e-01
-1.748808841999949681e+00
6.847577098694325182e-01
1.438610874762007996e-01
-5.832918541559842796e-01
-1.569671741895387052e-01
3.455240901649903607e-01
-2.691221513454893355e+00
6.537590314330724572e-01
5.196805426539810036e-01
-6.100511568220066128e-01
-2.102865018443296485e-01
2.740239743805770178e-01
-2.691221513454893799e+00
6.537590314330724572e-01
5.196805426539813366e-01
-6.100511566219340986e-01
-2.102865010873740947e-01
2.740239744644227260e-01
-4.467264880319222087e+00
3.222015340401764405e+00
-5.644634640637908873e+00
-6.257217909822078150e-01
-2.790230452982684906e-01
2.793426039312898457e-01
-4.467264880319222087e+00
3.222015340401764405e+00
-5.644634640637908873e+00
-8.968324565407668203e-01
-4.362148653801005693e-01
4.041777339443725081e-01
-3.695941931427905836e+00
6.937282404016645865e-01
-1.996480450963838749e+00
-6.655642623523091439e-01
-3.130299052009765659e-01
1.157947753474061481e-01
-3.695941931427905836e+00
6.937282404016645865e-01
-1.996480450963838749e+00
-7.538159459313603650e-01
-3.313654211070105604e-01
2.727976813970235392e-01
-2.337171416889875175e+00
2.791550230695774570e-01
1.376605490382954988e+00
-6.345052332378335880e-01
-1.955715213377362538e-01
1.288744416305794560e-01
-2.337171416889875175e+00
2.791550230695774570e-01
1.376605490382954988e+00
-6.439582371497871716e-01
-1.749557373878705691e-01
1.086447604434579162e-01
0.000000000000000000e+00
0.000000000000000000e+00
0.000000000000000000e+00
0.000000000000000000e+00
0.000000000000000000e+00
0.000000000000000000e+00
5.736769943221458057e-01
1.029690675289595722e-09
-3.089072541960543067e-09
0.000000000000000000e+00
-0.000000000000000000e+00
0.000000000000000000e+00
5.736769865470932039e-01
3.830786755744137184e-01
-9.689243383392136533e-01
0.000000000000000000e+00
0.000000000000000000e+00
0.000000000000000000e+00
7.692245413326289638e-01
1.276886451669932088e+00
-6.155441182816709933e-01
-2.093022513793388328e-01
8.197255788200168147e-02
-9.151379775836984698e-02
-1.643811707142457390e+00
1.423177830570602875e+00
3.497248526948733005e-01
-4.186045027586776657e-01
1.639451155677021932e-01
-1.830275955943502786e-01
-1.841996981066834405e+00
8.707664844410624161e-01
-6.198965139331769070e-02
-5.263809148817787387e-01
-4.854298918926918532e-02
1.750945995634363428e-01
-1.753258420553919894e+00
6.844898914018666680e-01
1.452282802545476481e-01
-5.832200231961290893e-01
-1.565176968207730446e-01
3.473283371107781514e-01
-2.691361413502644684e+00
6.537650956614127207e-01
5.193397183330170641e-01
-6.099721483790597754e-01
-2.098781669187726739e-01
2.758636998929900885e-01
-2.691361413502644684e+00
6.537650956614124986e-01
5.193397183330176192e-01
-6.099721481790023603e-01
-2.098781661618163152e-01
2.758636999768565023e-01
-4.475007807741917532e+00
3.233395343856285464e+00
-5.672352624073930372e+00
-6.256447302672123456e-01
-2.786595252081920937e-01
2.812287221312536611e-01
-4.475007807741917532e+00
3.233395343856285464e+00
-5.672352624073930372e+00
-8.986033650577205378e-01
-4.343553398659243392e-01
4.078192124083120929e-01
-2.320558488895152482e+00
6.390013787734083461e-01
1.447933937443917962e+00
-6.654676745362475554e-01
-3.126676721674463977e-01
1.176660421954310587e-01
-2.320558488895152482e+00
6.390013787734083461e-01
1.447933937443917962e+00
-6.814709597196280111e-01
-2.914685813462181141e-01
8.266250630519342280e-02
-2.337349923444712818e+00
2.791476407769186707e-01
1.376274737691445038e+00
-6.344110043005944943e-01
-1.952091811295168233e-01
1.307489280880492211e-01
-2.337349923444712818e+00
2.791476407769186707e-01
1.376274737691445038e+00
-6.438395466733085604e-01
-1.746232131087258055e-01
1.105608606635345853e-01
