-2.221441471072811424e+00
nan
-2.221441467085554233e+00
2.610459999999999864e-02
2.799937000000000120e-01
-1.333499999999999686e-01
1.430332249179141479e+00
-1.049088813306078061e+00
-1.430332254998030628e+00
8.860460000000003333e-02
2.799937001121810543e-01
-1.333500001121810108e-01
-5.772734915579848247e-02
-3.098979527986633453e+00
-4.765086548710077419e-01
2.073546000000000833e-01
2.799937003253250012e-01
-1.333500007516129071e-01
-1.062144612342372785e+00
-8.622950035150097614e-01
-1.231018907482135383e+00
1.997198274184348032e-01
8.459912095864061121e-02
-1.948940386573620454e-01
-1.783446531157234949e+00
9.344405665023842733e-01
-1.509090373762290715e+00
1.920850548368695510e-01
-1.107954585185856600e-01
-2.564380762121546420e-01
-2.672592706100010429e-01
-8.632038120455555186e-01
-2.848911330439242828e+00
1.548118633952575707e-01
-2.272230937760566505e-01
-4.242432160264948959e-01
5.633980744692181908e-01
9.643223963920176667e-01
-1.463835129952981262e+00
1.417894413730950154e-01
-2.854266815379360445e-01
-5.091362157162332425e-01
-1.563067092823471338e+00
-6.525247320265219475e-01
2.042913435008810286e+00
2.423443170337440666e-01
-2.770825035335406916e-01
-5.332848010640831582e-01
-1.563067093065330093e+00
-6.525247256610590130e-01
2.042913437700125456e+00
2.423443170997899021e-01
-2.770825037154946990e-01
-5.332848008519391891e-01
7.140615427658874026e-01
-7.263591781646533407e-01
1.733040882124176507e+00
3.513388454737329525e-01
-2.937323254975284237e-01
-5.777138139439297326e-01
7.140615427658874026e-01
-7.263591781646533407e-01
1.733040882124176507e+00
3.921023749614760412e-01
-2.997971833910625938e-01
-5.920767275426094267e-01
-1.698083073291235812e-01
-2.765606067592691897e+00
-7.004569409868105501e-01
3.507955795953725531e-01
-2.327642040454813155e-01
-5.592101090945260644e-01
-1.698083073291235812e-01
-2.765606067592691897e+00
-7.004569409868105501e-01
3.677056520168968667e-01
-2.654062860964053749e-01
-5.827321212254971128e-01
-1.084058352628472832e+00
2.484601575871024703e+00
1.320563506989706370e+00
3.610631257794278959e-01
-2.610262856953682875e-01
-5.263074364800800486e-01
-1.084058352628472832e+00
2.484601575871024703e+00
1.320563506989706370e+00
4.023941623031168646e-01
-2.608619897607109550e-01
-5.403238394185426730e-01
-2.221441471072811424e+00
nan
-2.221441467085554233e+00
2.610459999999999864e-02
2.799937000000000120e-01
1.333500000000000241e-01
1.430663476219202979e+00
-1.048819943667777421e+00
-1.430663482040358314e+00
8.860460000000003333e-02
2.799937001121810543e-01
1.333499998878189818e-01
-5.786333203589251462e-02
-3.098844198033686492e+00
-4.772258601550360413e-01
2.073546000000000555e-01
2.799937003253250012e-01
1.333499992483870855e-01
-1.062053188160661632e+00
-8.614771182488267787e-01
-1.230637668267367202e+00
1.997015214539120953e-01
8.462842980867052445e-02
7.171525689700025685e-02
-1.784792927524281092e+00
9.338506540174328352e-01
-1.509026755360031835e+00
1.920484429078241351e-01
-1.107368408186891195e-01
1.008051489651849014e-02
-2.679354827837559516e-01
-8.645987266543698757e-01
-2.848522128420308164e+00
1.547033284441990397e-01
-2.273337127225143472e-01
-1.575910744916116657e-01
5.626714149929639142e-01
9.636188169337728260e-01
-1.464087337030351765e+00
1.416442712989587627e-01
-2.856208520249145510e-01
-2.424210981767430106e-01
-1.563009996850636130e+00
-6.524113772383773879e-01
2.042898293617428251e+00
2.421984262720483505e-01
-2.772856999243316078e-01
-2.665758007646044092e-01
-1.563009997092150050e+00
-6.524113708730336914e-01
2.042898296308716777e+00
2.421984263380911329e-01
-2.772857001062883908e-01
-2.665758005524619390e-01
7.147310803912693133e-01
-7.250766138109920877e-01
1.730523346974511156e+00
3.511888622033524365e-01
-2.939455557363550020e-01
-3.110110915433592083e-01
7.147310803912693133e-01
-7.250766138109920877e-01
1.730523346974511156e+00
3.919113542584218290e-01
-3.000870899632953059e-01
-3.254575901770811464e-01
1.266647218417099374e+00
-2.718470940860234553e+00
-8.770357919107321099e-01
3.506519725125856746e-01
-2.329771336211935717e-01
-2.925081912677957585e-01
1.266647218417099374e+00
-2.718470940860234553e+00
-8.770357919107321099e-01
3.924183381263370296e-01
-2.340356614544133185e-01
-3.051252965956730567e-01
-1.083584602804896768e+00
2.484938601526608171e+00
1.320658503216866952e+00
3.609190391812236998e-01
-2.612396514290586946e-01
-2.596057436661073359e-01
-1.083584602804896768e+00
2.484938601526608171e+00
1.320658503216866952e+00
4.022460328421542664e-01
-2.610876571420610026e-01
-2.736342010758201493e-01
0.000000000000000000e+00
0.000000000000000000e+00
0.000000000000000000e+00
0.000000000000000000e+00
0.000000000000000000e+00
0.000000000000000000e+00
2.205460409828937651e-01
3.958572578641683331e-10
-1.187571972000310442e-09
0.000000000000000000e+00
-0.000000000000000000e+00
0.000000000000000000e+00
2.205460348152358252e-01
2.480440954671281062e-01
-7.875088033882905458e-01
0.000000000000000000e+00
0.000000000000000000e+00
0.000000000000000000e+00
2.558702315961497442e-01
1.152086292093028597e+00
-5.027598249410846210e-01
-1.691405865993421131e-01
1.958574414648180106e-02
-4.119973944462149151e-02
-1.561655313460907468e+00
1.130660696570044310e+00
-2.092652889122612048e-01
-3.382811731986842263e-01
3.917148821556152433e-02
-8.239947891362253696e-02
-1.542969830119453434e+00
1.214175281467274825e+00
-8.745486618067987994e-02
-5.523761121987259548e-01
-2.150823148258423356e-01
1.415636889186570879e-01
-1.421488310609194450e+00
7.055325627033884883e-01
2.426412280041949088e-01
-6.605412809705657473e-01
-3.449307779601520352e-01
2.471815717640916676e-01
-2.676222484475827113e+00
6.014130455724239210e-01
5.439697807140080332e-01
-6.796035358743678367e-01
-3.548589512377601229e-01
1.643756811520231120e-01
-2.676222484475826668e+00
6.014130455724235880e-01
5.439697807140082553e-01
-6.796035356478044021e-01
-3.548589506340890654e-01
1.643756815992517273e-01
-3.083465669902526685e+00
3.448252712961821231e+00
-1.813932562256966863e+00
-6.972667238195351391e-01
-4.144711447353444100e-01
1.433835777547426416e-01
-3.083465669902526685e+00
3.448252712961821231e+00
-1.813932562256966863e+00
-7.577949228207612187e-01
-5.327009892269884972e-01
2.152140771628328897e-02
-3.056002399794521374e+00
1.356280170990316059e+00
-7.766034910264683067e-01
-7.193031699884966379e-01
-3.652466339919867577e-01
-1.945395252501833094e-02
-3.056002399794521374e+00
1.356280170990316059e+00
-7.766034910264683067e-01
-7.765555634986464062e-01
-4.502623807882961682e-01
5.736553264157157050e-02
-2.466328052454039632e+00
-1.627064086570340906e-01
1.153941736687664754e+00
-6.841413550863604254e-01
-2.716065268956480150e-01
5.000662962339252893e-02
-2.466328052454039632e+00
-1.627064086570340906e-01
1.153941736687664754e+00
-6.820503844381226033e-01
-2.584819665920308207e-01
5.632624646968509285e-02
0.000000000000000000e+00
0.000000000000000000e+00
0.000000000000000000e+00
0.000000000000000000e+00
0.000000000000000000e+00
0.000000000000000000e+00
2.218670570815900744e-01
3.982283446816592815e-10
-1.194685233641196930e-09
0.000000000000000000e+00
-0.000000000000000000e+00
0.000000000000000000e+00
2.218670509077766695e-01
2.486569731823829454e-01
-7.881745737373246907e-01
0.000000000000000000e+00
0.000000000000000000e+00
0.000000000000000000e+00
2.573552487877320827e-01
1.154588010103310136e+00
-5.023672470228768283e-01
-1.693078472885130858e-01
1.970668043980405154e-02
-4.144212507253280942e-02
-1.565850655843940675e+00
1.132721212255079601e+00
-2.066711898640811729e-01
-3.386156945770260607e-01
3.941336080175379675e-02
-8.288425016962744363e-02
-1.547548042912288757e+00
1.214412174908836572e+00
-8.777967486234872219e-02
-5.526380748202781579e-01
-2.154171481662379706e-01
1.419906414973713948e-01
-1.425781834851978402e+00
7.051511180558034386e-01
2.433910261185981971e-01
-6.607731145179279730e-01
-3.455493655101481432e-01
2.480518678417669154e-01
-2.676251840057161324e+00
6.014969478408686010e-01
5.437737496707955032e-01
-6.798345312766791437e-01
-3.555147227267841381e-01
1.652618845815969073e-01
-2.676251840057160436e+00
6.014969478408684900e-01
5.437737496707960583e-01
-6.798345310501329175e-01
-3.555147221231253485e-01
1.652618850288346819e-01
-3.085726354845896857e+00
3.464678588266111081e+00
-1.827676356439105643e+00
-6.975030307926428641e-01
-4.151686134122817839e-01
1.442904397970865005e-01
-3.085726354845896857e+00
3.464678588266111081e+00
-1.827676356439105643e+00
-7.587802421831552069e-01
-5.341740908859324843e-01
2.215118753630858361e-02
-2.434004435522440613e+00
1.200032513675077794e-01
1.386080116293186837e+00
-7.195266202557604185e-01
-3.659421390237187488e-01
-1.855347456367237302e-02
-2.434004435522440613e+00
1.200032513675077794e-01
1.386080116293186837e+00
-7.195735095357832511e-01
-3.387607004481737460e-01
-2.098911279394580220e-02
-2.466387064527394646e+00
-1.626322814550884843e-01
1.153743664443163786e+00
-6.843674831633305145e-01
-2.723039417467906231e-01
5.090853145981028005e-02
-2.466387064527394646e+00
-1.626322814550884843e-01
1.153743664443163786e+00
-6.822613655751484929e-01
-2.592227905305983793e-01
5.725475798123430549e-02
