-2.221441471072811424e+00
nan
-2.221441467085554233e+00
2.610459999999999864e-02
2.799937000000000120e-01
-1.333499999999999686e-01
1.504606656055838210e+00
-9.864058922960439180e-01
-1.504606662387181215e+00
8.860460000000003333e-02
2.799937001121810543e-01
-1.333500001121810108e-01
-1.468376321354048830e+00
-2.487024558427167520e+00
-5.173711415088367849e-01
2.073546000000000833e-01
2.799937003253250012e-01
-1.333500007516129071e-01
-1.253135126909587393e+00
7.211600995424373162e-01
-9.633841583960056631e-01
2.785590092739542722e-02
1.891873320230881006e-01
-1.728394994443165633e-01
-2.950891927144736471e+00
7.525208730461979689e-01
-2.815127943912396624e-01
-1.516427981452092844e-01
9.838096357411192650e-02
-2.123289977995923561e-01
6.901429644471380742e-01
1.832880124605521077e+00
2.203283836560167686e+00
-2.505718275713509913e-01
-8.354197320689284167e-02
-2.271729261804548705e-01
-4.775388764291745025e-02
3.234344899004731877e-01
-2.236982230132560812e+00
-2.989555780603541657e-01
-1.743912887121524258e-01
-2.401912617439475039e-01
2.990829897609088017e-01
-1.448522413038308976e+00
-1.462997157144407590e+00
-2.202898637514766889e-01
-2.369529823008068026e-01
-2.659167819057129956e-01
2.990829892393241374e-01
-1.448522415656122941e+00
-1.462997151803198115e+00
-2.202898636202126337e-01
-2.369529820817405930e-01
-2.659167820370678115e-01
-1.454263539206772204e+00
-1.837907013580051263e+00
-1.748430835451342480e+00
-1.175280258707613601e-01
-2.966372415091464987e-01
-2.688756440003191028e-01
-1.454263539206772204e+00
-1.837907013580051263e+00
-1.748430835451342480e+00
-1.324637926238424468e-01
-3.016098706395958229e-01
-3.095811344854927927e-01
9.648579471589122658e-01
1.095718049351599166e-01
-1.089020116944083627e+00
-1.561730688879073847e-01
-3.294885978398244819e-01
-3.074391384192350918e-01
9.648579471589122658e-01
1.095718049351599166e-01
-1.089020116944083627e+00
-1.968030678701600533e-01
-3.165286967577597421e-01
-3.167119627600304410e-01
8.489009151336733838e-01
-9.661474576026805039e-01
4.411325150170472553e-01
-1.357708029802727201e-01
-2.954929587615634512e-01
-3.278057213062778308e-01
8.489009151336733838e-01
-9.661474576026805039e-01
4.411325150170472553e-01
-1.244260956770039395e-01
-3.166140273966036034e-01
-3.642740527806829220e-01
-2.221441471072811424e+00
nan
-2.221441467085554233e+00
2.610459999999999864e-02
2.799937000000000120e-01
1.333500000000000241e-01
1.503021383103267494e+00
-9.877952559609205485e-01
-1.503021389423580656e+00
8.860460000000003333e-02
2.799937001121810543e-01
1.333499998878189818e-01
-1.469699634174992608e+00
-2.488051862232741218e+00
-5.146542242346842100e-01
2.073546000000000833e-01
2.799937003253250012e-01
1.333499992483870855e-01
-1.252386298933986453e+00
7.239423107556590686e-01
-9.599178442098212916e-01
2.781361648431532330e-02
1.891687695157104332e-01
9.409611814537564844e-02
-2.948591536707018790e+00
7.542518017498991423e-01
-2.760341267802387533e-01
-1.517273670313694367e-01
9.834383856011910674e-02
5.484223738012267146e-02
6.904509267854616050e-01
1.830039581818925010e+00
2.203466684645552398e+00
-2.508997847813340121e-01
-8.342153074771851973e-02
3.969522189812340479e-02
-4.553805627404027695e-02
3.243181340436576132e-01
-2.236907061452919177e+00
-2.994208447331804246e-01
-1.741753414796826105e-01
2.652270965572386952e-02
2.993445777155105403e-01
-1.448579340537176297e+00
-1.462780907748151504e+00
-2.207359703430472608e-01
-2.367185496129194378e-01
8.108416058990770836e-04
2.993445771938810229e-01
-1.448579343155276700e+00
-1.462780902407040617e+00
-2.207359702118176781e-01
-2.367185493938253060e-01
8.108414745564146431e-04
-1.459666652172676660e+00
-1.829095209610911654e+00
-1.744460386279912401e+00
-1.179590374166902822e-01
-2.963776574015747900e-01
-2.130910062465176877e-03
-1.459666652172676660e+00
-1.829095209610911654e+00
-1.744460386279912401e+00
-1.331980569634469702e-01
-3.011611380893736700e-01
-4.274656862382576056e-02
6.727278632050378571e-01
-6.440953151748494143e-01
5.351843412926576837e-01
-1.565903215716580033e-01
-3.292397708537985190e-01
-4.069902446220370618e-02
6.727278632050378571e-01
-6.440953151748494143e-01
5.351843412926576837e-01
-1.504818206792729596e-01
-3.591416734967273761e-01
-7.189683784376198206e-02
8.488390713778459773e-01
-9.663182991214518403e-01
4.416860656115139117e-01
-1.361934051739622786e-01
-2.952397878415173316e-01
-6.106371413894583905e-02
8.488390713778459773e-01
-9.663182991214518403e-01
4.416860656115139117e-01
-1.248274921983480029e-01
-3.163641650026893237e-01
-9.752352538905134649e-02
0.000000000000000000e+00
0.000000000000000000e+00
0.000000000000000000e+00
0.000000000000000000e+00
0.000000000000000000e+00
0.000000000000000000e+00
-6.184143927030268939e-01
-1.109989663056989413e-09
3.329969545509417701e-09
0.000000000000000000e+00
-0.000000000000000000e+00
0.000000000000000000e+00
-6.184143985090846396e-01
3.108535500840954313e-01
-7.148098056085266938e-01
0.000000000000000000e+00
0.000000000000000000e+00
0.000000000000000000e+00
6.580452793208135809e-01
9.566001121157172715e-01
-4.339902085380721863e-01
-7.718473333380646006e-02
1.038865556095982662e-01
1.119537734766180431e-01
7.368928093715279015e-01
9.705679330827098328e-01
-8.245091227295074932e-01
-1.543694666676129756e-01
2.077731114278668079e-01
2.239075470439817472e-01
-3.524243994968450089e-01
-1.074823790245650557e+00
-1.117605396102503201e+00
-3.187736285647363443e-01
3.002793827791799264e-01
1.858671866823171370e-01
-2.720397717626097944e-01
-1.194595596615892985e+00
-5.805262185394965968e-01
-4.063148970325903275e-01
3.497653443159546849e-01
1.658806960570674838e-01
-2.781261714368506777e+00
8.009519649276303221e-01
2.400477731747528432e-01
-4.119020073311400743e-01
2.970994700262324928e-01
2.768736808200361610e-01
-2.781261714368506777e+00
8.009519649276306552e-01
2.400477731747524546e-01
-4.119020074889352401e-01
2.970994696924100786e-01
2.768736801056195240e-01
-4.596077455107360876e+00
-2.612022224290880157e+00
1.322877606519461624e+00
-3.999448402232181343e-01
3.135378505150189232e-01
3.605639299365038797e-01
-4.596077455107360876e+00
-2.612022224290880157e+00
1.322877606519461624e+00
-2.870430147030858525e-01
1.066940720231762812e-01
3.444059638796996281e-01
-4.405642817193585969e+00
-2.354695024119968672e+00
2.947068719982415708e+00
-4.229464519195749728e-01
1.970060233949161299e-01
4.828849727033915906e-01
-4.405642817193585969e+00
-2.354695024119968672e+00
2.947068719982415708e+00
-4.393054976777848175e-01
3.641387234927911942e-02
3.301170211561440526e-01
-2.246574247258140922e+00
1.593663559080611858e+00
-5.272797891298774964e-02
-4.474196839602025966e-01
1.452587446575179519e-01
3.719929683118385899e-01
-2.246574247258140922e+00
1.593663559080611858e+00
-5.272797891298774964e-02
-5.066516061530427217e-01
6.273174683918525396e-02
4.013633705642362104e-01
0.000000000000000000e+00
0.000000000000000000e+00
0.000000000000000000e+00
0.000000000000000000e+00
0.000000000000000000e+00
0.000000000000000000e+00
-6.207691258526241151e-01
-1.114216164713728385e-09
3.342649052598001773e-09
0.000000000000000000e+00
-0.000000000000000000e+00
0.000000000000000000e+00
-6.207691316166417117e-01
3.069531221311967428e-01
-7.102226386560173133e-01
0.000000000000000000e+00
0.000000000000000000e+00
0.000000000000000000e+00
6.632708865963149458e-01
9.565142625168392421e-01
-4.294869938702606249e-01
-7.655502337569083937e-02
1.031464733745067336e-01
1.114919788684711199e-01
7.425487212954364757e-01
9.719394889562713580e-01
-8.277817633268573783e-01
-1.531100467513816787e-01
2.062929469586834985e-01
2.229839578275600864e-01
-3.507078067906252983e-01
-1.072887976269599530e+00
-1.124579380992026589e+00
-3.182940871555680618e-01
2.996334627747376245e-01
1.844039042986910237e-01
-2.700417219823778581e-01
-1.194936911257517220e+00
-5.808408759958771928e-01
-4.062213214490532631e-01
3.495795434620076469e-01
1.641743124001973086e-01
-2.781467291902038230e+00
8.012868025904756886e-01
2.398180231599245094e-01
-4.118249130586366102e-01
2.969328749700587688e-01
2.750870487892303484e-01
-2.781467291902038230e+00
8.012868025904760216e-01
2.398180231599242318e-01
-4.118249132164224502e-01
2.969328746362047133e-01
2.750870480746746560e-01
-4.572802158077803547e+00
-2.569194637879444798e+00
1.308884030151125977e+00
-3.998747705536354058e-01
3.133982498044444176e-01
3.586731058028169716e-01
-4.572802158077803547e+00
-2.569194637879444798e+00
1.308884030151125977e+00
-2.892642168830490967e-01
1.077247693633929249e-01
3.413950093090398763e-01
-2.417643058761135499e+00
1.508312808132962868e+00
-3.666027506152415016e-01
-4.228979645379760122e-01
1.968578228930620844e-01
4.810327376734491178e-01
-2.417643058761135499e+00
1.508312808132962868e+00
-3.666027506152415016e-01
-4.809161458046491422e-01
1.191932526933285330e-01
5.441113349074013783e-01
-2.246931424297056612e+00
1.594120139671840741e+00
-5.290489336048920244e-02
-4.473697303282763160e-01
1.451056528165224901e-01
3.701191170765495420e-01
-2.246931424297056612e+00
1.594120139671840741e+00
-5.290489336048920244e-02
-5.066086326517220684e-01
6.258164478080163740e-02
3.994655131585057584e-01
