-2.221441471072811424e+00
nan
-2.221441467085554233e+00
2.610459999999999864e-02
2.799937000000000120e-01
-1.333499999999999686e-01
1.574618374220603245e+00
-9.226816337624931252e-01
-1.574618381043315862e+00
8.860460000000003333e-02
2.799937001121810543e-01
-1.333500001121810108e-01
-7.684621765925925274e-01
-2.814302880263828133e+00
-7.346924383394488611e-01
2.073546000000000833e-01
2.799937003253250012e-01
-1.333500007516129071e-01
-1.209865216136830179e+00
-6.338900214711623571e-02
-1.144158293106023461e+00
1.031696402714850358e-01
1.259708646678825428e-01
-2.196486697008392386e-01
-2.794901195096293645e+00
5.454706090702029497e-01
-1.207710307515582171e+00
-1.015319457030011696e-03
-2.805197116941615665e-02
-3.059473383290644555e-01
-7.739667911896654928e-01
-1.747048161770495600e+00
-2.282235769393573310e+00
-7.125765307605368137e-02
-2.211527086165070710e-01
-3.356352106870398866e-01
-1.893372716756916152e-01
6.070688595463774595e-01
-1.778790858578653822e+00
-1.023405546011496303e-01
-3.183318220272391974e-01
-3.544537029083963398e-01
1.308372418109671198e+00
-5.688902245435744076e-01
-2.395398385213719727e+00
-1.393883884343471991e-02
-3.367278750105293095e-01
-4.055495382154756800e-01
1.308372417489185757e+00
-5.688902309769896526e-01
-2.395398382395697912e+00
-1.393883869658446573e-02
-3.367278748718149917e-01
-4.055495380113490755e-01
-5.368036005688504586e-01
2.684414571266030003e-01
-8.617899563223065940e-01
8.867419818451714730e-02
-3.825588866976870617e-01
-4.442928471396936363e-01
-5.368036005688504586e-01
2.684414571266030003e-01
-8.617899563223065940e-01
4.991196119972134138e-02
-3.825483280690120114e-01
-4.242371746987134706e-01
1.758623373660390232e+00
2.168574097557807612e+00
-1.381290906700041621e+00
6.935585606232222422e-02
-3.444645716295983151e-01
-4.915730637371567013e-01
1.758623373660390232e+00
2.168574097557807612e+00
-1.381290906700041621e+00
4.951033014733628723e-02
-3.624062772587975378e-01
-4.570913087806179331e-01
1.415485842542365758e+00
-2.041072393597226586e+00
-5.186024083291310843e-02
9.216850171842118356e-02
-3.229643462934924103e-01
-4.598858875034507188e-01
1.415485842542365758e+00
-2.041072393597226586e+00
-5.186024083291310843e-02
1.271114789349900576e-01
-3.170762278410174662e-01
-4.853625342400598175e-01
-2.221441471072811424e+00
nan
-2.221441467085554233e+00
2.610459999999999864e-02
2.799937000000000120e-01
1.333500000000000241e-01
1.574378541790387276e+00
-9.229080468306766205e-01
-1.574378548611402140e+00
8.860460000000003333e-02
2.799937001121810543e-01
1.333499998878189818e-01
-7.700587767253144200e-01
-2.813831682065248252e+00
-7.340480314500664738e-01
2.073546000000000833e-01
2.799937003253250012e-01
1.333499992483870855e-01
-1.210430159564293895e+00
-6.115119036900359267e-02
-1.142691821448565959e+00
1.029682610493666411e-01
1.260447584242217201e-01
4.716290318398658199e-02
-2.796924166086429242e+00
5.439191333174309140e-01
-1.204427642883067362e+00
-1.418077901266828755e-03
-2.790418365662644673e-02
-3.902419255935042630e-02
-7.735253610351161546e-01
-1.748415504213746585e+00
-2.281093792661422981e+00
-7.152392085126056676e-02
-2.210895357241133286e-01
-6.848332579222086991e-02
-1.902875443470725125e-01
6.060068121474144753e-01
-1.778690127904419160e+00
-1.025476500004827568e-01
-3.183077622201339607e-01
-8.719714866848390922e-02
1.308576348887436680e+00
-5.691115961287919189e-01
-2.395359438075636227e+00
-1.413887332104674099e-02
-3.367178479732966800e-01
-1.382757102046784925e-01
1.308576348266336620e+00
-5.691116025624650687e-01
-2.395359435257663261e+00
-1.413887317421691492e-02
-3.367178478345859149e-01
-1.382757100005347906e-01
-5.379760471287482471e-01
2.665556784571013194e-01
-8.686820308521518985e-01
8.847571353079354550e-02
-3.825637439274289231e-01
-1.769972981906406950e-01
-5.379760471287482471e-01
2.665556784571013194e-01
-8.686820308521518985e-01
4.966389915360277379e-02
-3.822624833191105020e-01
-1.570400080086955252e-01
1.370888638385687086e+00
-1.768405030811435852e+00
2.846117772984674832e-01
6.917048235342890261e-02
-3.444703529443368106e-01
-2.242836141494652935e-01
1.370888638385687086e+00
-1.768405030811435852e+00
2.846117772984674832e-01
1.014626945357039733e-01
-3.411134406247652295e-01
-2.534501239966108210e-01
1.415065277304773161e+00
-2.041500132105652288e+00
-5.158574398537585370e-02
9.197995121067208124e-02
-3.229706854758200851e-01
-1.925937725879544593e-01
1.415065277304773161e+00
-2.041500132105652288e+00
-5.158574398537585370e-02
1.269321054807349414e-01
-3.171008958455485693e-01
-2.180620588708609975e-01
0.000000000000000000e+00
0.000000000000000000e+00
0.000000000000000000e+00
0.000000000000000000e+00
0.000000000000000000e+00
0.000000000000000000e+00
2.197030769600787081e-01
3.943442249162062499e-10
-1.183032872398076380e-09
0.000000000000000000e+00
-0.000000000000000000e+00
0.000000000000000000e+00
2.197030671644945032e-01
6.496891965112232548e-01
-1.159542465508266007e+00
0.000000000000000000e+00
0.000000000000000000e+00
0.000000000000000000e+00
7.231669755046545855e-01
1.393989900819673444e+00
-7.425123576564602867e-01
-2.346633314924161939e-01
1.397669673328400808e-01
3.384855336726019792e-02
-4.326132757957388830e-01
1.546005266932107158e+00
3.815035988270738532e-01
-4.693266629848323879e-01
2.795339345951551868e-01
6.769710669500536571e-02
-8.708108907180514002e-01
1.760026729829473335e-01
1.162060235291370036e-01
-4.415556437420433689e-01
2.398928638172961036e-01
2.598300670171769244e-01
-1.187492211205754433e+00
3.989348977348909919e-01
-5.119517295412837621e-01
-4.335749503349629053e-01
2.198934954580668288e-01
3.499253710780497739e-01
-2.744036177163279522e+00
7.228456395663602763e-01
3.877244038059415310e-01
-4.633767533093998137e-01
1.139601777292791052e-01
3.365040112772423875e-01
-2.744036177163278634e+00
7.228456395663603873e-01
3.877244038059419751e-01
-4.633767532156307656e-01
1.139601783463473073e-01
3.365040107904552769e-01
-4.893303447017943952e+00
-9.566162671954739904e-01
-3.765348732397197029e+00
-4.736123835454170150e-01
4.743271502259163025e-02
3.880925790044798540e-01
-4.893303447017943952e+00
-9.566162671954739904e-01
-3.765348732397197029e+00
-4.927582091329051894e-01
2.915245460058830673e-01
3.509603259778466544e-01
-4.227625910641681806e+00
-1.222871001831403293e+00
-1.478540634091805916e+00
-5.225587775488165221e-01
-8.979610246680967689e-02
2.975245796800679576e-01
-4.227625910641681806e+00
-1.222871001831403293e+00
-1.478540634091805916e+00
-5.912530565951088501e-01
8.532227470207934261e-02
3.491068811216465062e-01
-2.220845563910996301e+00
1.040174275518869651e+00
1.178656840243607062e+00
-5.079900024282463233e-01
5.999674906874995217e-03
2.220371621011471563e-01
-2.220845563910996301e+00
1.040174275518869651e+00
1.178656840243607062e+00
-5.414302260803230959e-01
-9.394243866665354104e-03
1.726137743454687623e-01
0.000000000000000000e+00
0.000000000000000000e+00
0.000000000000000000e+00
0.000000000000000000e+00
0.000000000000000000e+00
0.000000000000000000e+00
2.146143264512213877e-01
3.852104458040825490e-10
-1.155631530483759274e-09
0.000000000000000000e+00
-0.000000000000000000e+00
0.000000000000000000e+00
2.146143166432231963e-01
6.500770758628180435e-01
-1.161179359436129710e+00
0.000000000000000000e+00
0.000000000000000000e+00
0.000000000000000000e+00
7.214837075573008462e-01
1.397607904981071902e+00
-7.426801461938836724e-01
-2.347905891292461356e-01
1.397082469219043666e-01
3.481951902100018093e-02
-4.260498547194903618e-01
1.547964412311477300e+00
3.785967772729980640e-01
-4.695811782584922156e-01
2.794164937749039068e-01
6.963903800342455264e-02
-8.642853444717090161e-01
1.746776324920404355e-01
1.142487585719315635e-01
-4.420435164114180360e-01
2.403235881320026357e-01
2.604669791673985824e-01
-1.181440299797689386e+00
3.969772814011849338e-01
-5.148182364869960947e-01
-4.342053409985838774e-01
2.206050827394385461e-01
3.499104191023008070e-01
-2.743991878932112272e+00
7.223602321398647774e-01
3.879528419743002443e-01
-4.639602173761229187e-01
1.147443611848021627e-01
3.365645605156116216e-01
-2.743991878932112272e+00
7.223602321398652215e-01
3.879528419743006884e-01
-4.639602172824708881e-01
1.147443618019339667e-01
3.365645600289264849e-01
-4.882520225014779669e+00
-9.491666108994007978e-01
-3.745704546522218514e+00
-4.741451070342230234e-01
4.830225880915681169e-02
3.882406299168853492e-01
-4.882520225014779669e+00
-9.491666108994007978e-01
-3.745704546522218514e+00
-4.919594672886893338e-01
2.911217213304129747e-01
3.499308405885153683e-01
-2.261919288733964084e+00
1.354623857776049434e+00
9.944581803490226690e-01
-5.230813004996072157e-01
-8.894052746670515208e-02
2.976580056930899776e-01
-2.261919288733964084e+00
1.354623857776049434e+00
9.944581803490226690e-01
-5.659292595035230189e-01
-1.227995641087827883e-01
2.463211399243861455e-01
-2.220906723774290104e+00
1.039680459420204262e+00
1.178958400622450720e+00
-5.085306762886722121e-01
6.865138689817727041e-03
2.221864395410340087e-01
-2.220906723774290104e+00
1.039680459420204262e+00
1.178958400622450720e+00
-5.419297936664249082e-01
-8.490413662355422719e-03
1.728111124747986893e-01
