-2.221441471072811424e+00
nan
-2.221441467085554233e+00
2.610459999999999864e-02
2.799937000000000120e-01
-1.333499999999999686e-01
1.373197449408529280e+00
-1.094100606805365361e+00
-1.373197454838973819e+00
8.860460000000003333e-02
2.799937001121810543e-01
-1.333500001121810108e-01
-1.696249894952252646e+00
-2.476135988056102022e+00
-2.800965667895630173e-01
2.073546000000000833e-01
2.799937003253250012e-01
-1.333500007516129071e-01
-1.196865351599609717e+00
9.821992553531041503e-01
-8.378426532932513604e-01
1.619546061372950652e-02
2.078162538540074267e-01
-1.498908486736658940e-01
-2.743275206200528782e+00
1.126094118060165794e+00
8.010210775175334585e-02
-1.749636787725410425e-01
1.356388073004968775e-01
-1.664316962370626374e-01
6.443341909483789598e-01
1.616483219913062985e+00
1.840463215482888826e+00
-3.205567243613079986e-01
-1.127274087436386241e-02
-1.844014510782621685e-01
1.783758143445515476e-01
2.609562939561770739e-02
-2.263232058136483982e+00
-3.933289317440626931e-01
-8.376415297426216544e-02
-1.990049953194408527e-01
-2.478480726087416430e-01
-1.661565086987675910e+00
-8.452602365200454493e-01
-3.140467115081108096e-01
-1.505477881369977067e-01
-1.947226911606186328e-01
-2.478480730411448396e-01
-1.661565087481646774e+00
-8.452602307798392500e-01
-3.140467114270629745e-01
-1.505477880577004157e-01
-1.947226914244699625e-01
3.955524010936672941e-01
2.767508699502770231e+00
7.650554448085753467e-01
-2.074892592930435153e-01
-2.012168237613307931e-01
-1.802617370738607283e-01
3.955524010936672941e-01
2.767508699502770231e+00
7.650554448085753467e-01
-1.914836054551788957e-01
-2.388747242765718315e-01
-1.954420762866932448e-01
9.445249328880155060e-02
-2.046670321408671778e-01
5.082255677430247420e-01
-2.484863921673455267e-01
-2.499920900437275495e-01
-1.802111452947226244e-01
9.445249328880155060e-02
-2.046670321408671778e-01
5.082255677430247420e-01
-2.517544718745060583e-01
-2.929847472762438509e-01
-1.869707461501733947e-01
3.323513038627522453e-01
-4.927396763488662845e-01
4.185450446401112745e-01
-2.358744824580535637e-01
-2.376760245831921470e-01
-2.211502206880003318e-01
3.323513038627522453e-01
-4.927396763488662845e-01
4.185450446401112745e-01
-2.389354293682417474e-01
-2.762863999545653315e-01
-2.412651564896545475e-01
-2.221441471072811424e+00
nan
-2.221441467085554233e+00
2.610459999999999864e-02
2.799937000000000120e-01
1.333500000000000241e-01
1.371726824946872814e+00
-1.095224000805123055e+00
-1.371726830367381966e+00
8.860460000000003333e-02
2.799937001121810543e-01
1.333499998878189818e-01
-1.695980369527065434e+00
-2.478084344298416841e+00
-2.777506917386990959e-01
2.073546000000001110e-01
2.799937003253250012e-01
1.333499992483870855e-01
-1.194849640414277880e+00
9.844548971337565568e-01
-8.329979588858784645e-01
1.626080623199180342e-02
2.076182834011061351e-01
1.169195090428135353e-01
-2.739611375917490044e+00
1.126378084433492743e+00
8.606230858785514359e-02
-1.748329875360164765e-01
1.352428663954280130e-01
1.004890191960636087e-01
6.453134001690279398e-01
1.614245109922996635e+00
1.840512915570167607e+00
-3.205969458355486523e-01
-1.146662207127979727e-02
8.225595980688812925e-02
1.796800227085350865e-01
2.684127229608268550e-02
-2.262863469902714364e+00
-3.934687426047694947e-01
-8.383211114750671600e-02
6.752504923137166160e-02
-2.477165679674335208e-01
-1.661451593178906005e+00
-8.449743828166216275e-01
-3.141678791174796204e-01
-1.505941244674682267e-01
7.179928923814678232e-02
-2.477165683993988454e-01
-1.661451593672870430e+00
-8.449743770765221207e-01
-3.141678790364926810e-01
-1.505941243881641911e-01
7.179928897427877155e-02
4.309252460604745538e-01
2.767817473424172725e+00
7.709006137775822332e-01
-2.075946036957940222e-01
-2.012336027108697079e-01
8.624716783312479096e-02
4.309252460604745538e-01
2.767817473424172725e+00
7.709006137775822332e-01
-1.925547344482550216e-01
-2.390974583468302439e-01
7.059878472156745632e-02
1.029011776383615268e-01
-1.995269348737969406e-01
4.220270297617063626e-01
-2.485785770576958709e-01
-2.500199168584806841e-01
8.630669699858778410e-02
1.029011776383615268e-01
-1.995269348737969406e-01
4.220270297617063626e-01
-2.555424010945139823e-01
-2.924763166157604566e-01
7.897864138715243731e-02
3.323238268690764663e-01
-4.925961127888381363e-01
4.190867504783643005e-01
-2.359761252675038334e-01
-2.377027961707833259e-01
4.536502659005917093e-02
3.323238268690764663e-01
-4.925961127888381363e-01
4.190867504783643005e-01
-2.390174932270993369e-01
-2.763182546347033308e-01
2.525687965490828676e-02
0.000000000000000000e+00
0.000000000000000000e+00
0.000000000000000000e+00
0.000000000000000000e+00
0.000000000000000000e+00
0.000000000000000000e+00
-7.985431326388805484e-01
-1.433302059578610082e-09
4.299906897121840503e-09
0.000000000000000000e+00
-0.000000000000000000e+00
0.000000000000000000e+00
-7.985431347747290465e-01
6.408823481365731600e-02
-2.796546333986766331e-01
0.000000000000000000e+00
0.000000000000000000e+00
0.000000000000000000e+00
5.752378824730087770e-01
5.827974436277012504e-01
-1.607824598539626393e-01
-2.124483107823448014e-02
4.024995849436573125e-02
6.988785617700506159e-02
5.930268874495724374e-01
7.775730764285111452e-01
-1.216286916101482651e+00
-4.248966215646894640e-02
8.049991727513396145e-02
1.397757124196447598e-01
-7.444305079005909542e-01
-5.547236711806753373e-01
-1.484680839360655868e+00
-2.351490535803023862e-01
2.682393814818263000e-01
1.658624466401631414e-01
-9.535771660015643914e-01
-6.923702789556304138e-01
2.408085934535185713e-01
-3.346747324695025783e-01
3.654115595643728787e-01
1.794587993288384031e-01
-2.773095803733030440e+00
8.403071432129687324e-01
1.425301579639693950e-01
-3.215575993452678971e-01
3.885869069689908972e-01
2.980348018235899343e-01
-2.773095803733030440e+00
8.403071432129689544e-01
1.425301579639688399e-01
-3.215575995782862240e-01
3.885869062488577774e-01
2.980348015355857028e-01
-3.583274054691189203e+00
-4.085174623489153944e-01
2.386266588875793015e+00
-3.021840906770723034e-01
4.438761685614069918e-01
3.490039036337316825e-01
-3.583274054691189203e+00
-4.085174623489153944e-01
2.386266588875793015e+00
-2.061208672175221246e-01
4.276746099050607319e-01
4.904810705932164394e-01
-4.035487328266428086e+00
-1.964028227667961035e-01
7.346581607459381935e+00
-2.951896316357101036e-01
4.381731365871941453e-01
5.187125734929342036e-01
-4.035487328266428086e+00
-1.964028227667961035e-01
7.346581607459381935e+00
2.198703793328699030e-02
3.868856387225464988e-01
6.915670368837423254e-01
-2.389162893501525886e+00
1.242806718384739106e+00
-6.884870575181848418e-01
-3.313464398808002587e-01
3.264427358884782748e-01
4.739610662275474118e-01
-2.389162893501525886e+00
1.242806718384739106e+00
-6.884870575181848418e-01
-3.829281609640831086e-01
2.804922999974155395e-01
5.700117077535982180e-01
0.000000000000000000e+00
0.000000000000000000e+00
0.000000000000000000e+00
0.000000000000000000e+00
0.000000000000000000e+00
0.000000000000000000e+00
-7.940852314838867665e-01
-1.425300589594470746e-09
4.275902483159002319e-09
0.000000000000000000e+00
-0.000000000000000000e+00
0.000000000000000000e+00
-7.940852336086983154e-01
6.319751195723546933e-02
-2.783815848531356330e-01
0.000000000000000000e+00
0.000000000000000000e+00
0.000000000000000000e+00
5.789298420478931062e-01
5.832172190146439616e-01
-1.603279850203871426e-01
-2.118634936900049698e-02
4.014978351153804248e-02
6.954890217240240757e-02
5.939713409378789555e-01
7.812894899706210872e-01
-1.207764796873655122e+00
-4.237269873800098008e-02
8.029956730801263154e-02
1.390978044094904054e-01
-7.468202502531339215e-01
-5.501863833786675428e-01
-1.478803551315093445e+00
-2.338085519462052286e-01
2.671780595299356187e-01
1.658404214525500409e-01
-9.565352803014609551e-01
-6.891615965516558751e-01
2.413427026251459828e-01
-3.327181477713652136e-01
3.639397890605073349e-01
1.797913637993853453e-01
-2.773597214348399120e+00
8.405911422050342807e-01
1.434048138208374734e-01
-3.195512651111439562e-01
3.871669351379938839e-01
2.983026946127101953e-01
-2.773597214348398676e+00
8.405911422050341697e-01
1.434048138208368628e-01
-3.195512653443214335e-01
3.871669344177442462e-01
2.983026943246758211e-01
-3.561139867693684291e+00
-3.744392863617616030e-01
2.326454523419855924e+00
-3.001445613910723731e-01
4.425226516823924650e-01
3.491716590894187178e-01
-3.561139867693684291e+00
-3.744392863617616030e-01
2.326454523419855924e+00
-2.061966537676686584e-01
4.217861425614612969e-01
4.896416628472585186e-01
-2.602885998628843733e+00
9.809251513528814970e-01
-8.318715812098462781e-01
-2.930983294045382825e-01
4.368104625402911001e-01
5.189360090879394649e-01
-2.602885998628843733e+00
9.809251513528814970e-01
-8.318715812098462781e-01
-3.356048758628735196e-01
4.235293765048875336e-01
6.362761677156626439e-01
-2.389897409119390304e+00
1.243146619514259310e+00
-6.876929825638998794e-01
-3.292798692960533513e-01
3.250620117970846046e-01
4.741797681148480215e-01
-2.389897409119390304e+00
1.243146619514259310e+00
-6.876929825638998794e-01
-3.808328239873076670e-01
2.790971309377839327e-01
5.702476185473980275e-01
