-2.221441471072811424e+00
nan
-2.221441467085554233e+00
2.610459999999999864e-02
2.799937000000000120e-01
-1.333499999999999686e-01
1.433535173000347829e+00
-1.046484971359722627e+00
-1.433535178841157443e+00
8.860460000000003333e-02
2.799937001121810543e-01
-1.333500001121810108e-01
-2.625418346567018335e-01
3.067078602766317275e+00
4.786708647696714669e-01
2.073546000000000555e-01
2.799937003253250012e-01
-1.333500007516129071e-01
-8.043282522601740148e-01
-1.125878947047144640e+00
-1.314864449617651587e+00
2.421952970838987251e-01
8.758315851303513644e-02
-1.949073660802971841e-01
-1.309632972513306015e+00
8.849385224559450647e-01
-1.363690753871443118e+00
2.770359941677973947e-01
-1.048273834113750413e-01
-2.564647310585259632e-01
2.559596709200075426e-01
-3.591649703644122504e-01
-3.053762599192776150e+00
3.012224671649148533e-01
-1.530924732734334492e-01
-4.569360397901426341e-01
9.934188693777630252e-01
1.070743176224645099e+00
-1.312313545322968178e+00
3.189236033068629239e-01
-1.764968939218832522e-01
-5.564496839470854939e-01
-1.296275278302933653e+00
-1.119043848460238966e+00
1.377011917252772388e+00
4.225623646972386238e-01
-1.735465527737002356e-01
-5.602398191132910155e-01
-1.296275278331840974e+00
-1.119043843691452489e+00
1.377011921311443565e+00
4.225623647071113931e-01
-1.735465530563332637e-01
-5.602398190633365305e-01
5.359403071035153676e-01
-1.854398403105646631e+00
1.806382161618565130e+00
5.362045014941188015e-01
-1.785187739674749530e-01
-5.947608670030199995e-01
5.359403071035153676e-01
-1.854398403105646631e+00
1.806382161618565130e+00
5.773119111958261440e-01
-1.816235035443353185e-01
-5.804331788964010030e-01
-2.106737113489569879e-01
2.536610039086438562e+00
1.761269960547613200e+00
5.372281369467127865e-01
-1.435790167807064477e-01
-5.414883637527515559e-01
-2.106737113489569879e-01
2.536610039086438562e+00
1.761269960547613200e+00
5.665410320162115321e-01
-1.538688295942286233e-01
-5.721415048563518457e-01
-5.710951328219923129e-01
1.898400469142957236e+00
1.932422531856073933e+00
5.387795066547039768e-01
-1.874504361354341064e-01
-5.337653174088043961e-01
-5.710951328219923129e-01
1.898400469142957236e+00
1.932422531856073933e+00
5.786851916281454677e-01
-1.861569672868921554e-01
-5.513892888610139043e-01
-2.221441471072811424e+00
nan
-2.221441467085554233e+00
2.610459999999999864e-02
2.799937000000000120e-01
1.333500000000000241e-01
1.433662512625334395e+00
-1.046381269325958430e+00
-1.433662518467015756e+00
8.860460000000003333e-02
2.799937001121810543e-01
1.333499998878189818e-01
-2.625286345236548802e-01
3.067022730696208566e+00
4.789433075796153405e-01
2.073546000000000833e-01
2.799937003253250012e-01
1.333499992483870855e-01
-8.043370534741676181e-01
-1.125589634044930953e+00
-1.314711508705203702e+00
2.421941962687415018e-01
8.759399854300553567e-02
7.175813869923930444e-02
-1.309970925055045754e+00
8.849563799872659509e-01
-1.363655087415050815e+00
2.770337925374829480e-01
-1.048057033514968595e-01
1.016627850052694015e-02
2.556231661809876821e-01
-3.594358019313939057e-01
-3.053770102187166824e+00
3.011758237171830443e-01
-1.531087373244673366e-01
-1.903012481453727478e-01
9.932724147033615836e-01
1.070644351091704527e+00
-1.312422986937717306e+00
3.188548797016457770e-01
-1.765317968316429120e-01
-2.898144320097308935e-01
-1.296239114446507079e+00
-1.118997247542019347e+00
1.377023172934528139e+00
4.224935007951075572e-01
-1.735832546285678291e-01
-2.936097998077907834e-01
-1.296239114475289833e+00
-1.118997242773293266e+00
1.377023176993196651e+00
4.224935008049778840e-01
-1.735832549112011070e-01
-2.936097997578375196e-01
5.358797277372130408e-01
-1.854425598146864917e+00
1.806404736694852575e+00
5.361338055437662176e-01
-1.785573795470283276e-01
-3.281366039560629222e-01
5.358797277372130408e-01
-1.854425598146864917e+00
1.806404736694852575e+00
5.772404391742241847e-01
-1.816627564102958614e-01
-3.138068296829494286e-01
-6.954505937472778010e-01
2.265533399093369482e+00
1.587878055112689424e+00
5.371607434957469396e-01
-1.436177610198655363e-01
-2.748640733236710765e-01
-6.954505937472778010e-01
2.265533399093369482e+00
1.587878055112689424e+00
5.772643017488997552e-01
-1.481689753861786529e-01
-2.914692588943849083e-01
-5.707769264088389249e-01
1.898621390219781047e+00
1.932634256314569754e+00
5.387117384737858394e-01
-1.874892249377319020e-01
-2.671412048616648716e-01
-5.707769264088389249e-01
1.898621390219781047e+00
1.932634256314569754e+00
5.786112076030797136e-01
-1.861964443951472925e-01
-2.847792945053660985e-01
0.000000000000000000e+00
0.000000000000000000e+00
0.000000000000000000e+00
0.000000000000000000e+00
0.000000000000000000e+00
0.000000000000000000e+00
-2.170924490855707933e-01
-3.896584187820275949e-10
1.168975451646965225e-09
0.000000000000000000e+00
-0.000000000000000000e+00
0.000000000000000000e+00
-2.170924551172921935e-01
2.460286949864849415e-01
-7.690146331656957379e-01
-0.000000000000000000e+00
0.000000000000000000e+00
0.000000000000000000e+00
-3.893034693060174467e-01
1.197077822551676274e+00
-4.647481534176372553e-01
-1.631114004876132451e-01
-4.015664545696755183e-02
3.319906567650744017e-02
-1.248933112522204070e+00
1.081655211855164556e+00
-5.905100221137209449e-01
-3.262228009752265456e-01
-8.031329083785385126e-02
6.639813137735531279e-02
-1.410865411042652839e+00
1.295761899739541034e+00
3.198537535928435149e-01
-5.715646561739700093e-01
-3.449709011278124238e-01
1.005165757112135433e-01
-1.384882830578711088e+00
5.993876956780265219e-01
4.882543409713133720e-01
-6.930246529817022383e-01
-4.797094847577897392e-01
1.106006054747649681e-01
-2.672307907004462635e+00
5.627378660766093610e-01
5.353362911405523672e-01
-6.967369302382293572e-01
-4.343563027332993376e-01
4.439493030159439441e-02
-2.672307907004462191e+00
5.627378660766086949e-01
5.353362911405524782e-01
-6.967369300588143188e-01
-4.343563025945205158e-01
4.439493105132101547e-02
-2.577445567550640693e+00
1.827616722529160631e+00
5.372599611267890873e-01
-7.135014206098178047e-01
-4.657704119369724949e-01
-6.268497244368509413e-03
-2.577445567550640693e+00
1.827616722529160631e+00
5.372599611267890873e-01
-6.856478513392058050e-01
-4.067562103949571850e-01
-7.339481514874413026e-02
-2.709514860742726849e+00
1.443995553697471568e+00
2.039307708205365111e-01
-7.022274858359188743e-01
-3.228618910686879007e-01
-1.002143250736191454e-01
-2.709514860742726849e+00
1.443995553697471568e+00
2.039307708205365111e-01
-7.443920758377184921e-01
-3.999392311308324066e-01
-1.146616144874766097e-01
-2.644209012859135566e+00
-4.368198650372460135e-01
5.256000537598424227e-01
-6.743954722922835820e-01
-3.013930287519323015e-01
1.615060128055723077e-02
-2.644209012859135566e+00
-4.368198650372460135e-01
5.256000537598424227e-01
-6.673768187574394828e-01
-3.270200627408725302e-01
3.016199521770773773e-02
0.000000000000000000e+00
0.000000000000000000e+00
0.000000000000000000e+00
0.000000000000000000e+00
0.000000000000000000e+00
0.000000000000000000e+00
-2.161832391832309297e-01
-3.880264813545445331e-10
1.164079638546571725e-09
0.000000000000000000e+00
-0.000000000000000000e+00
0.000000000000000000e+00
-2.161832452157554374e-01
2.461987063719026092e-01
-7.690717162290908737e-01
-0.000000000000000000e+00
0.000000000000000000e+00
0.000000000000000000e+00
-3.886110164327288841e-01
1.198421330439572108e+00
-4.642419157557735598e-01
-1.631330052419324717e-01
-4.010927638752057739e-02
3.301612837796193828e-02
-1.250963587360061080e+00
1.082582304467643253e+00
-5.901777398425555043e-01
-3.262660104838649988e-01
-8.021855269928288013e-02
6.603225678017597688e-02
-1.412563274741356123e+00
1.296686445390079045e+00
3.194465872103543491e-01
-5.717959828688173873e-01
-3.452442183782797880e-01
1.003218576903286696e-01
-1.386550300323962315e+00
5.995258301794612610e-01
4.881631219333419369e-01
-6.933509631017490404e-01
-4.801653731583186979e-01
1.104842190699011212e-01
-2.672297918100676739e+00
5.629460219891322392e-01
5.352487064080937440e-01
-6.970657536987225900e-01
-4.348352886927076000e-01
4.426188664299718356e-02
-2.672297918100676739e+00
5.629460219891316841e-01
5.352487064080938550e-01
-6.970657535193226506e-01
-4.348352885539346069e-01
4.426188739272107070e-02
-2.577173227138732425e+00
1.831025171945867447e+00
5.371753126447461613e-01
-7.138400868178722547e-01
-4.662753694242639524e-01
-6.419127188918016813e-03
-2.577173227138732425e+00
1.831025171945867447e+00
5.371753126447461613e-01
-6.859337776280935994e-01
-4.072635900444401824e-01
-7.368331398805400001e-02
-2.632808968532447835e+00
-3.723281121501543223e-01
8.869629609841735984e-01
-7.025519132361291996e-01
-3.233656295130097336e-01
-1.003663076731844961e-01
-2.632808968532447835e+00
-3.723281121501543223e-01
8.869629609841735984e-01
-6.923325772702636494e-01
-3.315135402335129267e-01
-7.345214753694140342e-02
-2.644216949363262348e+00
-4.366121769583329870e-01
5.255087828114137771e-01
-6.747222108468301505e-01
-3.018976561445845253e-01
1.599818756554671761e-02
-2.644216949363262348e+00
-4.366121769583329870e-01
5.255087828114137771e-01
-6.677005736594834318e-01
-3.275690702778911723e-01
3.000038941906030265e-02
