-2.221441471072811424e+00
nan
-2.221441467085554233e+00
2.610459999999999864e-02
2.799937000000000120e-01
-1.333499999999999686e-01
1.423764185971503782e+00
-1.054401179382544518e+00
-1.423764191745490848e+00
8.860460000000003333e-02
2.799937001121810543e-01
-1.333500001121810108e-01
-1.766388998163059137e-02
3.105560493265458799e+00
4.628743384444190534e-01
2.073546000000000555e-01
2.799937003253250012e-01
-1.333500007516129071e-01
-1.016458006352372934e+00
-9.346301298535809599e-01
-1.245599436971942975e+00
2.096865332893392275e-01
8.391659523856240255e-02
-1.931273455230960445e-01
-1.663053281429205610e+00
9.383364288864157743e-01
-1.482023985283898559e+00
2.120184665786783995e-01
-1.121605099555013085e-01
-2.529046899426182771e-01
-1.491202111162534816e-01
-7.455750377713736832e-01
-2.902750075708614208e+00
1.880767864074021356e-01
-2.132193157144330331e-01
-4.326744419287487098e-01
6.622155591017717668e-01
9.921316276901214204e-01
-1.426595940461653056e+00
1.817714847117755383e-01
-2.635709291968654222e-01
-5.231676499072642761e-01
-1.511265833511734602e+00
-7.776696593815447534e-01
1.892346199957591457e+00
2.833941396615923813e-01
-2.551746372648618921e-01
-5.423092481358096073e-01
-1.511265833694502847e+00
-7.776696533723840288e-01
1.892346203004036331e+00
2.833941397137651474e-01
-2.551746374804398920e-01
-5.423092479533857535e-01
7.059562220208762673e-01
-1.006912924961132605e+00
1.843477335922673266e+00
3.934639075857901958e-01
-2.685309684698068411e-01
-5.851720011111217756e-01
7.059562220208762673e-01
-1.006912924961132605e+00
1.843477335922673266e+00
4.365771374381376968e-01
-2.694181607326484040e-01
-5.918953504399465659e-01
-5.535526841523103619e-02
-2.757777309015934097e+00
-9.602335515485157513e-01
3.940762278952203435e-01
-2.112897800868553111e-01
-5.571922677187872708e-01
-5.535526841523103619e-02
-2.757777309015934097e+00
-9.602335515485157513e-01
4.141875637050689285e-01
-2.387141994071482476e-01
-5.845450833233689636e-01
-9.545798752178696889e-01
2.364927276719928972e+00
1.469753663211451622e+00
4.021908120923020080e-01
-2.447671371578608590e-01
-5.289049257466459375e-01
-9.545798752178696889e-01
2.364927276719928972e+00
1.469753663211451622e+00
4.433296638186047245e-01
-2.452326332786099461e-01
-5.434692422981648452e-01
-2.221441471072811424e+00
nan
-2.221441467085554233e+00
2.610459999999999864e-02
2.799937000000000120e-01
1.333500000000000241e-01
1.424041450436515754e+00
-1.054177659627939523e+00
-1.424041456212397083e+00
8.860460000000003333e-02
2.799937001121810543e-01
1.333499998878189818e-01
-1.758212495329276176e-02
3.105476330840651222e+00
4.634792930265761446e-01
2.073546000000000833e-01
2.799937003253250012e-01
1.333499992483870855e-01
-1.016396707975283142e+00
-9.339667232292708787e-01
-1.245285264444224493e+00
2.096758025118384550e-01
8.393974876585150180e-02
7.349634358046089333e-02
-1.664089840052843883e+00
9.379790773281028171e-01
-1.482008526815689509e+00
2.119970050236768266e-01
-1.121142029010599450e-01
1.364268826445383387e-02
-1.497378425898909793e-01
-7.466262235061306152e-01
-2.902520118522919912e+00
1.879827120803978235e-01
-2.133078300613894807e-01
-1.660415168192724555e-01
6.616745407189538186e-01
9.916238121285048113e-01
-1.426831863445360060e+00
1.816407420110293380e-01
-2.637260377738949724e-01
-2.564950753269281680e-01
-1.511209541392372291e+00
-7.775712660700653256e-01
1.892341575149278921e+00
2.832627195655410546e-01
-2.553369575810920944e-01
-2.756434306460945893e-01
-1.511209541574851434e+00
-7.775712600610140690e-01
1.892341578195708029e+00
2.832627196177108786e-01
-2.553369577966722592e-01
-2.756434304636724564e-01
7.065740271606694156e-01
-1.006048332033318005e+00
1.842020206257623416e+00
3.933287381907308866e-01
-2.687012792889201251e-01
-3.185133202663705809e-01
7.065740271606694156e-01
-1.006048332033318005e+00
1.842020206257623416e+00
4.364315333764938742e-01
-2.696267874234030137e-01
-3.252981272995273399e-01
-1.135676567583439711e+00
2.653677271979029140e+00
1.055289141372252937e+00
3.939468749468614805e-01
-2.114599067917784792e-01
-2.905340914357862347e-01
-1.135676567583439711e+00
2.653677271979029140e+00
1.055289141372252937e+00
4.356007022392575645e-01
-2.140832299810107864e-01
-3.032941060106242315e-01
-9.541397109133241683e-01
2.365238825654754962e+00
1.469883085622062380e+00
4.020609964452758756e-01
-2.449375979836368178e-01
-2.622470121632359819e-01
-9.541397109133241683e-01
2.365238825654754962e+00
1.469883085622062380e+00
4.431949950744479838e-01
-2.454128569596311649e-01
-2.768247146670946290e-01
0.000000000000000000e+00
0.000000000000000000e+00
0.000000000000000000e+00
0.000000000000000000e+00
0.000000000000000000e+00
0.000000000000000000e+00
1.071609726682229424e-01
1.923428260214840724e-10
-5.770285744686919483e-10
0.000000000000000000e+00
-0.000000000000000000e+00
0.000000000000000000e+00
1.071609666781901532e-01
2.338728091937042064e-01
-7.671318217839953046e-01
-0.000000000000000000e+00
0.000000000000000000e+00
0.000000000000000000e+00
9.633412093007316657e-02
1.144231858647905220e+00
-4.895938277851924481e-01
-1.643972823831872931e-01
4.616897818638134726e-03
-2.155718791378855720e-02
-1.498880541653664578e+00
1.080576155051995446e+00
-3.430250664922057657e-01
-3.287945647663745863e-01
9.233795599559800615e-03
-4.311437583907559712e-02
-1.475710170115440478e+00
1.265605460270843086e+00
-1.048566524478949935e-02
-5.577151757272786892e-01
-2.520069911976691723e-01
1.342315103807067700e-01
-1.370594639998376385e+00
6.974133513001311568e-01
2.983397711683061226e-01
-6.727718440258246835e-01
-3.854826232550884191e-01
2.165159227330939462e-01
-2.674344863821989993e+00
5.896945825150039511e-01
5.439135840681540435e-01
-6.886263980092915959e-01
-3.813999155648910011e-01
1.341350136586597908e-01
-2.674344863821989549e+00
5.896945825150035070e-01
5.439135840681542655e-01
-6.886263977844616635e-01
-3.813999150486493406e-01
1.341350142044237803e-01
-2.855264372684511720e+00
3.125415737251154624e+00
-9.508319762262453789e-01
-7.066376412548294184e-01
-4.361612568644873678e-01
1.049469035725263955e-01
-2.855264372684511720e+00
3.125415737251154624e+00
-9.508319762262453789e-01
-7.284944738267457032e-01
-4.963516342101971790e-01
-2.726669503191389565e-02
-2.935326011042682204e+00
1.417900808162964932e+00
-4.783487932996093317e-01
-7.212724039828468658e-01
-3.610007512414892261e-01
-4.849685654772153964e-02
-2.935326011042682204e+00
1.417900808162964932e+00
-4.783487932996093317e-01
-7.731744212229205715e-01
-4.509104155771562206e-01
3.486875522854732123e-03
-2.511757647272836902e+00
-2.686210977310298786e-01
1.030595811048540922e+00
-6.863827223985058401e-01
-2.809370109532592918e-01
3.624801504907598781e-02
-2.511757647272836902e+00
-2.686210977310298786e-01
1.030595811048540922e+00
-6.819907013466313117e-01
-2.751215161683647770e-01
4.846799200025680987e-02
0.000000000000000000e+00
0.000000000000000000e+00
0.000000000000000000e+00
0.000000000000000000e+00
0.000000000000000000e+00
0.000000000000000000e+00
1.083907206714359167e-01
1.945500960783225981e-10
-5.836503857455145228e-10
0.000000000000000000e+00
-0.000000000000000000e+00
0.000000000000000000e+00
1.083907146776656866e-01
2.343155620036904419e-01
-7.675135518585112226e-01
-0.000000000000000000e+00
0.000000000000000000e+00
0.000000000000000000e+00
9.759355039798495168e-02
1.146268187003962158e+00
-4.891019329280759664e-01
-1.644987076831133932e-01
4.706026129473532896e-03
-2.179432179599750941e-02
-1.502708189982683074e+00
1.082157309301248205e+00
-3.411650047586421430e-01
-3.289974153662268419e-01
9.412052220802288524e-03
-4.358864360364027302e-02
-1.479561773314926665e+00
1.266169663599747253e+00
-1.103481943786757680e-02
-5.579677155552635881e-01
-2.524080380027717840e-01
1.344630913405118755e-01
-1.374214932739372230e+00
6.971397630180968807e-01
2.987524547928402940e-01
-6.730536231207904230e-01
-3.861696829364083539e-01
2.170899542602788279e-01
-2.674358437930841159e+00
5.898105397872481781e-01
5.437349898785350799e-01
-6.889089613112344690e-01
-3.821238234980929294e-01
1.347168336375984266e-01
-2.674358437930841159e+00
5.898105397872476230e-01
5.437349898785354130e-01
-6.889089610864215230e-01
-3.821238229818643695e-01
1.347168341833668570e-01
-2.856161389358740088e+00
3.139008897185401104e+00
-9.589634871631484980e-01
-7.069274247202497197e-01
-4.369265290141033375e-01
1.055397223065942247e-01
-2.856161389358740088e+00
3.139008897185401104e+00
-9.589634871631484980e-01
-7.291125228710565453e-01
-4.976390396742735867e-01
-2.711693467582841632e-02
-2.479776315961259581e+00
-2.766701638879792702e-02
1.305876227070615903e+00
-7.215491177562185499e-01
-3.617639397213942010e-01
-4.790880880367451300e-02
-2.479776315961259581e+00
-2.766701638879792702e-02
1.305876227070615903e+00
-7.177703508351135353e-01
-3.390111788277528349e-01
-4.025111696754946067e-02
-2.511798787422494961e+00
-2.685124837469696213e-01
1.030413474401617790e+00
-6.866621081801093096e-01
-2.817022188136175664e-01
3.683674273683557043e-02
-2.511798787422494961e+00
-2.685124837469696213e-01
1.030413474401617790e+00
-6.822580998207788960e-01
-2.759334478426989645e-01
4.907548979481329843e-02
