-2.221441471072811424e+00
nan
-2.221441467085554233e+00
2.610459999999999864e-02
2.799937000000000120e-01
-1.333499999999999686e-01
1.429973657640609463e+00
-1.049379790824055636e+00
-1.429973663457045463e+00
8.860460000000003333e-02
2.799937001121810543e-01
-1.333500001121810108e-01
-1.619938133029550587e+00
-2.466151164174266608e+00
-3.785672378970214580e-01
2.073546000000000833e-01
2.799937003253250012e-01
-1.333500007516129071e-01
-1.222167763239325300e+00
8.944788578386045907e-01
-8.886063978543015107e-01
1.921584230125086834e-02
2.023248980969357680e-01
-1.577705865754359116e-01
-2.839193186675495806e+00
9.661860845393689390e-01
-5.091343552444999726e-02
-1.689229153974984021e-01
1.246560957581814150e-01
-1.821911720482467523e-01
6.412315237146102298e-01
1.691231906020314035e+00
2.002718467532185187e+00
-2.950822484925584854e-01
-3.915819235907695706e-02
-2.009515473548756370e-01
1.212908389204580273e-01
1.607066382539463767e-01
-2.280379868289760026e+00
-3.577801366097783653e-01
-1.204417498586958235e-01
-2.159855290578955866e-01
-3.071593009496489599e-02
-1.598213943235086809e+00
-1.099321551228856775e+00
-2.793374520422001184e-01
-1.878844621975844509e-01
-2.238778221470645868e-01
-3.071593056623674045e-02
-1.598213944575603618e+00
-1.099321545576726900e+00
-2.793374519386517818e-01
-1.878844620509173557e-01
-2.238778223712092619e-01
8.758113706579827573e-01
2.574528901302525430e+00
1.242053023338607343e+00
-1.745470094556379470e-01
-2.433565037198310854e-01
-2.153468937900713254e-01
8.758113706579827573e-01
2.574528901302525430e+00
1.242053023338607343e+00
-1.702474548084281503e-01
-2.747685366622687475e-01
-2.453392118210083184e-01
4.472529917769109131e-01
-2.093108088855937243e-01
-2.542185533575671563e-01
-2.155306785208407905e-01
-2.891696903181445455e-01
-2.321184431526690239e-01
4.472529917769109131e-01
-2.093108088855937243e-01
-2.542185533575671563e-01
-2.458853684328163314e-01
-3.135126015934942556e-01
-2.518860073829494728e-01
5.513633286567957148e-01
-6.685591165294610949e-01
4.441069722160783106e-01
-1.994276989152946045e-01
-2.664019916816179334e-01
-2.668902647273244666e-01
5.513633286567957148e-01
-6.685591165294610949e-01
4.441069722160783106e-01
-1.969759157334937116e-01
-2.992010141680684909e-01
-2.955774396975572316e-01
-2.221441471072811424e+00
nan
-2.221441467085554233e+00
2.610459999999999864e-02
2.799937000000000120e-01
1.333500000000000241e-01
1.428304990424259513e+00
-1.050732389650458787e+00
-1.428304996229282420e+00
8.860460000000003333e-02
2.799937001121810543e-01
1.333499998878189818e-01
-1.620239733915428637e+00
-2.467979536623804204e+00
-3.758884149232299965e-01
2.073546000000000555e-01
2.799937003253250012e-01
1.333499992483870855e-01
-1.220600066209083456e+00
8.968716918566312923e-01
-8.841741679275031407e-01
1.925732842790101040e-02
2.021764263358695191e-01
1.090829785004247404e-01
-2.835684407842991028e+00
9.676478753030145485e-01
-4.515385269217989800e-02
-1.688399431441980347e-01
1.243591522368718560e-01
8.481595810373224187e-02
6.422988661921297249e-01
1.688285494083438865e+00
2.002648974732691212e+00
-2.952721457065549115e-01
-3.920775137924742415e-02
6.573674961212233603e-02
1.231958633771230299e-01
1.615955507568059279e-01
-2.280095057459319285e+00
-3.581211388604449986e-01
-1.203451312183367317e-01
5.054490468171242423e-02
-3.057279146930250158e-02
-1.598169775977648310e+00
-1.099089289944341186e+00
-2.796623155833690699e-01
-1.877690698123521407e-01
4.265262652854147352e-02
-3.057279194032433770e-02
-1.598169777318219742e+00
-1.099089284292285473e+00
-2.796623154798654198e-01
-1.877690696656701963e-01
4.265262630438586278e-02
9.002577386929030423e-01
2.572528481654380084e+00
1.246732105904013510e+00
-1.748580030930061147e-01
-2.432151465982515526e-01
5.118196643501125853e-02
9.002577386929030423e-01
2.572528481654380084e+00
1.246732105904013510e+00
-1.712653250479923006e-01
-2.744742772262391273e-01
2.093794981259011756e-02
3.420354262409518453e-01
-3.609538659990862985e-01
4.801774865144030624e-01
-2.158311598247577012e-01
-2.890391101822131770e-01
3.441417429498633274e-02
3.420354262409518453e-01
-3.609538659990862985e-01
4.801774865144030624e-01
-2.180620068826372160e-01
-3.285048034244655302e-01
1.591489044606967523e-02
5.513185539198420804e-01
-6.685393780216820625e-01
4.446219616388887852e-01
-1.997351173260454027e-01
-2.662690990461032969e-01
-3.593449077214233567e-04
5.513185539198420804e-01
-6.685393780216820625e-01
4.446219616388887852e-01
-1.972647092867562957e-01
-2.990723202527150737e-01
-2.904012047602695656e-02
0.000000000000000000e+00
0.000000000000000000e+00
0.000000000000000000e+00
0.000000000000000000e+00
0.000000000000000000e+00
0.000000000000000000e+00
-7.781074162268466488e-01
-1.396622069199707720e-09
4.189866907600738040e-09
0.000000000000000000e+00
-0.000000000000000000e+00
0.000000000000000000e+00
-7.781074197799375813e-01
1.426666925667424979e-01
-4.537463002388730238e-01
0.000000000000000000e+00
0.000000000000000000e+00
0.000000000000000000e+00
6.201228533600424697e-01
7.198942241871107983e-01
-2.722547122559174082e-01
-3.872593586514348762e-02
6.636542621245571094e-02
8.727580560382651453e-02
6.842833918848181263e-01
8.217379906468671447e-01
-1.090464705455041594e+00
-7.745187173028697525e-02
1.327308526980365555e-01
1.745516112935288910e-01
-5.764533330332409777e-01
-8.127216243271984109e-01
-1.392769829661254732e+00
-2.715016842796506569e-01
2.831405659497978067e-01
1.661261314603379169e-01
-6.241525422649383259e-01
-1.027144085248137939e+00
-3.453614448380362689e-02
-3.724925287828719234e-01
3.617979040414718295e-01
1.620263796292804315e-01
-2.781353235667365364e+00
8.275536051608665122e-01
1.825046136593250212e-01
-3.667152178750027192e-01
3.541628013576436640e-01
2.846928594774141841e-01
-2.781353235667365364e+00
8.275536051608669563e-01
1.825046136593245216e-01
-3.667152180872617628e-01
3.541628007531162359e-01
2.846928589837892654e-01
-4.167310087808171026e+00
-1.655317092484363872e+00
2.584220241223995629e+00
-3.495315138508920949e-01
3.970150657860633259e-01
3.522604931054768018e-01
-4.167310087808171026e+00
-1.655317092484363872e+00
2.584220241223995629e+00
-2.187091058232129015e-01
2.831387724465570521e-01
4.902813011626568906e-01
-4.568169583496873187e+00
-1.975758971531592856e+00
6.378465030061726715e+00
-3.550497520694156917e-01
3.428877540101609167e-01
5.135993309745570112e-01
-4.568169583496873187e+00
-1.975758971531592856e+00
6.378465030061726715e+00
-1.607234013963987629e-01
5.896984025166959742e-02
5.648283269147273966e-01
-2.326610232573625314e+00
1.432911697301759046e+00
-4.707567286967242470e-01
-3.879805084151032313e-01
2.491139036351190383e-01
4.369482398767529086e-01
-2.326610232573625314e+00
1.432911697301759046e+00
-4.707567286967242470e-01
-4.445270575226637488e-01
1.812158353756072593e-01
5.097455924116910397e-01
0.000000000000000000e+00
0.000000000000000000e+00
0.000000000000000000e+00
0.000000000000000000e+00
0.000000000000000000e+00
0.000000000000000000e+00
-7.763603444223990957e-01
-1.393486256601493712e-09
4.180459468234393501e-09
0.000000000000000000e+00
-0.000000000000000000e+00
0.000000000000000000e+00
-7.763603479345330127e-01
1.399752268200144534e-01
-4.488597935727652866e-01
0.000000000000000000e+00
0.000000000000000000e+00
0.000000000000000000e+00
6.245690037778560688e-01
7.195503713417003011e-01
-2.681214932870075729e-01
-3.832582727274436857e-02
6.558934981823014154e-02
8.674320416230094088e-02
6.866309520654287901e-01
8.246510224838898839e-01
-1.086200049713931248e+00
-7.665165454548876489e-02
1.311786999091723027e-01
1.734864084096461034e-01
-5.777235143285144314e-01
-8.076171085244232550e-01
-1.391819535828787480e+00
-2.700517221756608133e-01
2.816097397090951970e-01
1.654387547712538320e-01
-6.268785173939147581e-01
-1.023725124411638765e+00
-3.426349355257668483e-02
-3.707111186458170726e-01
3.603075101455190943e-01
1.615558048706841054e-01
-2.781667751522275189e+00
8.280025846213145968e-01
1.824896374823020695e-01
-3.649417748968762365e-01
3.526717371325018835e-01
2.841426921538742212e-01
-2.781667751522275189e+00
8.280025846213148188e-01
1.824896374823015144e-01
-3.649417751092455253e-01
3.526717365278638217e-01
2.841426916601524910e-01
-4.139779119953780118e+00
-1.606438036909143774e+00
2.537310473206041639e+00
-3.477611249567309493e-01
3.955232278850490668e-01
3.515970142761580819e-01
-4.139779119953780118e+00
-1.606438036909143774e+00
2.537310473206041639e+00
-2.198618667398527515e-01
2.794354189984858960e-01
4.867743252236872986e-01
-2.527682052084249342e+00
1.226705995018717799e+00
-6.987179742746889577e-01
-3.532825016846251609e-01
3.414036247064300422e-01
5.129899356985794245e-01
-2.527682052084249342e+00
1.226705995018717799e+00
-6.987179742746889577e-01
-4.035510733212169798e-01
2.962020498823097481e-01
6.154832536399539311e-01
-2.327098416816836490e+00
1.433441253640299839e+00
-4.708178995949735546e-01
-3.862303565385427073e-01
2.476126086938072735e-01
4.363237652283514789e-01
-2.327098416816836490e+00
1.433441253640299839e+00
-4.708178995949735546e-01
-4.427869071329968431e-01
1.797065089515238467e-01
5.091189045679086478e-01
