-2.221441471072811424e+00
nan
-2.221441467085554233e+00
2.610459999999999864e-02
2.799937000000000120e-01
-1.333499999999999686e-01
1.569069805626107428e+00
-9.279050776629510500e-01
-1.569069812409567222e+00
8.860460000000003333e-02
2.799937001121810543e-01
-1.333500001121810108e-01
-7.154235108867185167e-01
-2.841931655271947577e+00
-7.297415504752877702e-01
2.073546000000000833e-01
2.799937003253250012e-01
-1.333500007516129071e-01
-1.202411384296182995e+00
-1.215757736955619117e-01
-1.152018609701759955e+00
1.102928510757687636e-01
1.217659658349793395e-01
-2.203442588024875359e-01
-2.746796534670848278e+00
5.684302686856466114e-01
-1.262164215806459877e+00
1.323110215153745772e-02
-3.646176883264162782e-02
-3.073385165309284739e-01
-7.669410437993027241e-01
-1.713222896761247060e+00
-2.310314341418442385e+00
-5.801537690342409292e-02
-2.281116686451334086e-01
-3.433594149668753870e-01
-1.552379673701417551e-01
6.279262594115068152e-01
-1.753601072572654962e+00
-8.942682225829207132e-02
-3.245589063744774294e-01
-3.651611106600443635e-01
1.369843109590810348e+00
-4.911310268035375959e-01
-2.440798420596872020e+00
-1.318704733380277050e-04
-3.398991918505400167e-01
-4.157095995319745607e-01
1.369843108967740974e+00
-4.911310334596169502e-01
-2.440798418032131156e+00
-1.318703294631295986e-04
-3.398991917308815114e-01
-4.157095993141301515e-01
-4.213695598129235109e-01
3.175514461324459026e-01
-7.098113295924166621e-01
1.027813745756957220e-01
-3.837757897330745238e-01
-4.558925453983183051e-01
-4.213695598129235109e-01
3.175514461324459026e-01
-7.098113295924166621e-01
6.502521574483199895e-02
-3.915122303869756903e-01
-4.354142378276898429e-01
-1.668854239239353277e+00
-2.277991471429413384e+00
1.261726082841269747e+00
8.495378594623567703e-02
-3.417022429480767176e-01
-5.002973628053222210e-01
-1.668854239239353277e+00
-2.277991471429413384e+00
1.261726082841269747e+00
6.728739725101262614e-02
-3.648096670367327876e-01
-4.677598953705894846e-01
1.426936982544489751e+00
-2.107646583307415167e+00
-1.153147952848669194e-01
1.073041743636947293e-01
-3.231602175635155394e-01
-4.664830601919752184e-01
1.426936982544489751e+00
-2.107646583307415167e+00
-1.153147952848669194e-01
1.432149022410342254e-01
-3.169314948527008347e-01
-4.904906373567258782e-01
-2.221441471072811424e+00
nan
-2.221441467085554233e+00
2.610459999999999864e-02
2.799937000000000120e-01
1.333500000000000241e-01
1.568938460340231655e+00
-9.280283560278350663e-01
-1.568938467122762859e+00
8.860460000000003333e-02
2.799937001121810543e-01
1.333499998878189818e-01
-7.169379245881125629e-01
-2.841425983745700545e+00
-7.293243137532062770e-01
2.073546000000000833e-01
2.799937003253250012e-01
1.333499992483870855e-01
-1.202913287650780649e+00
-1.193900484872479489e-01
-1.150634568733900798e+00
1.100967165149845245e-01
1.218419766310103181e-01
4.643661482152046382e-02
-2.749005897333252513e+00
5.666730352043287677e-01
-1.259142891432846412e+00
1.283883302996896569e-02
-3.630974724051849734e-02
-4.047676928287888276e-02
-7.665249664720801270e-01
-1.714847095399391064e+00
-2.308997378372189768e+00
-5.826607870052495641e-02
-2.280622744180303973e-01
-7.623022853979927183e-02
-1.563685844277423742e-01
6.267243514470463017e-01
-1.753498199618076514e+00
-8.961503223135677820e-02
-3.245577899807918776e-01
-9.790789190093235339e-02
1.370026725036569859e+00
-4.913573850393255227e-01
-2.440778751215789910e+00
-3.143039634476291200e-04
-3.399137561823725173e-01
-1.484414127839757125e-01
1.370026724412857000e+00
-4.913573916956458509e-01
-2.440778748651069030e+00
-3.143038195903002929e-04
-3.399137560627185639e-01
-1.484414125661171757e-01
-4.227627185113336794e-01
3.159471747568032840e-01
-7.174404774204201640e-01
1.025992095225577438e-01
-3.838071751250234920e-01
-1.886052958414731751e-01
-4.227627185113336794e-01
3.159471747568032840e-01
-7.174404774204201640e-01
6.474749686772274249e-02
-3.912208937851348045e-01
-1.681840875193751916e-01
1.392048659286756473e+00
-1.845594529484748447e+00
2.386399558843091129e-01
8.478427675658277429e-02
-3.417342694799388458e-01
-2.330157996157335987e-01
1.392048659286756473e+00
-1.845594529484748447e+00
2.386399558843091129e-01
1.183258347603195065e-01
-3.375019744873609118e-01
-2.606163918265497759e-01
1.426483858119719450e+00
-2.108066545367919264e+00
-1.150680806769796005e-01
1.071319290309740574e-01
-3.231929536167976735e-01
-1.991992996063280674e-01
1.426483858119719450e+00
-2.108066545367919264e+00
-1.150680806769796005e-01
1.430505813681312577e-01
-3.169834822842785282e-01
-2.232000080263530362e-01
0.000000000000000000e+00
0.000000000000000000e+00
0.000000000000000000e+00
0.000000000000000000e+00
0.000000000000000000e+00
0.000000000000000000e+00
2.917163675701753278e-01
5.236006088605429478e-10
-1.570802089015740269e-09
0.000000000000000000e+00
-0.000000000000000000e+00
0.000000000000000000e+00
2.917163577634830363e-01
6.403648149651021138e-01
-1.164714491408743058e+00
0.000000000000000000e+00
0.000000000000000000e+00
0.000000000000000000e+00
7.581933162037239882e-01
1.400804362229584044e+00
-7.466217082402892835e-01
-2.399981972634551985e-01
1.384268736384668685e-01
1.599731048736351136e-02
-5.921448531505451029e-01
1.569299909949724237e+00
4.535208942475280613e-01
-4.799963945269103416e-01
2.768537471828745322e-01
3.199462092301297300e-02
-1.021399842516134804e+00
2.512944015074307647e-01
1.555885149126572942e-01
-4.496067532533395972e-01
2.232123906751759534e-01
2.572862158689835366e-01
-1.305422357055370020e+00
4.723781395489017321e-01
-4.132368849948056533e-01
-4.400793148386651366e-01
1.960568819935644413e-01
3.636909296577866546e-01
-2.740021261823949228e+00
7.188327976372343997e-01
3.988673273290129773e-01
-4.702964877540550259e-01
9.316978678340648301e-02
3.415354980865653034e-01
-2.740021261823949228e+00
7.188327976372345107e-01
3.988673273290135324e-01
-4.702964876451892762e-01
9.316978743769177562e-02
3.415354976552765764e-01
-5.013893870781858553e+00
-7.125812250835705797e-01
-4.334275032634685054e+00
-4.816803658187679971e-01
2.411639174636771854e-02
3.877808933286863158e-01
-5.013893870781858553e+00
-7.125812250835705797e-01
-4.334275032634685054e+00
-5.298046848827484556e-01
2.904380291075296383e-01
3.996662557908022273e-01
-4.259959620050076445e+00
-1.115857498169633200e+00
-1.729349587667704302e+00
-5.303817681013994756e-01
-1.046645947055866999e-01
2.853135359870883070e-01
-4.259959620050076445e+00
-1.115857498169633200e+00
-1.729349587667704302e+00
-6.066497594296764717e-01
6.449506471073045144e-02
3.640370572369919233e-01
-2.230872416889086107e+00
9.636843440249316384e-01
1.223982576208251905e+00
-5.134707464621018902e-01
-3.097846898429758994e-03
2.184417999617103701e-01
-2.230872416889086107e+00
9.636843440249316384e-01
1.223982576208251905e+00
-5.442303207838123935e-01
-1.270158337078873545e-02
1.699397080357715750e-01
0.000000000000000000e+00
0.000000000000000000e+00
0.000000000000000000e+00
0.000000000000000000e+00
0.000000000000000000e+00
0.000000000000000000e+00
2.864052258642236226e-01
5.140676606268036393e-10
-1.542203239536508853e-09
0.000000000000000000e+00
-0.000000000000000000e+00
0.000000000000000000e+00
2.864052160431516114e-01
6.410655856624607463e-01
-1.166513387319478401e+00
0.000000000000000000e+00
0.000000000000000000e+00
0.000000000000000000e+00
7.559845932611922725e-01
1.404651891887127579e+00
-7.468792012028930838e-01
-2.402032826065849114e-01
1.383450697514468364e-01
1.705320344434588242e-02
-5.856304198622692692e-01
1.571412444120194207e+00
4.509704536788658458e-01
-4.804065652131699338e-01
2.766901394105374390e-01
3.410640683793664252e-02
-1.014900938459514901e+00
2.500707295651667939e-01
1.541317798182523235e-01
-4.501152718345275416e-01
2.236856117524819443e-01
2.581376629699202452e-01
-1.299634852996600198e+00
4.706697721605362927e-01
-4.160730440177740630e-01
-4.406631953683459724e-01
1.968530608605117138e-01
3.639105079522611530e-01
-2.740015309413534439e+00
7.183545794787862260e-01
3.990098449442412987e-01
-4.708369997301632415e-01
9.402231003284405864e-02
3.418365034016465076e-01
-2.740015309413533551e+00
7.183545794787864480e-01
3.990098449442416317e-01
-4.708369996214066266e-01
9.402231068718022722e-02
3.418365029704523717e-01
-5.003636015543230897e+00
-7.069626470393352013e-01
-4.314169704897569346e+00
-4.821750027677874084e-01
2.503616062852419971e-02
3.881767495840883209e-01
-5.003636015543230897e+00
-7.069626470393352013e-01
-4.314169704897569346e+00
-5.285960747030054030e-01
2.905151660838618533e-01
3.985125523074916076e-01
-2.264260320913937807e+00
1.292641711729077603e+00
1.065231640331849139e+00
-5.308649950887858182e-01
-1.037576331723603917e-01
2.856937825405903575e-01
-2.264260320913937807e+00
1.292641711729077603e+00
1.065231640331849139e+00
-5.710510463862236152e-01
-1.305230300974313806e-01
2.327535479704830601e-01
-2.230961555057432211e+00
9.631937581521509140e-01
1.224187432959398247e+00
-5.139709250126991424e-01
-2.182972166933749847e-03
2.188367548670029916e-01
-2.230961555057432211e+00
9.631937581521509140e-01
1.224187432959398247e+00
-5.446898143246885482e-01
-1.175646714616702948e-02
1.703870413145345264e-01
