-2.221441471072811424e+00
nan
-2.221441467085554233e+00
2.610459999999999864e-02
2.799937000000000120e-01
-1.333499999999999686e-01
1.572624080979201366e+00
-9.245625956048995064e-01
-1.572624087787799274e+00
8.860460000000003333e-02
2.799937001121810543e-01
-1.333500001121810108e-01
-1.162909820937417127e+00
-2.610261366145109285e+00
-6.774062413318887588e-01
2.073546000000000833e-01
2.799937003253250012e-01
-1.333500007516129071e-01
-1.259027723204395599e+00
3.710561093436602342e-01
-1.065827209336076331e+00
5.494444858847960522e-02
1.601963484586049202e-01
-2.000188857913274276e-01
-2.997444635419860948e+00
5.336166459767222037e-01
-7.193333035582669677e-01
-9.746570282304090060e-02
4.039899641295527366e-02
-2.666877705095233586e-01
-7.832636374279856595e-01
-1.906893738278868877e+00
-2.254773353116347412e+00
-1.696412002229947813e-01
-1.540707221702921625e-01
-2.753754703904940371e-01
-2.694322396153392418e-01
4.769705961454506205e-01
-2.023116776043198950e+00
-2.032370541963631205e-01
-2.517747811311472628e-01
-2.848252300897596290e-01
8.013708999505479991e-01
-1.096212020148833899e+00
-1.965050536390453573e+00
-1.211457288237048346e-01
-2.957248185052512857e-01
-3.305796944989866648e-01
8.013708993683071879e-01
-1.096212024690629949e+00
-1.965050531968404401e+00
-1.211457286700786951e-01
-2.957248182672027603e-01
-3.305796944520157377e-01
-1.275973602546899954e+00
-4.970360241387932199e-01
-1.606901985327175986e+00
-1.966387093254454155e-02
-3.534121727736692087e-01
-3.530421668302773930e-01
-1.275973602546899954e+00
-4.970360241387932199e-01
-1.606901985327175986e+00
-5.191312080717211397e-02
-3.271365549563468589e-01
-3.662451557135511515e-01
1.560215072484981924e+00
9.329555425859273887e-01
-1.560330311297703387e+00
-5.037989304145620850e-02
-3.528369612891547602e-01
-4.088632128784565611e-01
1.560215072484981924e+00
9.329555425859273887e-01
-1.560330311297703387e+00
-8.220255644591328847e-02
-3.357897770854141317e-01
-3.843386796682124462e-01
1.207528839631554662e+00
-1.481638559447606251e+00
3.078052411499880847e-01
-2.651126801055807281e-02
-3.159095056700101378e-01
-4.015553137528193872e-01
1.207528839631554662e+00
-1.481638559447606251e+00
3.078052411499880847e-01
-2.004985531433661761e-03
-3.194078174595305075e-01
-4.374989509962406986e-01
-2.221441471072811424e+00
nan
-2.221441467085554233e+00
2.610459999999999864e-02
2.799937000000000120e-01
1.333500000000000241e-01
1.571642560475674744e+00
-9.254868837280165739e-01
-1.571642567277328650e+00
8.860460000000003333e-02
2.799937001121810543e-01
1.333499998878189818e-01
-1.164800718001171242e+00
-2.610250006838163550e+00
-6.754266767707534092e-01
2.073546000000000833e-01
2.799937003253250012e-01
1.333499992483870855e-01
-1.259394417296157309e+00
3.737815147071322230e-01
-1.063566964713635876e+00
5.477842533403570746e-02
1.602634494647798280e-01
6.694082854755646628e-02
-2.997541212842907754e+00
5.339520481048739553e-01
-7.145100122307126433e-01
-9.779774933192866837e-02
4.053319842576159904e-02
5.316581684980531408e-04
-7.830508815455885507e-01
-1.906665403597201491e+00
-2.255608217201280574e+00
-1.699891702756064493e-01
-1.539267298195895473e-01
-8.242454262150047950e-03
-2.686217625575054724e-01
4.770845572421669178e-01
-2.023165943932204947e+00
-2.036073163427053745e-01
-2.516181862749609088e-01
-1.774309059028571223e-02
8.016974533690438554e-01
-1.096348784213883487e+00
-1.964886545544271668e+00
-1.214985119784998957e-01
-2.955615253058979097e-01
-6.347261825778707789e-02
8.016974527864944022e-01
-1.096348788756095205e+00
-1.964886541122423003e+00
-1.214985118249110596e-01
-2.955615250678325090e-01
-6.347261821078016564e-02
-1.275700835980054793e+00
-4.977556949037391099e-01
-1.607554073044273002e+00
-2.000445552307056341e-02
-3.532394566350780529e-01
-8.590415250255320490e-02
-1.275700835980054793e+00
-4.977556949037391099e-01
-1.607554073044273002e+00
-5.223970755224612711e-02
-3.269641935805207011e-01
-9.914198475105034936e-02
1.090342302916029960e+00
-1.160811193432036426e+00
5.104600020895606605e-01
-5.070458039083997059e-02
-3.526691950009358534e-01
-1.417339939776281477e-01
1.090342302916029960e+00
-1.160811193432036426e+00
5.104600020895606605e-01
-3.081006525070495092e-02
-3.633518850811867651e-01
-1.790814105495712183e-01
1.207366686740951156e+00
-1.482013248128952965e+00
3.082853034672354831e-01
-2.684174723290314035e-02
-3.157391015602391549e-01
-1.344205118290285328e-01
1.207366686740951156e+00
-1.482013248128952965e+00
3.082853034672354831e-01
-2.317038441072498400e-03
-3.192448814918116828e-01
-1.703508512423612675e-01
0.000000000000000000e+00
0.000000000000000000e+00
0.000000000000000000e+00
0.000000000000000000e+00
0.000000000000000000e+00
0.000000000000000000e+00
-2.383853006131041175e-01
-4.278768777497493730e-10
1.283630847705622566e-09
0.000000000000000000e+00
-0.000000000000000000e+00
0.000000000000000000e+00
-2.383853091773208421e-01
5.648584882742685442e-01
-1.014994471480853200e+00
0.000000000000000000e+00
0.000000000000000000e+00
0.000000000000000000e+00
6.302784735517381609e-01
1.247645166360547009e+00
-6.350142335945592187e-01
-1.592521354612315421e-01
1.388025783075533537e-01
1.146480964873361763e-01
4.501412642426373401e-01
1.274407820175651684e+00
-2.712966727307174475e-01
-3.185042709224631396e-01
2.776051566917520086e-01
2.292961930173264828e-01
-2.018111358119304699e-01
-6.216117239352565438e-01
-4.546762504833422591e-01
-3.823349311886252155e-01
3.010968211968247932e-01
2.337383663489221719e-01
-4.282443398963549086e-01
-4.924605800180491544e-01
-9.849938871781410699e-01
-4.208845649565158276e-01
3.144649913751632608e-01
2.325725567557855589e-01
-2.763847563425221310e+00
7.579742071536590409e-01
3.167791515283192028e-01
-4.416428130298760690e-01
2.140114472845023874e-01
2.918206532069486103e-01
-2.763847563425220866e+00
7.579742071536597070e-01
3.167791515283193138e-01
-4.416428130696819498e-01
2.140114474629886410e-01
2.918206524325743234e-01
-4.417404376381463216e+00
-1.880823075494551855e+00
-8.958297656553368959e-01
-4.403946365468340285e-01
1.840759347014373493e-01
3.743390759666305190e-01
-4.417404376381463216e+00
-1.880823075494551855e+00
-8.958297656553368959e-01
-3.920236698379337414e-01
1.546428317848961842e-01
1.976139134966750643e-01
-3.958125570241691094e+00
-1.476154742689752553e+00
3.200616083210197638e-01
-4.828877646737044227e-01
2.006487717134433635e-02
3.960312316116177400e-01
-3.958125570241691094e+00
-1.476154742689752553e+00
3.200616083210197638e-01
-5.245459198778524845e-01
1.069508463387641162e-01
2.815811604046629113e-01
-2.183595964036392001e+00
1.505692163684554830e+00
6.396195747840964785e-01
-4.890464136871227607e-01
4.782387914892950731e-02
2.758775712415089676e-01
-2.183595964036392001e+00
1.505692163684554830e+00
6.396195747840964785e-01
-5.409288779195873254e-01
-1.498780408975691758e-02
2.466175532561888373e-01
0.000000000000000000e+00
0.000000000000000000e+00
0.000000000000000000e+00
0.000000000000000000e+00
0.000000000000000000e+00
0.000000000000000000e+00
-2.425223094980765715e-01
-4.353023794076636044e-10
1.305907356401104574e-09
0.000000000000000000e+00
-0.000000000000000000e+00
0.000000000000000000e+00
-2.425223180537452727e-01
5.627417698946575175e-01
-1.014576921050983405e+00
0.000000000000000000e+00
0.000000000000000000e+00
0.000000000000000000e+00
6.330185449832406164e-01
1.249800070811160069e+00
-6.334955204027772346e-01
-1.588467635321755833e-01
1.386945594999387799e-01
1.148982445551369469e-01
4.569693548754826251e-01
1.275564740607950442e+00
-2.754711494588806264e-01
-3.176935270643511666e-01
2.773891190779144145e-01
2.297964891535576593e-01
-1.968471508758863897e-01
-6.243700914297628524e-01
-4.602425771895538031e-01
-3.824535754684540989e-01
3.012852732833773972e-01
2.330190923242885792e-01
-4.216172620960836892e-01
-4.957522943408706473e-01
-9.874183820059641015e-01
-4.214834299840363729e-01
3.148876022769325211e-01
2.312592122588305321e-01
-2.763815202809382754e+00
7.577551582335737557e-01
3.170410590678626184e-01
-4.422033724496154394e-01
2.145315012710654334e-01
2.904921106975547618e-01
-2.763815202809382310e+00
7.577551582335744218e-01
3.170410590678623963e-01
-4.422033724894721685e-01
2.145315014496779193e-01
2.904921099232032344e-01
-4.400908236705054044e+00
-1.855939143815538150e+00
-8.843186869365395886e-01
-4.409147107972332114e-01
1.847126690507641944e-01
3.729956093625870217e-01
-4.400908236705054044e+00
-1.855939143815538150e+00
-8.843186869365395886e-01
-3.931103936246654884e-01
1.549604198197425120e-01
1.975339217124876257e-01
-2.292472787143885693e+00
1.639704652119153172e+00
3.158505005486903494e-01
-4.834008575107681116e-01
2.067610430992142256e-02
3.946826895655333178e-01
-2.292472787143885693e+00
1.639704652119153172e+00
3.158505005486903494e-01
-5.412654571993612551e-01
-5.865813928619945106e-02
3.865513368410662398e-01
-2.183730860183997091e+00
1.505542105499453776e+00
6.400222302522702300e-01
-4.895673846239312343e-01
4.845471535444798028e-02
2.745325509574709777e-01
-2.183730860183997091e+00
1.505542105499453776e+00
6.400222302522702300e-01
-5.414182463850114591e-01
-1.431111682209706970e-02
2.452652490718459921e-01
