-2.221441471072811424e+00
nan
-2.221441467085554233e+00
2.610459999999999864e-02
2.799937000000000120e-01
-1.333499999999999686e-01
1.583020562812917698e+00
-9.147132125652054357e-01
-1.583020569695176016e+00
8.860460000000003333e-02
2.799937001121810543e-01
-1.333500001121810108e-01
-9.404193841356260908e-01
-2.724204758009611815e+00
-7.289031623395937354e-01
2.073546000000000833e-01
2.799937003253250012e-01
-1.333500007516129071e-01
-1.234455788561725109e+00
1.243854776989173072e-01
-1.114922360484837727e+00
8.088970927562033619e-02
1.402086499900305205e-01
-2.139215287055364900e-01
-2.916592062735967161e+00
5.042112599750784296e-01
-1.010210395237778780e+00
-4.557518144875946642e-02
4.235994709873014408e-04
-2.944930563406711332e-01
-7.858295479540594597e-01
-1.829140847186840002e+00
-2.227883799851016811e+00
-1.138557179372836486e-01
-1.950428618192630026e-01
-3.097862197644516979e-01
-2.654061450270479017e-01
5.479254222781598793e-01
-1.872537175024525657e+00
-1.445788429323458524e-01
-2.933896076781114526e-01
-3.219546078874891415e-01
1.100043690583850431e+00
-8.089900143734223281e-01
-2.229691395007067367e+00
-5.903412048836012560e-02
-3.224730063261223578e-01
-3.729479298528439735e-01
1.100043689975408467e+00
-8.089900200393013163e-01
-2.229691391432789604e+00
-5.903412033491670097e-02
-3.224730061332491959e-01
-3.729479297054351106e-01
-8.869026140205121811e-01
2.263360886680826703e-02
-1.259513832718726745e+00
4.281493309554203208e-02
-3.742106902792224910e-01
-4.058256324793683145e-01
-8.869026140205121811e-01
2.263360886680826703e-02
-1.259513832718726745e+00
5.002466493793343572e-03
-3.550036984398439177e-01
-3.955275764208838751e-01
1.762849253464069621e+00
1.597963335968290322e+00
-1.542736832587727980e+00
1.856360709493645733e-02
-3.509070258989464008e-01
-4.599422332412769210e-01
1.762849253464069621e+00
1.597963335968290322e+00
-1.542736832587727980e+00
-7.130486003130626083e-03
-3.516985044414197015e-01
-4.246728659915703918e-01
1.352619067659815544e+00
-1.811066521785400063e+00
1.290568393495595545e-01
4.240124386221158503e-02
-3.209978628985196702e-01
-4.370520023345044747e-01
1.352619067659815544e+00
-1.811066521785400063e+00
1.290568393495595545e-01
7.355023698628433693e-02
-3.175781042770436935e-01
-4.674294051684748652e-01
-2.221441471072811424e+00
nan
-2.221441467085554233e+00
2.610459999999999864e-02
2.799937000000000120e-01
1.333500000000000241e-01
1.582452518988075374e+00
-9.152541667657269064e-01
-1.582452525866304027e+00
8.860460000000003333e-02
2.799937001121810543e-01
1.333499998878189818e-01
-9.422202090612429304e-01
-2.723876030750973509e+00
-7.276136921617670783e-01
2.073546000000000833e-01
2.799937003253250012e-01
1.333499992483870855e-01
-1.235086987232965505e+00
1.268222898291887779e-01
-1.113170206038587740e+00
8.068722067601896697e-02
1.402801097450102341e-01
5.297284066243762579e-02
-2.917906325730914574e+00
5.034281944585394797e-01
-1.006172082999048811e+00
-4.598015864796220487e-02
5.665189812092963351e-04
-2.740431760457169574e-02
-7.854006847372716482e-01
-1.829740449767828459e+00
-2.227464774447709850e+00
-1.141669645987992143e-01
-1.949400767751251484e-01
-4.260236057043413627e-02
-2.656841607721398546e-01
5.473514065251501304e-01
-1.872483023024495985e+00
-1.448547724387811986e-01
-2.933025761826300037e-01
-5.473247434916530402e-02
1.100311695147527136e+00
-8.091791426083494443e-01
-2.229590738147489315e+00
-5.929833820942577438e-02
-3.223920358837339406e-01
-1.057026852203774847e-01
1.100311694538604224e+00
-8.091791482745550601e-01
-2.229590734573357658e+00
-5.929833805601213148e-02
-3.223920356908581142e-01
-1.057026850729410189e-01
-8.872852777053293893e-01
2.041553650571658815e-02
-1.263888300742892934e+00
4.255704070102932224e-02
-3.741353600040173144e-01
-1.385519041267155582e-01
-8.872852777053293893e-01
2.041553650571658815e-02
-1.263888300742892934e+00
4.775878933379537616e-03
-3.547883177616242834e-01
-1.284021801616149205e-01
1.276534485124370510e+00
-1.510974257412882604e+00
4.079569497480961537e-01
1.832015798317165878e-02
-3.508338601111458122e-01
-1.926759069648587008e-01
1.276534485124370510e+00
-1.510974257412882604e+00
4.079569497480961537e-01
4.590850783634731896e-02
-3.519214250876456229e-01
-2.264759258910468143e-01
1.352315579918843325e+00
-1.811494542876494362e+00
1.294239876034738446e-01
4.215316102057127534e-02
-3.209242854905500764e-01
-1.697813892535305902e-01
1.352315579918843325e+00
-1.811494542876494362e+00
1.294239876034738446e-01
7.331547613457536916e-02
-3.175185404040650194e-01
-2.001467007413351706e-01
0.000000000000000000e+00
0.000000000000000000e+00
0.000000000000000000e+00
0.000000000000000000e+00
0.000000000000000000e+00
0.000000000000000000e+00
9.832187894326719496e-03
1.764775700034140850e-11
-5.294327984626494841e-11
0.000000000000000000e+00
-0.000000000000000000e+00
0.000000000000000000e+00
9.832178387623593391e-03
6.453471326078688008e-01
-1.119624791855154955e+00
0.000000000000000000e+00
0.000000000000000000e+00
0.000000000000000000e+00
6.472334733948067464e-01
1.349883954749811821e+00
-7.135326680951381562e-01
-2.085034124210157491e-01
1.423854205900749736e-01
8.023936305372636468e-02
1.470282220841570564e-02
1.445077323164000838e+00
1.141332759632489036e-01
-4.170068248420314982e-01
2.847708411770155656e-01
1.604787261056461467e-01
-4.733903525661785072e-01
-1.173410643766678585e-01
-7.918388144887555935e-02
-4.167974009371783195e-01
2.772026125258762463e-01
2.562754723706257565e-01
-8.294895339018550917e-01
8.187456134458268031e-02
-7.901842966461399831e-01
-4.231570263880423122e-01
2.738749912694974920e-01
2.992267888785843377e-01
-2.753721553326129889e+00
7.360728023054787794e-01
3.568529453441160459e-01
-4.503133271602165477e-01
1.639804680641580303e-01
3.163472270419593890e-01
-2.753721553326129445e+00
7.360728023054792235e-01
3.568529453441164345e-01
-4.503133271205402299e-01
1.639804685248379690e-01
3.163472263978949761e-01
-4.566580146261538076e+00
-1.433286349693575046e+00
-2.253522383482009062e+00
-4.560509649619418071e-01
1.097895644695773276e-01
3.838500841791228080e-01
-4.566580146261538076e+00
-1.433286349693575046e+00
-2.253522383482009062e+00
-4.275276421095508539e-01
2.420277026730471570e-01
2.419437243474786281e-01
-4.080930174442043423e+00
-1.388830330988612749e+00
-6.577169178746207212e-01
-5.042007042074188039e-01
-4.788664255305198625e-02
3.375290227925678010e-01
-4.080930174442043423e+00
-1.388830330988612749e+00
-6.577169178746207212e-01
-5.537044400261070809e-01
1.129446222097973684e-01
3.050742556371298653e-01
-2.194307791063807578e+00
1.270300636408044026e+00
9.906169896552455834e-01
-4.980250007079309316e-01
2.365321054598444606e-02
2.376212799007200172e-01
-2.194307791063807578e+00
1.270300636408044026e+00
9.906169896552455834e-01
-5.400011058513011220e-01
-1.214743936551958281e-02
1.905486911250782456e-01
0.000000000000000000e+00
0.000000000000000000e+00
0.000000000000000000e+00
0.000000000000000000e+00
0.000000000000000000e+00
0.000000000000000000e+00
5.397923004019735717e-03
9.688711658618729597e-12
-2.906613983193999029e-11
0.000000000000000000e+00
-0.000000000000000000e+00
0.000000000000000000e+00
5.397913492174952546e-03
6.446919375371433780e-01
-1.120619661011277746e+00
0.000000000000000000e+00
0.000000000000000000e+00
0.000000000000000000e+00
6.475036377944369814e-01
1.352931871694175392e+00
-7.131695842682403974e-01
-2.083843026172866042e-01
1.423798246280203184e-01
8.090727632349596632e-02
2.141839352158034226e-02
1.446683951052840422e+00
1.105238445849772988e-01
-4.167686052345731529e-01
2.847596492543190694e-01
1.618145526460014194e-01
-4.671778125525145597e-01
-1.193954600629101026e-01
-8.260587007041264584e-02
-4.171472294759868693e-01
2.775488989756633718e-01
2.562718732846578362e-01
-8.228900231860709624e-01
7.919142509077004011e-02
-7.930257982513591042e-01
-4.238242688066170549e-01
2.744169720216778630e-01
2.985606656596770936e-01
-2.753620676970911063e+00
7.356459873564994423e-01
3.572061982128647561e-01
-4.509293644428540859e-01
1.646256344657927306e-01
3.157227558752815355e-01
-2.753620676970909731e+00
7.356459873564995533e-01
3.572061982128648117e-01
-4.509293644032892900e-01
1.646256349265771413e-01
3.157227552313165986e-01
-4.554149021932293095e+00
-1.419721162296711636e+00
-2.236566151314946183e+00
-4.566117244271942766e-01
1.105547187310909063e-01
3.832747422819492433e-01
-4.554149021932293095e+00
-1.419721162296711636e+00
-2.236566151314946183e+00
-4.277505625245210386e-01
2.412781417665167405e-01
2.415267138787843271e-01
-2.262667103078822350e+00
1.521785365447461125e+00
7.326385709477474251e-01
-5.047512701241361199e-01
-4.713981933662926560e-02
3.369410158899251995e-01
-2.262667103078822350e+00
1.521785365447461125e+00
7.326385709477474251e-01
-5.553908522276607140e-01
-1.034057210331195825e-01
2.974182663213047473e-01
-2.194346113018223576e+00
1.269888950352186185e+00
9.910803328840336324e-01
-4.985928954777222866e-01
2.441629442954587614e-02
2.370487397241300975e-01
-2.194346113018223576e+00
1.269888950352186185e+00
9.910803328840336324e-01
-5.405288359841193824e-01
-1.133135116768135831e-02
1.900026766010039225e-01
