-2.221441471072811424e+00
nan
-2.221441467085554233e+00
2.610459999999999864e-02
2.799937000000000120e-01
-1.333499999999999686e-01
1.476493518117820480e+00
-1.010705943291771547e+00
-1.476493524254167022e+00
8.860460000000003333e-02
2.799937001121810543e-01
-1.333500001121810108e-01
-2.898725473419346277e-01
-3.040241525886258067e+00
-5.693579221893536602e-01
2.073546000000000833e-01
2.799937003253250012e-01
-1.333500007516129071e-01
-1.146756682942913885e+00
-6.078541342208726439e-01
-1.199321033432136696e+00
1.686152213623656748e-01
9.232911775781424413e-02
-2.061941150816802848e-01
-2.174071011926163699e+00
8.487187447800426110e-01
-1.526865465167308367e+00
1.298758427247312663e-01
-9.533546494284317330e-02
-2.790382290687287714e-01
-5.659575764736940462e-01
-1.226401551707875903e+00
-2.658131739207518329e+00
6.311775746069928084e-02
-2.520525365928487083e-01
-3.977242328995397314e-01
2.685252313061477492e-01
8.526913872998890254e-01
-1.576384145919822677e+00
3.502621897026736431e-02
-3.307931638716876677e-01
-4.591639723274990037e-01
-1.668025069227919488e+00
-2.333447020775981651e-01
2.451868582850769585e+00
1.316193645184266514e-01
-3.271382217957976568e-01
-4.968530706390003604e-01
-1.668025069664406779e+00
-2.333446947477829103e-01
2.451868584399019557e+00
1.316193646222675873e-01
-3.271382218602265635e-01
-4.968530703791151359e-01
5.086373364614794612e-01
2.470304240191236594e-02
1.002854818042744567e+00
2.378081138291961438e-01
-3.542265154981767972e-01
-5.429088504160684003e-01
5.086373364614794612e-01
2.470304240191236594e-02
1.002854818042744567e+00
2.531314269306986220e-01
-3.897146182882836873e-01
-5.631704337836664909e-01
-6.273141439882254922e-01
-2.695714180461479259e+00
6.027284192568192062e-02
2.317093826475687124e-01
-2.915557549490422340e-01
-5.526543783405722943e-01
-6.273141439882254922e-01
-2.695714180461479259e+00
6.027284192568192062e-02
2.370996851645963965e-01
-3.346757159224168499e-01
-5.566984763907654177e-01
1.368191887003931573e+00
-2.566282277144968482e+00
-8.106423637494594159e-01
2.478433968028706802e-01
-3.015841095423597573e-01
-5.123321844470450914e-01
1.368191887003931573e+00
-2.566282277144968482e+00
-8.106423637494594159e-01
2.886790769442560967e-01
-2.980170506284803844e-01
-5.273143219015398175e-01
-2.221441471072811424e+00
nan
-2.221441467085554233e+00
2.610459999999999864e-02
2.799937000000000120e-01
1.333500000000000241e-01
1.476958290058435042e+00
-1.010309992671593937e+00
-1.476958296197995013e+00
8.860460000000003333e-02
2.799937001121810543e-01
1.333499998878189818e-01
-2.903976652011093229e-01
-3.039878659693508123e+00
-5.703261690116442351e-01
2.073546000000000833e-01
2.799937003253250012e-01
1.333499992483870855e-01
-1.146631595581806495e+00
-6.064009356722174227e-01
-1.198651657387390435e+00
1.685417622724362519e-01
9.239032158442017639e-02
6.038743410344150908e-02
-2.176476449130723800e+00
8.470849726691912496e-01
-1.526217376243928614e+00
1.297289245448724204e-01
-9.521305728985715588e-02
-1.257513069857292554e-02
-5.664744723234144130e-01
-1.228912086473951115e+00
-2.656959616641701327e+00
6.296644349303176513e-02
-2.521713731210676324e-01
-1.309394336586825747e-01
2.670989933094734536e-01
8.512853109853121270e-01
-1.576544288274678962e+00
3.487027371723303015e-02
-3.310305416100256526e-01
-1.922248257938368177e-01
-1.667985419753907239e+00
-2.331906619673842218e-01
2.451808395212047742e+00
1.314633409014999699e-01
-3.273889215015173826e-01
-2.299154144721927695e-01
-1.667985420189874723e+00
-2.331906546377038036e-01
2.451808396760189801e+00
1.314633410053365203e-01
-3.273889215659501195e-01
-2.299154142123067679e-01
5.081865896417268047e-01
2.659814882014665746e-02
9.953670386010192717e-01
2.376480732519194450e-01
-3.544920220073656258e-01
-2.759717446061196178e-01
5.081865896417268047e-01
2.659814882014665746e-02
9.953670386010192717e-01
2.526697434648165763e-01
-3.901215715067180012e-01
-2.962109578096549511e-01
1.414477845831167979e+00
-2.442525241612048426e+00
-3.198950737091987295e-01
2.315569927048674037e-01
-2.918208449569815177e-01
-2.857193786395009760e-01
1.414477845831167979e+00
-2.442525241612048426e+00
-3.198950737091987295e-01
2.720992501907308347e-01
-2.880898108156716986e-01
-3.014402522410644103e-01
1.367603208642797608e+00
-2.566528979971991031e+00
-8.105720726038728730e-01
2.476903294719190740e-01
-3.018497941006285656e-01
-2.453970615826273349e-01
1.367603208642797608e+00
-2.566528979971991031e+00
-8.105720726038728730e-01
2.885253415720176462e-01
-2.983004171281904982e-01
-2.603852180570684904e-01
0.000000000000000000e+00
0.000000000000000000e+00
0.000000000000000000e+00
0.000000000000000000e+00
0.000000000000000000e+00
0.000000000000000000e+00
5.583780726622640245e-01
1.002230698454059383e-09
-3.006692597690705380e-09
0.000000000000000000e+00
-0.000000000000000000e+00
0.000000000000000000e+00
5.583780650427578873e-01
3.693869894506967011e-01
-9.516328883181033316e-01
0.000000000000000000e+00
0.000000000000000000e+00
0.000000000000000000e+00
7.427551959187077557e-01
1.262562320140320438e+00
-6.049368593558586138e-01
-2.054954568353173083e-01
7.754022239395716443e-02
-9.047796404295703476e-02
-1.648059520220749974e+00
1.400307907986787725e+00
3.116602914757837794e-01
-4.109909136706346167e-01
1.550804445963801514e-01
-1.809559281602603487e-01
-1.826945179155001764e+00
8.988911201355632707e-01
-7.958521741874269306e-02
-5.283453751725972758e-01
-6.132699824569771280e-02
1.708050084709290539e-01
-1.729967990857875115e+00
6.864370619872618429e-01
1.483540215811499363e-01
-5.898396013095072998e-01
-1.713383628037594142e-01
3.399110523816404328e-01
-2.689759481431223342e+00
6.501199696645967308e-01
5.228492872225611876e-01
-6.162530205790077709e-01
-2.222093148877094804e-01
2.672830045437247226e-01
-2.689759481431223342e+00
6.501199696645966197e-01
5.228492872225617427e-01
-6.162530203763645353e-01
-2.222093141343877698e-01
2.672830046495140999e-01
-4.367774947463875179e+00
3.323591153859453584e+00
-5.428767345025506508e+00
-6.320317076761901021e-01
-2.905675733295955965e-01
2.711085728848539600e-01
-4.367774947463875179e+00
3.323591153859453584e+00
-5.428767345025506508e+00
-8.920295804837656828e-01
-4.622523113415794027e-01
3.751841913125337769e-01
-3.648817915045722948e+00
7.597591341411379373e-01
-1.924482963190588647e+00
-6.711348324776448271e-01
-3.199694167173584014e-01
1.065042074201057037e-01
-3.648817915045722948e+00
7.597591341411379373e-01
-1.924482963190588647e+00
-7.571910031773438909e-01
-3.450991394935679635e-01
2.597457619427317455e-01
-2.343437674485503663e+00
2.507383938251852573e-01
1.371704730106614534e+00
-6.396772509556438724e-01
-2.030767555789972367e-01
1.229890244774225067e-01
-2.343437674485503663e+00
2.507383938251852573e-01
1.371704730106614534e+00
-6.483267996217892959e-01
-1.821719653271213213e-01
1.043907713821182193e-01
0.000000000000000000e+00
0.000000000000000000e+00
0.000000000000000000e+00
0.000000000000000000e+00
0.000000000000000000e+00
0.000000000000000000e+00
5.586565708162114507e-01
1.002730573741099234e-09
-3.008192223802368221e-09
0.000000000000000000e+00
-0.000000000000000000e+00
0.000000000000000000e+00
5.586565631762752115e-01
3.710148276169099035e-01
-9.539636499960763016e-01
0.000000000000000000e+00
0.000000000000000000e+00
0.000000000000000000e+00
7.440481694691296610e-01
1.267112453861058086e+00
-6.054540361709142005e-01
-2.060369974650093361e-01
7.778705222969267696e-02
-9.040572050883573241e-02
-1.650848501021039860e+00
1.404166670081483659e+00
3.161267913535847907e-01
-4.120739949300186167e-01
1.555741042678045749e-01
-1.808114410921808357e-01
-1.831397650204449778e+00
8.974087778275481320e-01
-7.770003613465259473e-02
-5.286584753140488591e-01
-6.093283676601560228e-02
1.720486100255012030e-01
-1.734664101842297912e+00
6.861459333846967601e-01
1.497957768542812762e-01
-5.897838844098802769e-01
-1.709876865073704511e-01
3.416848552733904865e-01
-2.689889727803430386e+00
6.501333205595360987e-01
5.225245561294160623e-01
-6.161906278715716390e-01
-2.218989641274131674e-01
2.690909273569747073e-01
-2.689889727803429942e+00
6.501333205595360987e-01
5.225245561294163954e-01
-6.161906276689433914e-01
-2.218989633740914291e-01
2.690909274627841241e-01
-4.375553727764851963e+00
3.336188153505785348e+00
-5.457174906914250556e+00
-6.319713471527783621e-01
-2.903012833158628014e-01
2.729610463635759876e-01
-4.375553727764851963e+00
3.336188153505785348e+00
-5.457174906914250556e+00
-8.939298539512156028e-01
-4.608349298413829676e-01
3.787449362839116485e-01
-2.325335367420300337e+00
6.084457600654306075e-01
1.452773052836451528e+00
-6.710558378048595563e-01
-3.197040831318390675e-01
1.083425054082485933e-01
-2.325335367420300337e+00
6.084457600654306075e-01
1.452773052836451528e+00
-6.860414825519631776e-01
-2.973616873476793709e-01
7.499883509165372608e-02
-2.343605577054487021e+00
2.507384008538341424e-01
1.371389083043670354e+00
-6.396005837242914049e-01
-2.028114320462318654e-01
1.248304528863390245e-01
-2.343605577054487021e+00
2.507384008538341424e-01
1.371389083043670354e+00
-6.482262669420478796e-01
-1.819370693494661573e-01
1.062732075858387054e-01
