-2.221441471072811424e+00
nan
-2.221441467085554233e+00
2.610459999999999864e-02
2.799937000000000120e-01
-1.333499999999999686e-01
1.462012744270154485e+00
-1.022946577356905973e+00
-1.462012750306555864e+00
8.860460000000003333e-02
2.799937001121810543e-01
-1.333500001121810108e-01
-1.564353041766597396e+00
-2.468789385105806033e+00
-4.362091009511545048e-01
2.073546000000000555e-01
2.799937003253250012e-01
-1.333500007516129071e-01
-1.236164030572431738e+00
8.311891051584874290e-01
-9.187876229702472974e-01
2.198567700839362815e-02
1.977534844831813632e-01
-1.633484888330065665e-01
-2.889341378891542078e+00
8.761564701915510733e-01
-1.376779443778829159e-01
-1.633832459832127992e-01
1.155132685149470595e-01
-1.933469765687253206e-01
6.526987284408612977e-01
1.745029686675728664e+00
2.089915477390380971e+00
-2.781313931979142451e-01
-5.659455546242139756e-02
-2.110954873955071254e-01
6.194407005082390449e-02
2.322044982122898060e-01
-2.274004829680290385e+00
-3.348689936326060823e-01
-1.422330608750432823e-01
-2.256197287734791335e-01
1.009283622254305429e-01
-1.546121664496373116e+00
-1.247644656958267539e+00
-2.565482781449130445e-01
-2.085497215989511877e-01
-2.408522116940649271e-01
1.009283617328832205e-01
-1.546121666347902046e+00
-1.247644651404241634e+00
-2.565482780292444032e-01
-2.085497214184530435e-01
-2.408522118851552929e-01
1.197837196100806079e+00
2.416765627904345237e+00
1.545066510119788239e+00
-1.526707567389118947e-01
-2.661910564973582471e-01
-2.366216036478104023e-01
1.197837196100806079e+00
2.416765627904345237e+00
1.545066510119788239e+00
-1.563916168570446685e-01
-2.888696819132250404e-01
-2.737238444674440774e-01
6.643782213362668942e-01
-1.175054929934684633e-01
-6.470371693892196241e-01
-1.930372327744866168e-01
-3.079586182571195652e-01
-2.628096249834114273e-01
6.643782213362668942e-01
-1.175054929934684633e-01
-6.470371693892196241e-01
-2.314593628746725584e-01
-3.150139809198095886e-01
-2.822699153428152585e-01
6.753556910523037526e-01
-7.830439085867719751e-01
4.495377777210874393e-01
-1.750539734045362117e-01
-2.799434605595240710e-01
-2.924492429062515719e-01
6.753556910523037526e-01
-7.830439085867719751e-01
4.495377777210874393e-01
-1.690951354130486584e-01
-3.083507822024338929e-01
-3.250415341954118187e-01
-2.221441471072811424e+00
nan
-2.221441467085554233e+00
2.610459999999999864e-02
2.799937000000000120e-01
1.333500000000000241e-01
1.460324339899637502e+00
-1.024361765511137223e+00
-1.460324345924407297e+00
8.860460000000003333e-02
2.799937001121810543e-01
1.333499998878189818e-01
-1.565098434684322637e+00
-2.470339192001819395e+00
-4.334452592481536914e-01
2.073546000000000833e-01
2.799937003253250012e-01
1.333499992483870855e-01
-1.234902151616807275e+00
8.337528550997751475e-01
-9.147276545300188078e-01
2.199764619699448587e-02
1.976583342952103195e-01
1.035391425421884753e-01
-2.886201591354593532e+00
8.779403257113383985e-01
-1.320342984751996518e-01
-1.633593076060111116e-01
1.153229681398298817e-01
7.372828618196455852e-02
6.535455131003543583e-01
1.741939448820530423e+00
2.089903885247735627e+00
-2.783952163874949814e-01
-5.655831932316505994e-02
5.565032415961682077e-02
6.411236203313662452e-02
2.331402951035443094e-01
-2.273791472331887054e+00
-3.352917848396707035e-01
-1.420631326866836630e-01
4.096121628892789718e-02
1.011139337605246880e-01
-1.546123579977990437e+00
-1.247420855012877139e+00
-2.569540254792117562e-01
-2.083609631537630402e-01
2.573440986928606650e-02
1.011139332680968811e-01
-1.546123581829658589e+00
-1.247420849458921177e+00
-2.569540253635809179e-01
-2.083609629732442459e-01
2.573440967819236314e-02
1.216592834794631317e+00
2.413912784625393826e+00
1.548691522152403577e+00
-1.530623338990432236e-01
-2.659762947228460073e-01
2.997126903161251993e-02
1.216592834794631317e+00
2.413912784625393826e+00
1.548691522152403577e+00
-1.573171957563764267e-01
-2.884228017962381374e-01
-7.214636838611614145e-03
4.788308227174297715e-01
-4.685173659526064571e-01
5.075156989339489888e-01
-1.934174618282825664e-01
-3.077549934490358963e-01
3.783522910172702064e-03
4.788308227174297715e-01
-4.685173659526064571e-01
5.075156989339489888e-01
-1.924566529402219894e-01
-3.439995527977897094e-01
-2.050947790292745668e-02
6.753027524886877631e-01
-7.831022543810054470e-01
4.500682604678934995e-01
-1.754400765633363224e-01
-2.797366150321404787e-01
-2.585661404840669531e-02
6.753027524886877631e-01
-7.831022543810054470e-01
4.500682604678934995e-01
-1.694615917083759637e-01
-3.081477362382969987e-01
-5.844199474678270223e-02
0.000000000000000000e+00
0.000000000000000000e+00
0.000000000000000000e+00
0.000000000000000000e+00
0.000000000000000000e+00
0.000000000000000000e+00
-7.303502813343847322e-01
-1.310902967747120339e-09
3.932709560279664247e-09
0.000000000000000000e+00
-0.000000000000000000e+00
0.000000000000000000e+00
-7.303502857955151972e-01
2.046886178688752389e-01
-5.611494563049634898e-01
0.000000000000000000e+00
0.000000000000000000e+00
0.000000000000000000e+00
6.412042693198963805e-01
8.131883653158323844e-01
-3.391890444059209586e-01
-5.228940146975817604e-02
8.211026600889737015e-02
9.800707378718831464e-02
7.215292563432970097e-01
8.710589066492414601e-01
-9.941901258156791155e-01
-1.045788029395163382e-01
1.642205322702584847e-01
1.960141476664669646e-01
-4.873371778648904473e-01
-9.535779104864862132e-01
-1.303647483011779684e+00
-2.911467005488677096e-01
2.911080770048074529e-01
1.717857130740773619e-01
-4.528985573295867262e-01
-1.155575554282229467e+00
-2.471508701308646749e-01
-3.889391268343149743e-01
3.579957041998522160e-01
1.594168181499010795e-01
-2.783267289253224419e+00
8.176223623093618054e-01
2.060791758146134356e-01
-3.877270623423514917e-01
3.317399016785159693e-01
2.799570423301462885e-01
-2.783267289253224419e+00
8.176223623093621384e-01
2.060791758146131025e-01
-3.877270625357880363e-01
3.317399011704973977e-01
2.799570417331984640e-01
-4.426119572542607905e+00
-2.237157535434118660e+00
2.238059749069472915e+00
-3.723893438088499708e-01
3.649218086643211123e-01
3.554556998189570827e-01
-4.426119572542607905e+00
-2.237157535434118660e+00
2.238059749069472915e+00
-2.386296674702400034e-01
1.923753471250403968e-01
4.475098573989102491e-01
-4.608126911208355381e+00
-2.436091659983778079e+00
4.988696727680654419e+00
-3.851938309742344857e-01
2.837148553987258737e-01
5.047105217110753328e-01
-4.608126911208355381e+00
-2.436091659983778079e+00
4.988696727680654419e+00
-3.025897153008660911e-01
2.363012992310592475e-03
4.436226975694774755e-01
-2.292292895549487231e+00
1.516831778733495062e+00
-3.135845007215398716e-01
-4.152011860068908766e-01
2.049258516375409844e-01
4.120333346800063579e-01
-2.292292895549487231e+00
1.516831778733495062e+00
-3.135845007215398716e-01
-4.735463049502560695e-01
1.283461746292783312e-01
4.681126814338250619e-01
0.000000000000000000e+00
0.000000000000000000e+00
0.000000000000000000e+00
0.000000000000000000e+00
0.000000000000000000e+00
0.000000000000000000e+00
-7.304075298886077983e-01
-1.311005722961362391e-09
3.933017825973892530e-09
0.000000000000000000e+00
-0.000000000000000000e+00
0.000000000000000000e+00
-7.304075343012296218e-01
2.011285673361445647e-01
-5.555020959889427346e-01
0.000000000000000000e+00
0.000000000000000000e+00
0.000000000000000000e+00
6.463227892454811441e-01
8.126707456075041858e-01
-3.340833195149083834e-01
-5.173328330412637482e-02
8.119210200151338874e-02
9.741895025203570202e-02
7.254876933962047802e-01
8.733409763368041867e-01
-9.938788872807805541e-01
-1.034665666082527635e-01
1.623842042557292753e-01
1.948379005955664101e-01
-4.872426584546314943e-01
-9.491640572038388957e-01
-1.306972056886763767e+00
-2.900839743391390169e-01
2.898313042417011709e-01
1.706057147050809297e-01
-4.540260156369073652e-01
-1.153364692835359806e+00
-2.469877076166772933e-01
-3.878940029113277510e-01
3.570363693721983478e-01
1.582631295259457893e-01
-2.783520366732876283e+00
8.181037649625741981e-01
2.058049099027377538e-01
-3.867066911692971787e-01
3.307745395183472326e-01
2.787160751004711390e-01
-2.783520366732875839e+00
8.181037649625745312e-01
2.058049099027373652e-01
-3.867066913627832392e-01
3.307745390102315719e-01
2.787160745033952503e-01
-4.399899493044788557e+00
-2.189021685191661959e+00
2.205942619027486451e+00
-3.713829826143904000e-01
3.639493435129614318e-01
3.540953399290145409e-01
-4.399899493044788557e+00
-2.189021685191661959e+00
2.205942619027486451e+00
-2.404665216794761862e-01
1.909491140169853607e-01
4.435437301486615524e-01
-2.482765439781913663e+00
1.354575632752343273e+00
-5.827028002592362643e-01
-3.842090149850270753e-01
2.827499353575133045e-01
5.034018808234178577e-01
-2.482765439781913663e+00
1.354575632752343273e+00
-5.827028002592362643e-01
-4.382355281595664565e-01
2.218762464805675294e-01
5.920871318471294664e-01
-2.292700681472530366e+00
1.517413315292982290e+00
-3.138701706789848167e-01
-4.142240424705572188e-01
2.039458446152948579e-01
4.107047872877255812e-01
-2.292700681472530366e+00
1.517413315292982290e+00
-3.138701706789848167e-01
-4.725869364883215074e-01
1.273608520202583194e-01
4.667711517142849598e-01
