-2.221441471072811424e+00
nan
-2.221441467085554233e+00
2.610459999999999864e-02
2.799937000000000120e-01
-1.333499999999999686e-01
1.567320277994961097e+00
-9.295457512626618124e-01
-1.567320284766055449e+00
8.860460000000003333e-02
2.799937001121810543e-01
-1.333500001121810108e-01
-1.207245827126304460e+00
-2.588826244109268870e+00
-6.612639185493240923e-01
2.073546000000000833e-01
2.799937003253250012e-01
-1.333500007516129071e-01
-1.261772050161496850e+00
4.211775442279675485e-01
-1.053916919377788197e+00
5.031077936169667253e-02
1.643687403762022492e-01
-1.965410367938250635e-01
-3.002766505508904338e+00
5.516696940431953244e-01
-6.578831504460238566e-01
-1.067330412766067382e-01
4.874378025061965047e-02
-2.597320725131565533e-01
-7.810568078415268678e-01
-1.923384739661426979e+00
-2.275012971688163077e+00
-1.809880224073872057e-01
-1.449397852087126459e-01
-2.684569936146912195e-01
-2.544717948814732567e-01
4.612886603465407021e-01
-2.056202734468999704e+00
-2.158217768568540806e-01
-2.421981265505989134e-01
-2.780218820290629722e-01
7.365299030093720445e-01
-1.150498370671964254e+00
-1.903989505225934353e+00
-1.343559607088341545e-01
-2.891194154542281458e-01
-3.219055458113771473e-01
7.365299024339464484e-01
-1.150498374967269255e+00
-1.903989500651927624e+00
-1.343559605565613491e-01
-2.891194152118804483e-01
-3.219055457878202686e-01
-1.340359531053511688e+00
-6.354449335169112256e-01
-1.657002788144886551e+00
-3.284016357086289029e-02
-3.476477181244176928e-01
-3.419040883771380379e-01
-1.340359531053511688e+00
-6.354449335169112256e-01
-1.657002788144886551e+00
-6.356886263553059024e-02
-3.227263895011347472e-01
-3.603273225680565517e-01
1.497237409709826883e+00
8.094653557496352958e-01
-1.537672166769715965e+00
-6.481912854085064568e-02
-3.519391330477702473e-01
-3.968470007659432586e-01
1.497237409709826883e+00
8.094653557496352958e-01
-1.537672166769715965e+00
-9.787957320743234657e-02
-3.325975305280481908e-01
-3.759269019366601183e-01
1.168658375933642191e+00
-1.411655399499503361e+00
3.356987064407628840e-01
-4.115996174846373035e-02
-3.143426812367575152e-01
-3.931721855444368363e-01
1.168658375933642191e+00
-1.411655399499503361e+00
3.356987064407628840e-01
-1.824711166954221669e-02
-3.197985229907483462e-01
-4.299142080340369043e-01
-2.221441471072811424e+00
nan
-2.221441467085554233e+00
2.610459999999999864e-02
2.799937000000000120e-01
1.333500000000000241e-01
1.566251873198650113e+00
-9.305461914221738740e-01
-1.566251879962195837e+00
8.860460000000003333e-02
2.799937001121810543e-01
1.333499998878189818e-01
-1.209121880968759166e+00
-2.588910627582564850e+00
-6.591583039266759592e-01
2.073546000000000833e-01
2.799937003253250012e-01
1.333499992483870855e-01
-1.262033461848435456e+00
4.239518199988071556e-01
-1.051526737560248170e+00
5.015736034379683628e-02
1.644321551478214183e-01
7.042498736393833225e-02
-3.002570121388211444e+00
5.522324290671989377e-01
-6.529338915071584148e-01
-1.070398793124063830e-01
4.887060979435639552e-02
7.499975802642125378e-03
-7.809310607489103884e-01
-1.923012723218553877e+00
-2.276131404910150202e+00
-1.813396915011024624e-01
-1.447902158466875255e-01
-1.347200060518879625e-03
-2.534199381628913228e-01
4.615401105099221635e-01
-2.056265303727357274e+00
-2.162106208442340083e-01
-2.420284928303884087e-01
-1.098038624097835876e-02
7.368610155736873280e-01
-1.150625202744257836e+00
-1.903815641041502138e+00
-1.347264400489059377e-01
-2.889406729913214789e-01
-5.483968551333857910e-02
7.368610149979848423e-01
-1.150625207039986053e+00
-1.903815636467692363e+00
-1.347264398966707688e-01
-2.889406727489536308e-01
-5.483968548974602064e-02
-1.340141795612244779e+00
-6.354508847479409805e-01
-1.656841959528367880e+00
-3.319752715682131039e-02
-3.474565902523135685e-01
-7.480786672299867546e-02
-1.340141795612244779e+00
-6.354508847479409805e-01
-1.656841959528367880e+00
-6.393175411377921558e-02
-3.225396178948242709e-01
-9.322777189388156693e-02
1.043175318591143874e+00
-1.088629319773369408e+00
5.229271306000552455e-01
-6.516045599367048524e-02
-3.517537337811231235e-01
-1.297596619805089224e-01
1.043175318591143874e+00
-1.088629319773369408e+00
5.229271306000552455e-01
-4.703015153471772070e-02
-3.648607654549515522e-01
-1.672328377938415434e-01
1.168519175406243615e+00
-1.412011508705141694e+00
3.361980654639316612e-01
-4.150713351393353623e-02
-3.141541471816677866e-01
-1.260793016422228907e-01
1.168519175406243615e+00
-1.412011508705141694e+00
3.361980654639316612e-01
-1.857499005874180611e-02
-3.196163256664363850e-01
-1.628083436575142873e-01
0.000000000000000000e+00
0.000000000000000000e+00
0.000000000000000000e+00
0.000000000000000000e+00
0.000000000000000000e+00
0.000000000000000000e+00
-2.897229545489878877e-01
-5.200226393407037610e-10
1.560068178662906928e-09
0.000000000000000000e+00
-0.000000000000000000e+00
0.000000000000000000e+00
-2.897229628338306440e-01
5.383142641069790235e-01
-9.849904003202960556e-01
0.000000000000000000e+00
0.000000000000000000e+00
0.000000000000000000e+00
6.346731264142086992e-01
1.218909403254274659e+00
-6.130334136839433734e-01
-1.479061116525257069e-01
1.363787615716620938e-01
1.180381347134594749e-01
5.173041430228342286e-01
1.235189369949421190e+00
-3.511338771107705981e-01
-2.958122233050514138e-01
2.727575232368700808e-01
2.360762694780434989e-01
-1.858034725949156418e-01
-7.279375326942150171e-01
-5.441979321621693844e-01
-3.745980143756874048e-01
3.033444004894793600e-01
2.276019219890314804e-01
-3.627361931239485027e-01
-6.210231995306354502e-01
-9.869715094067653682e-01
-4.205631613466110919e-01
3.205236681479508576e-01
2.203160622807545654e-01
-2.766112272261845639e+00
7.632322917909029059e-01
3.076690195100892922e-01
-4.396203633899174457e-01
2.242010354785576309e-01
2.879282737907438716e-01
-2.766112272261845195e+00
7.632322917909032389e-01
3.076690195100889591e-01
-4.396203634465008503e-01
2.242010355905683372e-01
2.879282730041634597e-01
-4.430787560527154056e+00
-1.997310429436937484e+00
-6.499851132009943910e-01
-4.368765513687341562e-01
2.001160872302802929e-01
3.723439955788166444e-01
-4.430787560527154056e+00
-1.997310429436937484e+00
-6.499851132009943910e-01
-3.838811409689296128e-01
1.384598472925473722e-01
2.005481315980753021e-01
-3.966839828451114158e+00
-1.528148756963794375e+00
5.286237374071076633e-01
-4.774904208871296185e-01
3.829888620053531478e-02
4.086219097868147299e-01
-3.966839828451114158e+00
-1.528148756963794375e+00
5.286237374071076633e-01
-5.196838741200765499e-01
1.038090316316798989e-01
2.813755931436037194e-01
-2.186163662753204395e+00
1.539741376139233786e+00
5.540290248955244135e-01
-4.862529467094638402e-01
5.574303033247821060e-02
2.865684629460546473e-01
-2.186163662753204395e+00
1.539741376139233786e+00
5.540290248955244135e-01
-5.398034642927914684e-01
-1.188666014354430867e-02
2.632159626265705432e-01
0.000000000000000000e+00
0.000000000000000000e+00
0.000000000000000000e+00
0.000000000000000000e+00
0.000000000000000000e+00
0.000000000000000000e+00
-2.938201024737565059e-01
-5.273765947113584509e-10
1.582130048460750481e-09
0.000000000000000000e+00
-0.000000000000000000e+00
0.000000000000000000e+00
-2.938201107464137318e-01
5.358919420274035339e-01
-9.841634935807596074e-01
0.000000000000000000e+00
0.000000000000000000e+00
0.000000000000000000e+00
6.378616087728499195e-01
1.220805872581724127e+00
-6.112174857474436118e-01
-1.474524608463373687e-01
1.362191506006926733e-01
1.181950400427906611e-01
5.240953797384299007e-01
1.236259811500982631e+00
-3.553914540249015208e-01
-2.949049216926747929e-01
2.724383012963341177e-01
2.363900801372822991e-01
-1.812353133121711868e-01
-7.305687929528625890e-01
-5.502409178315572635e-01
-3.746677320698157398e-01
3.034805835774678773e-01
2.267472079934373108e-01
-3.563209922317067679e-01
-6.242943936105083136e-01
-9.891963321586688673e-01
-4.211345056455380043e-01
3.209221222292619746e-01
2.188946048291578461e-01
-2.766110080512428127e+00
7.630725622935100594e-01
3.078856201981722829e-01
-4.401587475508795255e-01
2.246902804222547512e-01
2.864805166503224254e-01
-2.766110080512427238e+00
7.630725622935103925e-01
3.078856201981720053e-01
-4.401587476074982352e-01
2.246902805343854725e-01
2.864805158637398486e-01
-4.413247080565223968e+00
-1.969647861191642146e+00
-6.404165942731805394e-01
-4.373797092735106640e-01
2.007153854025407747e-01
3.708680575489460285e-01
-4.413247080565223968e+00
-1.969647861191642146e+00
-6.404165942731805394e-01
-3.851417398735459963e-01
1.391065016382476427e-01
2.003676976445813718e-01
-2.303730119162830547e+00
1.645671031930820760e+00
2.228873100018824438e-01
-4.779888877828389337e-01
3.887174443020349757e-02
4.071444635873346929e-01
-2.303730119162830547e+00
1.645671031930820760e+00
2.228873100018824438e-01
-5.367360166614019157e-01
-4.341532456128385786e-02
4.075030103789697988e-01
-2.186330227667959480e+00
1.539663152558996551e+00
5.543858785078782381e-01
-4.867568778287078013e-01
5.633454412327573713e-02
2.850906666801137912e-01
-2.186330227667959480e+00
1.539663152558996551e+00
5.543858785078782381e-01
-5.402790758305978658e-01
-1.125401417256710612e-02
2.617250163231253368e-01
