-2.221441471072811424e+00
nan
-2.221441467085554233e+00
2.610459999999999864e-02
2.799937000000000120e-01
-1.333499999999999686e-01
1.465392599480492164e+00
-1.020106132586947378e+00
-1.465392605540191351e+00
8.860460000000003333e-02
2.799937001121810543e-01
-1.333500001121810108e-01
-2.457198673109695641e-01
-3.054964033976290683e+00
-5.473083185433024189e-01
2.073546000000000833e-01
2.799937003253250012e-01
-1.333500007516129071e-01
-1.136460315653512243e+00
-6.587926950143437876e-01
-1.204200258388491207e+00
1.745890526354672012e-01
9.021537774368224016e-02
-2.036038773991012962e-01
-2.099865736935089711e+00
8.733705832932590063e-01
-1.532529286083211595e+00
1.418235052709343191e-01
-9.956294496570117225e-02
-2.738577537015211005e-01
-5.197502591080709333e-01
-1.158378973872798978e+00
-2.697119526949680601e+00
7.893775313854964337e-02
-2.496634958159880124e-01
-4.027703473965699721e-01
3.230548875954302179e-01
8.769879174409564992e-01
-1.556097393655544669e+00
5.286146730882935324e-02
-3.250392080930273320e-01
-4.691223768761247914e-01
-1.654676156470373138e+00
-3.147757698500595058e-01
2.382140829733234710e+00
1.502393435316051740e-01
-3.200658032579689616e-01
-5.045748375338616754e-01
-1.654676156870410253e+00
-3.147757626851130364e-01
2.382140831498393840e+00
1.502393436291587503e-01
-3.200658033447917883e-01
-5.045748372780894941e-01
5.755324567560525795e-01
-9.322947478550017153e-02
1.180807215206573391e+00
2.568896256340490458e-01
-3.452301861454565302e-01
-5.506555509411719118e-01
5.755324567560525795e-01
-9.322947478550017153e-02
1.180807215206573391e+00
2.793173211158511693e-01
-3.751995746878793447e-01
-5.730960355700486231e-01
-5.287164406695359364e-01
-2.718947432117960528e+00
-7.780799479646841044e-02
2.519846354509940878e-01
-2.818836660444756781e-01
-5.554465348443138328e-01
-5.287164406695359364e-01
-2.718947432117960528e+00
-7.780799479646841044e-02
2.597747458342219984e-01
-3.239916762796588579e-01
-5.638709504834448216e-01
1.342230577206858566e+00
-2.602937540804159067e+00
-9.129311853772934526e-01
2.671426261420606907e-01
-2.953868151756632310e-01
-5.157646257325982919e-01
1.342230577206858566e+00
-2.602937540804159067e+00
-9.129311853772934526e-01
3.082074785892371382e-01
-2.924948154794538291e-01
-5.302579123115200854e-01
-2.221441471072811424e+00
nan
-2.221441467085554233e+00
2.610459999999999864e-02
2.799937000000000120e-01
1.333500000000000241e-01
1.465844590641474321e+00
-1.019725515974276187e+00
-1.465844596704290570e+00
8.860460000000003333e-02
2.799937001121810543e-01
1.333499998878189818e-01
-2.461413691967712647e-01
-3.054655821454946185e+00
-5.482606245849375171e-01
2.073546000000000833e-01
2.799937003253250012e-01
1.333499992483870855e-01
-1.136326272119029479e+00
-6.574726363986842514e-01
-1.203594781801617053e+00
1.745303029247486648e-01
9.026924352102883020e-02
6.297815820503779860e-02
-2.102087140275751942e+00
8.719537019734563410e-01
-1.532054766383236899e+00
1.417060058494972463e-01
-9.945521341122851022e-02
-7.393682493324629790e-03
-5.203515459589282965e-01
-1.160709243850008177e+00
-2.696117181649996031e+00
7.879434337668803079e-02
-2.497909484942805181e-01
-1.360192611390425022e-01
3.217588958399889010e-01
8.757082737051398169e-01
-1.556292471766315577e+00
5.270311363605495458e-02
-3.252823723027652991e-01
-2.022337245287676166e-01
-1.654631127355368658e+00
-3.146297614329122694e-01
2.382090979788612284e+00
1.500806900828521029e-01
-3.203215860515750135e-01
-2.376887764271668479e-01
-1.654631127754919495e+00
-3.146297542680954185e-01
2.382090981553679487e+00
1.500806901804018212e-01
-3.203215861384015595e-01
-2.376887761713944169e-01
5.754289431355940065e-01
-9.127879558914284153e-02
1.174330919538009832e+00
2.567268373594514541e-01
-3.455000113034961129e-01
-2.837713887625901155e-01
5.754289431355940065e-01
-9.127879558914284153e-02
1.174330919538009832e+00
2.789134764688820933e-01
-3.756303354802204564e-01
-3.062359772218382070e-01
1.397588417565884367e+00
-2.502285934479390406e+00
-4.083825063451418380e-01
2.518292284028743055e-01
-2.821530578032154235e-01
-2.885641930671423161e-01
1.397588417565884367e+00
-2.502285934479390406e+00
-4.083825063451418380e-01
2.927809173928747621e-01
-2.791785029491250514e-01
-3.033578510629283409e-01
1.341631671922088209e+00
-2.603161242698841082e+00
-9.128724050910989041e-01
2.669866139304285513e-01
-2.956567846006784572e-01
-2.488822493704360428e-01
1.341631671922088209e+00
-2.603161242698841082e+00
-9.128724050910989041e-01
3.080500872588859407e-01
-2.927817249429528479e-01
-2.633828119380603461e-01
0.000000000000000000e+00
0.000000000000000000e+00
0.000000000000000000e+00
0.000000000000000000e+00
0.000000000000000000e+00
0.000000000000000000e+00
5.054407037220972621e-01
9.072136144302132693e-10
-2.721641297995609154e-09
0.000000000000000000e+00
-0.000000000000000000e+00
0.000000000000000000e+00
5.054406964777943267e-01
3.367746839457285146e-01
-9.097367638450586380e-01
0.000000000000000000e+00
0.000000000000000000e+00
0.000000000000000000e+00
6.604772547297950158e-01
1.234747718131899763e+00
-5.773168880343184650e-01
-1.963080441372873075e-01
6.531719136799378489e-02
-8.488708068405360907e-02
-1.654818271707511057e+00
1.343298022711726158e+00
2.092792758998572866e-01
-3.926160882745746705e-01
1.306343825615758625e-01
-1.697741614326725157e-01
-1.782567712265058724e+00
9.740274472203496181e-01
-1.157836836497753152e-01
-5.343711858936561754e-01
-9.585321760888089460e-02
1.630892792039164707e-01
-1.667777528538166854e+00
6.916377361233243537e-01
1.598977716478370281e-01
-6.077271614106775077e-01
-2.111109945731251547e-01
3.228506083176583830e-01
-2.685966491675652712e+00
6.396355157451963924e-01
5.305908429234058588e-01
-6.330426573906239307e-01
-2.546673063736613618e-01
2.472058616342069914e-01
-2.685966491675652712e+00
6.396355157451962814e-01
5.305908429234064139e-01
-6.330426571809555369e-01
-2.546673056349048614e-01
2.472058618050116396e-01
-4.074781912646525228e+00
3.545236829303893611e+00
-4.737879335534504577e+00
-6.491655271488959711e-01
-3.218508954194510552e-01
2.465792426567274265e-01
-4.074781912646525228e+00
3.545236829303893611e+00
-4.737879335534504577e+00
-8.707137063963670265e-01
-5.195506912631108198e-01
2.891864730039707121e-01
-3.513687363498069871e+00
9.331224943306244413e-01
-1.701752676407802811e+00
-6.858410941053528775e-01
-3.373218605212054966e-01
7.957001822669840241e-02
-3.513687363498069871e+00
9.331224943306244413e-01
-1.701752676407802811e+00
-7.653595249557467728e-01
-3.801794644914456844e-01
2.202552744602004897e-01
-2.363184864728797407e+00
1.676194090867922093e-01
1.350964426335612645e+00
-6.532944884252892548e-01
-2.226948912636207423e-01
1.061434351318260028e-01
-2.363184864728797407e+00
1.676194090867922093e-01
1.350964426335612645e+00
-6.596308332679260422e-01
-2.014680519182494578e-01
9.242583891951164365e-02
0.000000000000000000e+00
0.000000000000000000e+00
0.000000000000000000e+00
0.000000000000000000e+00
0.000000000000000000e+00
0.000000000000000000e+00
5.062473117811712164e-01
9.086613921958586058e-10
-2.725984632018186564e-09
0.000000000000000000e+00
-0.000000000000000000e+00
0.000000000000000000e+00
5.062473045194650911e-01
3.381719161365946413e-01
-9.117209657345440865e-01
0.000000000000000000e+00
0.000000000000000000e+00
0.000000000000000000e+00
6.620868721678101476e-01
1.238924711325388950e+00
-5.776173228169440010e-01
-1.967735453087638142e-01
6.555215467127369078e-02
-8.494723942081995605e-02
-1.658411198695883826e+00
1.346901101683762203e+00
2.136502433395335299e-01
-3.935470906175276840e-01
1.311043091678987249e-01
-1.698944789064198990e-01
-1.787680428721367010e+00
9.728781703670126291e-01
-1.144099049949194313e-01
-5.346737578170345229e-01
-9.565088289310830216e-02
1.641597752128748089e-01
-1.672906301653955818e+00
6.912785781703910670e-01
1.614173868487281671e-01
-6.077293304373234673e-01
-2.110360880773809178e-01
3.244979039443056656e-01
-2.686069938570295079e+00
6.396641481186399192e-01
5.303089786630181823e-01
-6.330394054559884687e-01
-2.546306338959767324e-01
2.488839407717107766e-01
-2.686069938570295079e+00
6.396641481186395861e-01
5.303089786630186264e-01
-6.330394052463349519e-01
-2.546306331572226744e-01
2.488839409425339655e-01
-4.082084246768601155e+00
3.560775563365921492e+00
-4.766333769152108601e+00
-6.491644554389188748e-01
-3.218563441403464731e-01
2.482972349936142242e-01
-4.082084246768601155e+00
3.560775563365921492e+00
-4.766333769152108601e+00
-8.727669946647029775e-01
-5.193076140112531380e-01
2.922901142913726380e-01
-2.341016066152955322e+00
5.173083803529495706e-01
1.460882399315181379e+00
-6.858236987336371326e-01
-3.373273977079078723e-01
8.127571235752723000e-02
-2.341016066152955322e+00
5.173083803529495706e-01
1.460882399315181379e+00
-6.978220568230707466e-01
-3.121339870854941134e-01
5.312757975031350693e-02
-2.363323659709949176e+00
1.676349861763515858e-01
1.350688957549547098e+00
-6.532794344570848066e-01
-2.227008240018271412e-01
1.078520308656699678e-01
-2.363323659709949176e+00
1.676349861763515858e-01
1.350688957549547098e+00
-6.595935473946439309e-01
-2.015063666136202858e-01
9.417365956972051366e-02
