-2.221441471072811424e+00
nan
-2.221441467085554233e+00
2.610459999999999864e-02
2.799937000000000120e-01
-1.333499999999999686e-01
1.580010683173081798e+00
-9.175758520214341019e-01
-1.580010690033994747e+00
8.860460000000003333e-02
2.799937001121810543e-01
-1.333500001121810108e-01
-1.070561817891928058e+00
-2.656665426684370335e+00
-7.046273158689855265e-01
2.073546000000000833e-01
2.799937003253250012e-01
-1.333500007516129071e-01
-1.250624950108820688e+00
2.677641133441194254e-01
-1.088139529598308064e+00
6.521725233870834249e-02
1.516887680703055963e-01
-2.065607838292987108e-01
-2.974583837407855924e+00
5.093805101016182224e-01
-8.439811127655965084e-01
-7.692009532258345383e-02
2.338383563292958933e-02
-2.797715665873971580e-01
-7.863556210587927531e-01
-1.875238187104277809e+00
-2.228983235768766225e+00
-1.462925192463050972e-01
-1.720425270268570450e-01
-2.897341755084111292e-01
-2.827105603378867182e-01
5.071056922132293199e-01
-1.956904181741518700e+00
-1.780876427669729478e-01
-2.703066582316366873e-01
-2.995979039553696155e-01
9.302254533431617567e-01
-9.800102508736135976e-01
-2.082732207265316049e+00
-9.461481360376639005e-02
-3.080265206029429437e-01
-3.483171124277972264e-01
9.302254527484743463e-01
-9.800102559029489901e-01
-2.082732203177960706e+00
-9.461481344890523837e-02
-3.080265203793685624e-01
-3.483171123355645604e-01
-1.125278431592174000e+00
-2.498989815246618063e-01
-1.482404890753521443e+00
6.919270234892721527e-03
-3.635520407726574033e-01
-3.754962848893051985e-01
-1.125278431592174000e+00
-2.498989815246618063e-01
-1.482404890753521443e+00
-2.802175770441736602e-02
-3.375320397670434902e-01
-3.781088006925503731e-01
1.668411218924325867e+00
1.198665420119753300e+00
-1.578191263250240173e+00
-2.112399837171323458e-02
-3.531402300745458134e-01
-4.317542918590196455e-01
1.668411218924325867e+00
1.198665420119753300e+00
-1.578191263250240173e+00
-5.045641922208689983e-02
-3.424489421275346834e-01
-4.012576268987217420e-01
1.277289551965667291e+00
-1.622733009918560620e+00
2.413118628148589184e-01
2.935152897828113838e-03
-3.184624507977462105e-01
-4.174238175605570200e-01
1.277289551965667291e+00
-1.622733009918560620e+00
2.413118628148589184e-01
3.046041313107062526e-02
-3.185225188891872561e-01
-4.512926463789067033e-01
-2.221441471072811424e+00
nan
-2.221441467085554233e+00
2.610459999999999864e-02
2.799937000000000120e-01
1.333500000000000241e-01
1.579203844474589502e+00
-9.183416723745081445e-01
-1.579203851329783248e+00
8.860460000000003333e-02
2.799937001121810543e-01
1.333499998878189818e-01
-1.072444270228210872e+00
-2.656494864884872520e+00
-7.029209028684544336e-01
2.073546000000000833e-01
2.799937003253250012e-01
1.333499992483870855e-01
-1.251152912105007120e+00
2.703728881273020912e-01
-1.086116437299386561e+00
6.503072568015419441e-02
1.517594830563271102e-01
6.037808465108351896e-02
-2.975234075183589955e+00
5.092428732997910101e-01
-8.394548506082966099e-01
-7.729314863969177773e-02
2.352526560534623501e-02
-1.259382962641980575e-02
-7.860183764482492341e-01
-1.875330914078244593e+00
-2.229258288457141468e+00
-1.466286990543459179e-01
-1.719136328472479214e-01
-2.256721522678631700e-02
-2.823815999762778195e-01
5.069298350895765637e-01
-1.956911926817368919e+00
-1.784186604496074691e-01
-2.701780383542368713e-01
-3.244483968035966059e-02
9.305334535779621330e-01
-9.801685219318903020e-01
-2.082591634331738994e+00
-9.493056180224669627e-02
-3.078965107088665887e-01
-8.113895356983918949e-02
9.305334529828970247e-01
-9.801685269616102758e-01
-2.082591630244575054e+00
-9.493056164742082192e-02
-3.078965104852818269e-01
-8.113895347757257848e-02
-1.125154896175010188e+00
-2.515972115105399864e-01
-1.484681964731650039e+00
6.613475238255700495e-03
-3.634189640949320732e-01
-1.082871892081799514e-01
-1.125154896175010188e+00
-2.515972115105399864e-01
-1.484681964731650039e+00
-2.829104506887365755e-02
-3.373604390095019667e-01
-1.110017530978696237e-01
1.177246980696306844e+00
-1.308547732493412274e+00
4.758422610630985705e-01
-2.141440506100472652e-02
-3.530107353116104241e-01
-1.645535269589556426e-01
1.177246980696306844e+00
-1.308547732493412274e+00
4.758422610630985705e-01
1.904318751423987599e-03
-3.591793158923028972e-01
-2.009255884621090615e-01
1.277072938307861172e+00
-1.623137442479804848e+00
2.417474349839848491e-01
2.639270062417681251e-03
-3.183313385621610037e-01
-1.502177750375832121e-01
1.277072938307861172e+00
-1.623137442479804848e+00
2.417474349839848491e-01
3.018093902351076663e-02
-3.184015189304305604e-01
-1.840732423975750542e-01
0.000000000000000000e+00
0.000000000000000000e+00
0.000000000000000000e+00
0.000000000000000000e+00
0.000000000000000000e+00
0.000000000000000000e+00
-1.349160871452639021e-01
-2.421603764051688623e-10
7.264812505888245311e-10
0.000000000000000000e+00
-0.000000000000000000e+00
0.000000000000000000e+00
-1.349160961867082453e-01
6.087088844352430694e-01
-1.066787535797495856e+00
0.000000000000000000e+00
0.000000000000000000e+00
0.000000000000000000e+00
6.279829442543150009e-01
1.297364691307183904e+00
-6.738405951441226449e-01
-1.814381566068456186e-01
1.417530378047681394e-01
1.038306669128364890e-01
2.885080567000435359e-01
1.350374699056057004e+00
-1.076587726504713849e-01
-3.628763132136912373e-01
2.835060756526537884e-01
2.076613338502757977e-01
-2.777384078873353923e-01
-3.996331867220226375e-01
-2.833241182217690057e-01
-3.973689305847172837e-01
2.938489186075340376e-01
2.449580198101275752e-01
-5.840091096729252973e-01
-2.350704674251009874e-01
-9.354809591760556708e-01
-4.212676556789211046e-01
3.001177077080883770e-01
2.595433566285905713e-01
-2.759550323982773445e+00
7.480172753033559330e-01
3.342812684536949352e-01
-4.451014216018254199e-01
1.935780038534010150e-01
3.011940968377332384e-01
-2.759550323982773001e+00
7.480172753033564881e-01
3.342812684536948242e-01
-4.451014216075704355e-01
1.935780041596890377e-01
3.011940961049297538e-01
-4.435746852635837456e+00
-1.678092711935216474e+00
-1.410915664928668711e+00
-4.468707708175993498e-01
1.525166520185339547e-01
3.784703152679644855e-01
-4.435746852635837456e+00
-1.678092711935216474e+00
-1.410915664928668711e+00
-4.057747000680775873e-01
1.902270369351106716e-01
2.044178933692502587e-01
-3.983851343843054060e+00
-1.423757442804450601e+00
-8.191649977040095509e-02
-4.924332051921466169e-01
-1.210448874277034181e-02
3.707152490564568081e-01
-3.983851343843054060e+00
-1.423757442804450601e+00
-8.191649977040095509e-02
-5.349772660234278776e-01
1.117925001878987412e-01
2.863604947001516798e-01
-2.183787094094949310e+00
1.419327024549324134e+00
8.010145152622527576e-01
-4.933058948974116675e-01
3.548369985468047272e-02
2.570235112394079202e-01
-2.183787094094949310e+00
1.419327024549324134e+00
8.010145152622527576e-01
-5.413287235159818245e-01
-1.643047842774453260e-02
2.180873414554699297e-01
0.000000000000000000e+00
0.000000000000000000e+00
0.000000000000000000e+00
0.000000000000000000e+00
0.000000000000000000e+00
0.000000000000000000e+00
-1.391238036146089374e-01
-2.497127908398220304e-10
7.491384976781334864e-10
0.000000000000000000e+00
-0.000000000000000000e+00
0.000000000000000000e+00
-1.391238126539830755e-01
6.072160354783997516e-01
-1.067066310967682785e+00
0.000000000000000000e+00
0.000000000000000000e+00
0.000000000000000000e+00
6.297337235526516697e-01
1.299958872601958859e+00
-6.728597416777148954e-01
-1.811441298441009429e-01
1.417168805576683455e-01
1.042617719375850127e-01
2.953377513648277608e-01
1.351725071528319555e+00
-1.116255672238863211e-01
-3.622882596882018857e-01
2.834337611598285456e-01
2.085235439004881342e-01
-2.721076672595985624e-01
-4.022778989535829575e-01
-2.879394882564630387e-01
-3.975855129496192464e-01
2.941188985803512290e-01
2.445256609459839081e-01
-5.772295398628186636e-01
-2.382042817141271362e-01
-9.381751875280408548e-01
-4.219061655732912475e-01
3.005847064480673403e-01
2.584757602252406028e-01
-2.759471736075481019e+00
7.476948260267892721e-01
3.346092129028873652e-01
-4.456935540251180661e-01
1.941505628887682799e-01
3.001351992368048172e-01
-2.759471736075481019e+00
7.476948260267894941e-01
3.346092129028875317e-01
-4.456935540309442390e-01
1.941505631951816191e-01
3.001351985040665027e-01
-4.421224732669954527e+00
-1.658502975184393824e+00
-1.396525046324584185e+00
-4.474138249217129992e-01
1.532133442695540748e-01
3.774238889641644001e-01
-4.421224732669954527e+00
-1.658502975184393824e+00
-1.396525046324584185e+00
-4.065203296822538226e-01
1.899566841008964446e-01
2.043240425828024842e-01
-2.275180074672479513e+00
1.606947662281067668e+00
4.993701005082323841e-01
-4.929665637783440246e-01
-1.143041141245990100e-02
3.696589768982361801e-01
-2.275180074672479513e+00
1.606947662281067668e+00
4.993701005082323841e-01
-5.483341582786060986e-01
-8.253872756526026144e-02
3.462216398066791379e-01
-2.183867760884615095e+00
1.419048592868670911e+00
8.014755572581975240e-01
-4.938518418898104612e-01
3.617727213042697121e-02
2.559773533072705609e-01
-2.183867760884615095e+00
1.419048592868670911e+00
8.014755572581975240e-01
-5.418381473581507235e-01
-1.568461708832771806e-02
2.170476513664876261e-01
