-2.221441471072811424e+00
nan
-2.221441467085554233e+00
2.610459999999999864e-02
2.799937000000000120e-01
-1.333499999999999686e-01
1.428900967772217756e+00
-1.050249569396870530e+00
-1.428900973581316514e+00
8.860460000000003333e-02
2.799937001121810543e-01
-1.333500001121810108e-01
-4.503909564650646763e-02
-3.100923581645110616e+00
-4.736174852449499539e-01
2.073546000000000833e-01
2.799937003253250012e-01
-1.333500007516129071e-01
-1.055109305073448134e+00
-8.749008354710189339e-01
-1.233292189745332612e+00
2.014008463172052843e-01
8.442259076166325205e-02
-1.945177530490682094e-01
-1.762796736593347013e+00
9.358834965359339453e-01
-1.505094969798919990e+00
1.954470926344105131e-01
-1.111485189118345540e-01
-2.556855049953454251e-01
-2.478099469141521183e-01
-8.433490617359817865e-01
-2.858248243162123448e+00
1.603299006285096584e-01
-2.250447590769644735e-01
-4.256786792755727911e-01
5.799512496618165480e-01
9.692458575281127642e-01
-1.457516688244166359e+00
1.483962101726129801e-01
-2.819553412621941257e-01
-5.116021054609912744e-01
-1.554904166463190851e+00
-6.741602919787011983e-01
2.017995648392824748e+00
2.491424997798289409e-01
-2.735450245854851858e-01
-5.349154965437240561e-01
-1.554904166694801360e+00
-6.741602856720826376e-01
2.017995651145031655e+00
2.491424998435578519e-01
-2.735450247734009799e-01
-5.349154963361172355e-01
7.149368850484679738e-01
-7.733774980900727236e-01
1.756165002864722213e+00
3.583142596843709726e-01
-2.896272720907742682e-01
-5.791178623320983876e-01
7.149368850484679738e-01
-7.733774980900727236e-01
1.756165002864722213e+00
3.996346450437551212e-01
-2.945876844773481773e-01
-5.922617273389034764e-01
-1.493795064204656853e-01
-2.765419040327531608e+00
-7.439538447093480000e-01
3.579954196226131646e-01
-2.291716942310048355e-01
-5.589978347223665267e-01
-1.493795064204656853e-01
-2.765419040327531608e+00
-7.439538447093480000e-01
3.754603569947947972e-01
-2.609671773150879504e-01
-5.832623013896056641e-01
-1.062070039541177291e+00
2.465298553668820336e+00
1.345721964396068726e+00
3.679033864358700612e-01
-2.583585588752572160e-01
-5.267998106391174051e-01
-1.062070039541177291e+00
2.465298553668820336e+00
1.345721964396068726e+00
4.092123683851336957e-01
-2.583292800530386790e-01
-5.408820078283340660e-01
-2.221441471072811424e+00
nan
-2.221441467085554233e+00
2.610459999999999864e-02
2.799937000000000120e-01
1.333500000000000241e-01
1.429222958640442354e+00
-1.049988589139742468e+00
-1.429222964451743350e+00
8.860460000000003333e-02
2.799937001121810543e-01
1.333499998878189818e-01
-4.516412859384264650e-02
-3.100795991112509586e+00
-4.743154759035498880e-01
2.073546000000000833e-01
2.799937003253250012e-01
1.333499992483870855e-01
-1.055022887426276812e+00
-8.741107868117843349e-01
-1.232923090127707511e+00
2.013840795557046426e-01
8.445073667777744375e-02
7.209396074149244937e-02
-1.764088051147692626e+00
9.353371461191699598e-01
-1.505042941429069137e+00
1.954135591114092019e-01
-1.110922270797650435e-01
1.083792258572616185e-02
-2.484785123119006289e-01
-8.446831920509001446e-01
-2.857889436058949517e+00
1.602237848320072489e-01
-2.251519915679469630e-01
-1.590305556880996229e-01
5.792581067790997240e-01
9.685773970737882044e-01
-1.457767454839357990e+00
1.482531890300385902e-01
-2.821433150501008180e-01
-2.448953120430697461e-01
-1.554846980123922195e+00
-6.740493693430298361e-01
2.017982429705236669e+00
2.489987578334393326e-01
-2.737417292832710070e-01
-2.682149651940464175e-01
-1.554846980355195418e+00
-6.740493630365289590e-01
2.017982432457416930e+00
2.489987578971651627e-01
-2.737417294711895210e-01
-2.682149649864410956e-01
7.156099024569281264e-01
-7.721654961470300060e-01
1.753850274101200535e+00
3.581664701169939846e-01
-2.898336784933986388e-01
-3.124237963498154858e-01
7.156099024569281264e-01
-7.721654961470300060e-01
1.753850274101200535e+00
3.994527224454281211e-01
-2.948633477893566335e-01
-3.256483538114535170e-01
1.254180572947436234e+00
-2.729176348050944334e+00
-9.136774146358530579e-01
3.578539206768824865e-01
-2.293778184351401017e-01
-2.923045179874153021e-01
1.254180572947436234e+00
-2.729176348050944334e+00
-9.136774146358530579e-01
3.996179646128547036e-01
-2.307147031843038987e-01
-3.049028709707078399e-01
-1.061601756256282725e+00
2.465631429267835184e+00
1.345823049862954868e+00
3.677614111076470405e-01
-2.585651032480671963e-01
-2.601067281934964504e-01
-1.061601756256282725e+00
2.465631429267835184e+00
1.345823049862954868e+00
4.090662011505381557e-01
-2.585477209906347218e-01
-2.742012357045736093e-01
0.000000000000000000e+00
0.000000000000000000e+00
0.000000000000000000e+00
0.000000000000000000e+00
0.000000000000000000e+00
0.000000000000000000e+00
2.010299380831057914e-01
3.608278783129651410e-10
-1.082483815789608730e-09
0.000000000000000000e+00
-0.000000000000000000e+00
0.000000000000000000e+00
2.010299319543568386e-01
2.449122506547218303e-01
-7.830557567737652658e-01
0.000000000000000000e+00
0.000000000000000000e+00
0.000000000000000000e+00
2.285740750901639196e-01
1.149692482601905263e+00
-5.000723811308331879e-01
-1.681238150851183666e-01
1.695867017788391454e-02
-3.785749963352381953e-02
-1.551692814550030386e+00
1.120510514440437921e+00
-2.334871419312136709e-01
-3.362476301702366777e-01
3.391734028517053023e-02
-7.571499928912799049e-02
-1.529864994558145064e+00
1.224605215753789889e+00
-7.632527429331159574e-02
-5.533200769272041963e-01
-2.216604339739016716e-01
1.403661610596043663e-01
-1.410659854652875911e+00
7.049172369483621692e-01
2.513291216555536001e-01
-6.628860685847831613e-01
-3.522008337100964170e-01
2.420457281401940663e-01
-2.675844678133197263e+00
5.992994036551994030e-01
5.441016749971469002e-01
-6.814338373139221527e-01
-3.597676221092921955e-01
1.591638359367250344e-01
-2.675844678133196819e+00
5.992994036551990700e-01
5.441016749971474553e-01
-6.814338370872581319e-01
-3.597676215190937499e-01
1.591638364013659990e-01
-3.038559693013935359e+00
3.400464567978355390e+00
-1.653308185306590072e+00
-6.991739109656971429e-01
-4.186457499385629055e-01
1.367708617293932338e-01
-3.038559693013935359e+00
3.400464567978355390e+00
-1.653308185306590072e+00
-7.520702486088473027e-01
-5.268994996933495933e-01
1.133486451816644036e-02
-3.033363738337027993e+00
1.369827400131867989e+00
-7.229098070691748479e-01
-7.200099715940797562e-01
-3.649811625468274978e-01
-2.480779389126488987e-02
-3.033363738337027993e+00
1.369827400131867989e+00
-7.229098070691748479e-01
-7.762333694264359485e-01
-4.512096903715172580e-01
4.771552178489976703e-02
-2.473949541049983658e+00
-1.819867384391825327e-01
1.134720264099649212e+00
-6.848330930212602752e-01
-2.734333098183517885e-01
4.735388393583128686e-02
-2.473949541049983658e+00
-1.819867384391825327e-01
1.134720264099649212e+00
-6.823035431576176535e-01
-2.613978161844336956e-01
5.479913650023077176e-02
0.000000000000000000e+00
0.000000000000000000e+00
0.000000000000000000e+00
0.000000000000000000e+00
0.000000000000000000e+00
0.000000000000000000e+00
2.023391593860260906e-01
3.631777946959646283e-10
-1.089533566116410021e-09
0.000000000000000000e+00
-0.000000000000000000e+00
0.000000000000000000e+00
2.023391532516091718e-01
2.454916014626358778e-01
-7.836640505944781898e-01
0.000000000000000000e+00
0.000000000000000000e+00
0.000000000000000000e+00
2.300208091387735132e-01
1.152104866486187484e+00
-4.996572232065791264e-01
-1.682778339496003583e-01
1.707337719856679564e-02
-3.810028506331938208e-02
-1.555838613955578653e+00
1.122480072688832209e+00
-2.310236320229031026e-01
-3.365556678992006612e-01
3.414675432608658273e-02
-7.620057014889505820e-02
-1.534324530379197027e+00
1.224907396842740637e+00
-7.670369882603839118e-02
-5.535801507992825776e-01
-2.220115140021123590e-01
1.407578361315443005e-01
-1.414840669281896002e+00
7.045509045191489239e-01
2.520168786140115635e-01
-6.631279712986577479e-01
-3.528377269974135588e-01
2.428638931114349697e-01
-2.675870974256381984e+00
5.993884225457442039e-01
5.439085175285047757e-01
-6.816751954396155222e-01
-3.604417368849369141e-01
1.599966062553322410e-01
-2.675870974256381984e+00
5.993884225457437598e-01
5.439085175285053309e-01
-6.816751952129690428e-01
-3.604417362947509029e-01
1.599966067199815878e-01
-3.040546331271494207e+00
3.416473995687115295e+00
-1.666001923995124701e+00
-6.994209087696385829e-01
-4.193616164303338723e-01
1.376227232073534701e-01
-3.040546331271494207e+00
3.416473995687115295e+00
-1.666001923995124701e+00
-7.529817041659200294e-01
-5.283544719167259096e-01
1.186225827321563120e-02
-2.441485578211676444e+00
9.424826635233518601e-02
1.374508847844996717e+00
-7.202441034694390121e-01
-3.656950217400280478e-01
-2.396201943037018500e-02
-2.441485578211676444e+00
9.424826635233518601e-02
1.374508847844996717e+00
-7.195939164807345634e-01
-3.390486709461757453e-01
-2.463422333238377004e-02
-2.474005162682197945e+00
-1.819071129436386214e-01
1.134524704524641603e+00
-6.850699082221211045e-01
-2.741491221626474184e-01
4.820095375721233921e-02
-2.474005162682197945e+00
-1.819071129436386214e-01
1.134524704524641603e+00
-6.825257376528961473e-01
-2.621577017916518759e-01
5.567158507003078238e-02
