-2.221441471072811424e+00
nan
-2.221441467085554233e+00
2.610459999999999864e-02
2.799937000000000120e-01
-1.333499999999999686e-01
1.486623105179142756e+00
-1.002032534507020234e+00
-1.486623111385601881e+00
8.860460000000003333e-02
2.799937001121810543e-01
-1.333500001121810108e-01
-1.512818608429385314e+00
-2.476727057763987272e+00
-4.822678312199777384e-01
2.073546000000000833e-01
2.799937003253250012e-01
-1.333500007516129071e-01
-1.246345090069610917e+00
7.722456283336246452e-01
-9.437056823987234333e-01
2.496816823821737530e-02
1.932360649463454871e-01
-1.684684035150166848e-01
-2.925815146051910620e+00
8.055554524960630847e-01
-2.154802215718630842e-01
-1.574182635235653327e-01
1.064784294293048966e-01
-2.035868059373499017e-01
6.707142724213192020e-01
1.793261377938587753e+00
2.155758628762483031e+00
-2.631264320260069400e-01
-7.146500735999160303e-02
-2.198707371418556766e-01
2.796498471411426514e-03
2.853822916158776923e-01
-2.257585621250577379e+00
-3.151064436711724648e-01
-1.601922546552126125e-01
-2.336408670171022384e-01
2.109888287086609249e-01
-1.494751197115587571e+00
-1.368427197323680788e+00
-2.366706238508085036e-01
-2.247176079127221615e-01
-2.548154616082866086e-01
2.109888281995738746e-01
-1.494751199393163699e+00
-1.368427191878041072e+00
-2.366706237260579049e-01
-2.247176077088369750e-01
-2.548154617674797118e-01
-1.377389169628608023e+00
-2.121458687809159915e+00
-1.693817248813748844e+00
-1.334528022723276697e-01
-2.836831715463714598e-01
-2.544920412555544686e-01
-1.377389169628608023e+00
-2.121458687809159915e+00
-1.693817248813748844e+00
-1.436529706379018334e-01
-2.968821718072985338e-01
-2.948217335682412621e-01
8.359445313778824938e-01
-1.567769943794280682e-03
-9.148492485782317996e-01
-1.729755078844482097e-01
-3.208882306894982883e-01
-2.878616888355648440e-01
8.359445313778824938e-01
-1.567769943794280682e-03
-9.148492485782317996e-01
-2.136753197051580733e-01
-3.154386870965822931e-01
-3.026457653030928396e-01
7.737521920656621477e-01
-8.831777537574835302e-01
4.474882215149484921e-01
-1.535834806984411882e-01
-2.892462616303608236e-01
-3.125495138648735072e-01
7.737521920656621477e-01
-8.831777537574835302e-01
4.474882215149484921e-01
-1.446406387694665618e-01
-3.136694954570967142e-01
-3.475962305768275362e-01
-2.221441471072811424e+00
nan
-2.221441467085554233e+00
2.610459999999999864e-02
2.799937000000000120e-01
1.333500000000000241e-01
1.484974827041946721e+00
-1.003450132127950756e+00
-1.484974833236985869e+00
8.860460000000003333e-02
2.799937001121810543e-01
1.333499998878189818e-01
-1.513908738081912508e+00
-2.477990339517814444e+00
-4.795055271886261572e-01
2.073546000000000555e-01
2.799937003253250012e-01
1.333499992483870855e-01
-1.245363925791225457e+00
7.749445347174496179e-01
-9.399789268546531185e-01
2.495064992046686081e-02
1.931858112619974366e-01
9.844742926060276456e-02
-2.923113658938744308e+00
8.073735380532558459e-01
-2.099289347474605771e-01
-1.574533001590663339e-01
1.063779220614072124e-01
6.354485961421110773e-02
6.712712699733350830e-01
1.790248535581278055e+00
2.155848036765737774e+00
-2.634323098496300641e-01
-7.137468011598190054e-02
4.694028421541647511e-02
5.047536799008678701e-03
2.863087896590738590e-01
-2.257447315484551797e+00
-3.155631594614384250e-01
-1.599880907261365948e-01
3.300828942690381407e-02
2.112174874422375614e-01
-1.494786448868723250e+00
-1.368207134255708279e+00
-2.371090645170352285e-01
-2.244945976002824528e-01
1.184397849197486516e-02
2.112174869331722993e-01
-1.494786451146521866e+00
-1.368207128810149831e+00
-2.371090643923196573e-01
-2.244945973963718977e-01
1.184397833278670251e-02
-1.385872959398431803e+00
-2.110381774485306838e+00
-1.689911462623514549e+00
-1.338765204635593842e-01
-2.834343121220708195e-01
1.217996525192427230e-02
-1.385872959398431803e+00
-2.110381774485306838e+00
-1.689911462623514549e+00
-1.444763747806918353e-01
-2.964072122121373942e-01
-2.812001088105525737e-02
5.883571715099737975e-01
-5.640146195749535796e-01
5.250396555195688819e-01
-1.733865593829947704e-01
-3.206505043369296537e-01
-2.119226760671709744e-02
5.883571715099737975e-01
-5.640146195749535796e-01
5.250396555195688819e-01
-1.696093757892140619e-01
-3.535568455532757670e-01
-4.961139349866310055e-02
7.736945297989301640e-01
-8.833000490958474726e-01
4.480339869144986387e-01
-1.539999720133262140e-01
-2.890046012433854505e-01
-4.587932244426740080e-02
7.736945297989301640e-01
-8.833000490958474726e-01
4.480339869144986387e-01
-1.450364977259047949e-01
-3.134313132513630862e-01
-8.091834346067219852e-02
0.000000000000000000e+00
0.000000000000000000e+00
0.000000000000000000e+00
0.000000000000000000e+00
0.000000000000000000e+00
0.000000000000000000e+00
-6.731519210132870246e-01
-1.208237846350574360e-09
3.624714144633191457e-09
0.000000000000000000e+00
-0.000000000000000000e+00
0.000000000000000000e+00
-6.731519262295933004e-01
2.623754248070320760e-01
-6.481806879805036559e-01
0.000000000000000000e+00
0.000000000000000000e+00
0.000000000000000000e+00
6.530998000173390272e-01
8.932472652072097619e-01
-3.928116817131559468e-01
-6.544882963110114360e-02
9.457934235136943035e-02
1.062547868830212155e-01
7.371646035217990223e-01
9.232639745162791733e-01
-9.035541086353531259e-01
-1.308976592622022594e-01
1.891586849323311226e-01
2.125095738589785066e-01
-4.124357518795108701e-01
-1.039045609418812965e+00
-1.208097060771801123e+00
-3.067135497224880436e-01
2.966756725891762092e-01
1.789325146192912164e-01
-3.381852775890802354e-01
-1.202561378740193643e+00
-4.347736551622490841e-01
-3.995968834022155525e-01
3.537932780080088602e-01
1.615172006922470094e-01
-2.782831820077734442e+00
8.085310298536394491e-01
2.251850106559021847e-01
-4.021870574227791040e-01
3.125305137794057164e-01
2.776626128209657152e-01
-2.782831820077733553e+00
8.085310298536394491e-01
2.251850106559017961e-01
-4.021870575974034745e-01
3.125305133644901145e-01
2.776626121527226987e-01
-4.553510911417505191e+00
-2.523631030460764535e+00
1.763566019754044367e+00
-3.886474009567344456e-01
3.366736444802786998e-01
3.582990480094052077e-01
-4.553510911417505191e+00
-2.523631030460764535e+00
1.763566019754044367e+00
-2.635928296326074394e-01
1.350432801550519313e-01
3.926593783140518434e-01
-4.518916332050572748e+00
-2.473238955163229669e+00
3.794847577187192122e+00
-4.072497748408546170e-01
2.349116064854304131e-01
4.937898043319421393e-01
-4.518916332050572748e+00
-2.473238955163229669e+00
3.794847577187192122e+00
-3.913654083056055666e-01
1.365401960223824873e-02
3.685034127248999480e-01
-2.265903789036208149e+00
1.567084522945039415e+00
-1.715290032664297248e-01
-4.343359445764035653e-01
1.705763352738793592e-01
3.900564702726077027e-01
-2.265903789036208149e+00
1.567084522945039415e+00
-1.715290032664297248e-01
-4.934464048705889394e-01
8.962989032053780836e-02
4.313829791630858224e-01
0.000000000000000000e+00
0.000000000000000000e+00
0.000000000000000000e+00
0.000000000000000000e+00
0.000000000000000000e+00
0.000000000000000000e+00
-6.746007556491618873e-01
-1.210838354178781231e-09
3.632515669421214414e-09
0.000000000000000000e+00
-0.000000000000000000e+00
0.000000000000000000e+00
-6.746007608187205573e-01
2.584919155825792791e-01
-6.429078596473376539e-01
0.000000000000000000e+00
0.000000000000000000e+00
0.000000000000000000e+00
6.584097306913530012e-01
8.928851236231696298e-01
-3.878394167818476346e-01
-6.483150633310487410e-02
9.372363286856451314e-02
1.057106144730755315e-01
7.422077930954125158e-01
9.249974457206532330e-01
-9.056437068342811925e-01
-1.296630126662097759e-01
1.874472659674327746e-01
2.114212290387486037e-01
-4.113602841843427838e-01
-1.035868384396241959e+00
-1.213935333779407433e+00
-3.060027280327406451e-01
2.957505344122468571e-01
1.775221757234776154e-01
-3.375836840269705319e-01
-1.201765745506483629e+00
-4.348154413822314379e-01
-3.991419652861171175e-01
3.533029454005043313e-01
1.599735145300274219e-01
-2.783059202793573661e+00
8.089525418380942856e-01
2.248926827732628531e-01
-4.017558466357791791e-01
3.120451674237046946e-01
2.760333026632099673e-01
-2.783059202793572773e+00
8.089525418380947297e-01
2.248926827732625200e-01
-4.017558468104125979e-01
3.120451670087223683e-01
2.760333019948259525e-01
-4.529056740137850312e+00
-2.478404400588289036e+00
1.742359405498202340e+00
-3.882289387715988083e-01
3.361964822496937844e-01
3.565557886606268712e-01
-4.529056740137850312e+00
-2.478404400588289036e+00
1.742359405498202340e+00
-2.657458460915033127e-01
1.352068478508619276e-01
3.890400636675020452e-01
-2.446070650572190086e+00
1.446200008041400809e+00
-4.681833465981221076e-01
-4.068558420596044556e-01
2.344340638256143250e-01
4.920924013091234617e-01
-2.446070650572190086e+00
1.446200008041400809e+00
-4.681833465981221076e-01
-4.633617831080348859e-01
1.631504596107571370e-01
5.671210738324421463e-01
-2.266281189294372389e+00
1.567620633240996542e+00
-1.717976395827282010e-01
-4.339434298664269773e-01
1.700884303134831965e-01
3.883371503436620076e-01
-2.266281189294372389e+00
1.567620633240996542e+00
-1.717976395827282010e-01
-4.930677736460456484e-01
8.914025236767542104e-02
4.296436210451657911e-01
