-2.221441471072811424e+00
nan
-2.221441467085554233e+00
2.610459999999999864e-02
2.799937000000000120e-01
-1.333499999999999686e-01
1.528570039324189889e+00
-9.651202711690896052e-01
-1.528570045822773782e+00
8.860460000000003333e-02
2.799937001121810543e-01
-1.333500001121810108e-01
-6.313766400451494842e-01
2.908621570011892477e+00
6.572035595929714979e-01
2.073546000000001110e-01
2.799937003253250012e-01
-1.333500007516129071e-01
-3.197635053521666881e-01
-1.268194045554269733e+00
-1.493842137325788855e+00
2.923487062061946307e-01
1.115662811435401414e-01
-2.135572721051098855e-01
-8.435211664616273364e-01
6.944240162502245406e-01
-1.236078244310528484e+00
3.773428124123891503e-01
-5.686113819644642020e-02
-2.937645431263987694e-01
-7.716071930498777931e-01
-2.512989622422965863e-01
2.835315339885389196e+00
4.745502191203562203e-01
-3.551468371048001338e-02
-4.759685468200347547e-01
1.520253870862188661e+00
1.208910444848392274e+00
-1.139559401573379427e+00
5.279530915504618838e-01
-2.386432028753871643e-02
-5.641528126973853752e-01
-8.820763293013731410e-01
-1.437228686179689019e+00
5.895376245139104521e-01
6.300143492630851938e-01
-4.046723611061085746e-02
-5.556731098553343573e-01
-8.820763292192449478e-01
-1.437228683405276097e+00
5.895376296191915388e-01
6.300143492395273714e-01
-4.046723634168453154e-02
-5.556731100242258137e-01
3.126920740648999053e-01
-2.692432968430197526e+00
1.014890097896048449e+00
7.475660120676962395e-01
-4.315386799875271795e-02
-5.731473642810389624e-01
3.126920740648999053e-01
-2.692432968430197526e+00
1.014890097896048449e+00
7.810808334570934486e-01
-6.688774545817730011e-02
-5.583757383519876161e-01
-2.837883711627108285e-01
1.412748811836454177e+00
2.167053861780567026e+00
7.403285169736429916e-01
-5.647365689508055536e-02
-5.112604031916396785e-01
-2.837883711627108285e-01
1.412748811836454177e+00
2.167053861780567026e+00
7.802722755265190102e-01
-5.308955703479018018e-02
-5.285168554752096570e-01
-2.516674118502119084e-01
9.476045360324049094e-01
2.323969960569178372e+00
7.366966287288527759e-01
-9.232405057784293101e-02
-5.374961095775616648e-01
-2.516674118502119084e-01
9.476045360324049094e-01
2.323969960569178372e+00
7.780142550139299562e-01
-8.368122845952685740e-02
-5.485819793498367680e-01
-2.221441471072811424e+00
nan
-2.221441467085554233e+00
2.610459999999999864e-02
2.799937000000000120e-01
1.333500000000000241e-01
1.528581689745705408e+00
-9.651097919316549145e-01
-1.528581696244371013e+00
8.860460000000003333e-02
2.799937001121810543e-01
1.333499998878189818e-01
-6.313786472242997050e-01
2.908611639382684189e+00
6.572268188722263371e-01
2.073546000000000833e-01
2.799937003253250012e-01
1.333499992483870855e-01
-3.197656913937926837e-01
-1.268173174094300748e+00
-1.493827883709351489e+00
2.923492161612210039e-01
1.115678291489266560e-01
5.314001768700016282e-02
-8.435342320850677256e-01
6.944368512949203875e-01
-1.236058611666973395e+00
3.773438323224419522e-01
-5.685804218567894197e-02
-2.706996354218130230e-02
-7.715758052043287796e-01
-2.513097159538441039e-01
2.835324726293983133e+00
4.745472879902323804e-01
-3.550963751854629286e-02
-2.092758466096836245e-01
1.520254570564219865e+00
1.208919041371730563e+00
-1.139559454622714796e+00
5.279482324110073010e-01
-2.385825430109141804e-02
-2.974611452942678147e-01
-8.820722067738979710e-01
-1.437225029015948063e+00
5.895402122238840859e-01
6.300095653325675782e-01
-4.046099185075183180e-02
-2.889819986313334477e-01
-8.820722066917607851e-01
-1.437225026241541803e+00
5.895402173291646175e-01
6.300095653090092007e-01
-4.046099208182539486e-02
-2.889819988002249596e-01
3.125447589578215779e-01
-2.692478084679925665e+00
1.014919621566670482e+00
7.475611404914357383e-01
-4.314739274205354330e-02
-3.064568781641313633e-01
3.125447589578215779e-01
-2.692478084679925665e+00
1.014919621566670482e+00
7.810729406037582034e-01
-6.688378337076232583e-02
-2.916824361183857905e-01
-3.136195337806935712e-01
1.392554588535718230e+00
2.129534324180363924e+00
7.403239974714304061e-01
-5.646725315555225361e-02
-2.445698912942496916e-01
-3.136195337806935712e-01
1.392554588535718230e+00
2.129534324180363924e+00
7.810117846181784396e-01
-5.397511122814360046e-02
-2.601594496691549963e-01
-2.515958843554640390e-01
9.476585533235339920e-01
2.324117254954262801e+00
7.366920357044856038e-01
-9.231762874769437743e-02
-2.708056122225145357e-01
-2.515958843554640390e-01
9.476585533235339920e-01
2.324117254954262801e+00
7.780073985609443632e-01
-8.366990186926404061e-02
-2.818960917651323617e-01
0.000000000000000000e+00
0.000000000000000000e+00
0.000000000000000000e+00
0.000000000000000000e+00
0.000000000000000000e+00
0.000000000000000000e+00
-6.814126388464261108e-01
-1.223064977659949028e-09
3.669195545992829333e-09
0.000000000000000000e+00
-0.000000000000000000e+00
0.000000000000000000e+00
-6.814126456193723147e-01
3.920236583466131242e-01
-8.232113174612448736e-01
-0.000000000000000000e+00
0.000000000000000000e+00
0.000000000000000000e+00
-1.126371763666319303e+00
1.273770867766431447e+00
-4.033121248277670712e-01
-1.700945055832317476e-01
-1.246223591173395012e-01
8.144887284665017213e-02
-8.754518665072887895e-01
1.324819890635489994e+00
-2.446150746041515500e-01
-3.401890111664634397e-01
-2.492447180083082192e-01
1.628977458011010848e-01
-1.496744962893584274e+00
1.189278672800467618e+00
7.813274095047144652e-01
-5.763548348565954438e-01
-4.325339501709477008e-01
1.542764645424057890e-02
-1.615478862832899765e+00
3.672058532265718434e-01
6.008169964158331933e-01
-6.903332498141295792e-01
-5.227981779534154327e-01
-6.552087356233515791e-02
-2.672969133210584491e+00
5.392341285116807326e-01
5.129560057461224343e-01
-6.772441392803434379e-01
-4.477792589396574208e-01
-7.617670520850913785e-02
-2.672969133210584047e+00
5.392341285116801775e-01
5.129560057461222122e-01
-6.772441392528849580e-01
-4.477792594031834161e-01
-7.617670457815328700e-02
-2.710460040324819353e+00
3.754244821774659902e-01
3.348214503663518027e-01
-6.852887296747283141e-01
-4.341885702243660217e-01
-1.323832895467499937e-01
-2.710460040324819353e+00
3.754244821774659902e-01
3.348214503663518027e-01
-6.717964883856132330e-01
-3.829291873066791863e-01
-8.063584755639849333e-02
-2.573680803504541093e+00
1.347958253853936750e+00
9.013760678965846429e-01
-6.450847024358080661e-01
-2.724791500592499416e-01
-9.287720060633541941e-02
-2.573680803504541093e+00
1.347958253853936750e+00
9.013760678965846429e-01
-6.713960263491206559e-01
-2.808874020166640118e-01
-1.554293124852052510e-01
-2.660000761079724274e+00
7.127166572837769776e-01
6.965411489823771785e-01
-6.408422159567732646e-01
-3.444693823041593550e-01
4.908233213667456685e-03
-2.660000761079724274e+00
7.127166572837769776e-01
6.965411489823771785e-01
-6.547633812526946206e-01
-3.451783774498096702e-01
-4.752944069173056785e-02
0.000000000000000000e+00
0.000000000000000000e+00
0.000000000000000000e+00
0.000000000000000000e+00
0.000000000000000000e+00
0.000000000000000000e+00
-6.811680703191860253e-01
-1.222626002532026855e-09
3.667878620389044144e-09
0.000000000000000000e+00
-0.000000000000000000e+00
0.000000000000000000e+00
-6.811680770919786854e-01
3.920291103462710813e-01
-8.231873843957743242e-01
-0.000000000000000000e+00
0.000000000000000000e+00
0.000000000000000000e+00
-1.126295809829355399e+00
1.274097053323768769e+00
-4.031173999660664364e-01
-1.700907000706802508e-01
-1.246029746692311618e-01
8.140596304386241155e-02
-8.754721779130116843e-01
1.325128270427442079e+00
-2.444877502795909652e-01
-3.401814001413604460e-01
-2.492059491121746406e-01
1.628119261954907027e-01
-1.496703746705030369e+00
1.189583718673024926e+00
7.814021855715095333e-01
-5.764081434031785856e-01
-4.324871845854643126e-01
1.531494477795825038e-02
-1.615470042860347233e+00
3.672804121211765693e-01
6.008369053620494782e-01
-6.904163552557280870e-01
-5.227468368490073569e-01
-6.564861818261952253e-02
-2.672959546364681138e+00
5.393065887401859992e-01
5.129818058986520546e-01
-6.773265933250538495e-01
-4.477268139963016536e-01
-7.631252145873779202e-02
-2.672959546364681582e+00
5.393065887401855552e-01
5.129818058986516105e-01
-6.773265932976016979e-01
-4.477268144598268718e-01
-7.631252082838246853e-02
-2.710645245429188943e+00
3.746487651379695749e-01
3.339248371981599628e-01
-6.853728362139450692e-01
-4.341346407538393959e-01
-1.325282195509350225e-01
-2.710645245429188943e+00
3.746487651379695749e-01
3.339248371981599628e-01
-6.719114393695405640e-01
-3.828959472719455359e-01
-8.074243967920771703e-02
-2.645155516793852524e+00
7.657748231957680618e-01
6.217517516876400752e-01
-6.451639303885062793e-01
-2.724257511001927368e-01
-9.302173258808490997e-02
-2.645155516793852524e+00
7.657748231957680618e-01
6.217517516876400752e-01
-6.586515153055700900e-01
-2.883648545091687665e-01
-1.307715185645311473e-01
-2.659998229609796816e+00
7.126858197644658777e-01
6.964578885420099619e-01
-6.409224371320660918e-01
-3.444159021173201496e-01
4.763612002656514299e-03
-2.659998229609796816e+00
7.126858197644658777e-01
6.964578885420099619e-01
-6.548492422389173839e-01
-3.451421476868509752e-01
-4.768419943033877506e-02
