-2.221441471072811424e+00
nan
-2.221441467085554233e+00
2.610459999999999864e-02
2.799937000000000120e-01
-1.333499999999999686e-01
1.523122260043678899e+00
-9.700063867291799369e-01
-1.523122266504158162e+00
8.860460000000003333e-02
2.799937001121810543e-01
-1.333500001121810108e-01
-4.676412788602951065e-01
-2.966220311445848967e+00
-6.580741545857407004e-01
2.073546000000000833e-01
2.799937003253250012e-01
-1.333500007516129071e-01
-1.172659450172303996e+00
-4.006478823482647611e-01
-1.181752126911075562e+00
1.442834505428258196e-01
1.032378752713403458e-01
-2.158388388791800672e-01
-2.451668390443189516e+00
7.255823867842419173e-01
-1.459683139310029798e+00
8.121230108565155592e-02
-7.351794993825092051e-02
-2.983276766733157226e-01
-6.946794545422690925e-01
-1.476228597578836066e+00
-2.496979517228878009e+00
7.242806883619196112e-03
-2.509552703637508708e-01
-3.767353373176302034e-01
6.356002273883749887e-02
7.496230547793559795e-01
-1.650685453603773611e+00
-2.483630209383862891e-02
-3.402081288724038699e-01
-4.187938740877885091e-01
1.648713785499526852e+00
-9.389706804176010946e-02
-2.623151176699722864e+00
6.865588202113984129e-02
-3.432127374798129016e-01
-4.636742298854786837e-01
1.648713784866759235e+00
-9.389707567623173379e-02
-2.623151175490418652e+00
6.865588214564474767e-02
-3.432127374603784475e-01
-4.636742296274182773e-01
1.477293705876972230e-01
3.256157701854004438e-01
2.169692032146538774e-01
1.732750824150636748e-01
-3.775765900374815631e-01
-5.084504460397767378e-01
1.477293705876972230e-01
3.256157701854004438e-01
2.169692032146538774e-01
1.572740786405769087e-01
-4.181694749415871826e-01
-5.074877945031887050e-01
-1.060794376797864480e+00
-2.560815990343508375e+00
5.833881156260176670e-01
1.622727296831640853e-01
-3.208640358332353060e-01
-5.353284759964773709e-01
-1.060794376797864480e+00
-2.560815990343508375e+00
5.833881156260176670e-01
1.573939328013264083e-01
-3.618589371009403033e-01
-5.211737405469222262e-01
1.429348339912166033e+00
-2.391867665225644313e+00
-4.686545112930601276e-01
1.816149331562566527e-01
-3.178781631143293707e-01
-4.952820359810155004e-01
1.429348339912166033e+00
-2.391867665225644313e+00
-4.686545112930601276e-01
2.209697946497751753e-01
-3.121873123291823426e-01
-5.132695377190881203e-01
-2.221441471072811424e+00
nan
-2.221441467085554233e+00
2.610459999999999864e-02
2.799937000000000120e-01
1.333500000000000241e-01
1.523479180309089021e+00
-9.696871192556987262e-01
-1.523479186772063398e+00
8.860460000000003333e-02
2.799937001121810543e-01
1.333499998878189818e-01
-4.686411043428578838e-01
-2.965673850097585440e+00
-6.587473216787148589e-01
2.073546000000000555e-01
2.799937003253250012e-01
1.333499992483870855e-01
-1.172717034930296220e+00
-3.987476411596926340e-01
-1.180789608588593609e+00
1.441440864643250830e-01
1.033208900071052594e-01
5.079002666591467263e-02
-2.454422081165487324e+00
7.233672181090753384e-01
-1.458081846956708283e+00
8.093357292865009656e-02
-7.335192046689137380e-02
-3.176994558320574147e-02
-6.946915804040313391e-01
-1.478899709637571336e+00
-2.495324896190200370e+00
7.058184813049775408e-03
-2.509993385894723206e-01
-1.097896345415088210e-01
6.188739722525178621e-02
7.479790839966647953e-01
-1.650679744511226010e+00
-2.497854119176626947e-02
-3.403545713714742349e-01
-1.516626934382099834e-01
1.648810561579906242e+00
-9.409544139482180214e-02
-2.623200567236537495e+00
6.851505540284932860e-02
-3.433755960473768298e-01
-1.965390046247466604e-01
1.648810560946425641e+00
-9.409544902948405176e-02
-2.623200566027051650e+00
6.851505552734643567e-02
-3.433755960279470942e-01
-1.965390043666821462e-01
1.460786908744495516e-01
3.262290337162217502e-01
2.071533271481042493e-01
1.731309688465677010e-01
-3.777575245273756543e-01
-2.413090240026548594e-01
1.460786908744495516e-01
3.262290337162217502e-01
2.071533271481042493e-01
1.567542005783194581e-01
-4.181964228284593132e-01
-2.401963291241221987e-01
1.440458651553658376e+00
-2.195709905929115191e+00
-3.467116154294354324e-02
1.621382229917650297e-01
-3.210447725752310633e-01
-2.681905672795250051e-01
1.440458651553658376e+00
-2.195709905929115191e+00
-3.467116154294354324e-02
2.003847964851133978e-01
-3.155471784108362376e-01
-2.884813829120104756e-01
1.428797366222036347e+00
-2.392201742939791043e+00
-4.685235686280557754e-01
1.814792105238023368e-01
-3.180596371664315414e-01
-2.281434850277964943e-01
1.428797366222036347e+00
-2.392201742939791043e+00
-4.685235686280557754e-01
2.208365780614750529e-01
-3.123886768025471716e-01
-2.461317854940940630e-01
0.000000000000000000e+00
0.000000000000000000e+00
0.000000000000000000e+00
0.000000000000000000e+00
0.000000000000000000e+00
0.000000000000000000e+00
6.010437856370919318e-01
1.078811225892976521e-09
-3.236434218390419791e-09
0.000000000000000000e+00
-0.000000000000000000e+00
0.000000000000000000e+00
6.010437765489873296e-01
5.170331405414756443e-01
-1.107890726966199946e+00
0.000000000000000000e+00
0.000000000000000000e+00
0.000000000000000000e+00
9.029122644118103835e-01
1.363014451111922209e+00
-7.130861143217893661e-01
-2.384756025512829447e-01
1.194553444140337845e-01
-7.362811413607533995e-02
-1.382565848794996555e+00
1.570504382262425835e+00
5.897892753544525801e-01
-4.769512051025658339e-01
2.389106886276606834e-01
-1.472562283656770332e-01
-1.733745398513429459e+00
5.934267868660831891e-01
1.293619606450767678e-01
-4.954401511128155300e-01
8.688052035317184174e-02
2.142319659543409083e-01
-1.781672921132942289e+00
6.597939692952941027e-01
2.507900447619071382e-02
-5.088528886787626604e-01
9.811909326630910422e-03
3.880103012639078419e-01
-2.711458189591175572e+00
6.896749794755669960e-01
4.714167801163042792e-01
-5.383893241811911201e-01
-6.780551438501715433e-02
3.316779518030235074e-01
-2.711458189591175572e+00
6.896749794755669960e-01
4.714167801163049454e-01
-5.383893240123750479e-01
-6.780551362660357240e-02
3.316779516644600134e-01
-5.233611819911553553e+00
1.515055489288009927e+00
-6.646853394750056765e+00
-5.530706634132723787e-01
-1.398951057874472936e-01
3.527008563619882242e-01
-5.233611819911553553e+00
1.515055489288009927e+00
-6.646853394750056765e+00
-8.214271477460460824e-01
-2.850063506924854773e-02
5.893906672030789773e-01
-4.134825586902151962e+00
-1.454099299828381930e-01
-2.437754075097531725e+00
-5.983430178671406141e-01
-2.179604539321960410e-01
2.065151842068072841e-01
-4.134825586902151962e+00
-1.454099299828381930e-01
-2.437754075097531725e+00
-7.003367445813549752e-01
-1.475397846392717538e-01
3.753125253880528200e-01
-2.284696926814413942e+00
5.730467715501535997e-01
1.368229294362895310e+00
-5.721315806743912935e-01
-1.002579669066607643e-01
1.850792813867355446e-01
-2.284696926814413942e+00
5.730467715501535997e-01
1.368229294362895310e+00
-5.902256492277329070e-01
-8.750748247767799193e-02
1.495252357632865237e-01
0.000000000000000000e+00
0.000000000000000000e+00
0.000000000000000000e+00
0.000000000000000000e+00
0.000000000000000000e+00
0.000000000000000000e+00
5.973627288428355886e-01
1.072204110924498811e-09
-3.216612870173431531e-09
0.000000000000000000e+00
-0.000000000000000000e+00
0.000000000000000000e+00
5.973627197309194781e-01
5.189781077921781227e-01
-1.110578376293054559e+00
0.000000000000000000e+00
0.000000000000000000e+00
0.000000000000000000e+00
9.011563447095533030e-01
1.368078526803438777e+00
-7.137900598440780620e-01
-2.390558211685648304e-01
1.195184792498760196e-01
-7.273287776688014405e-02
-1.379398644341295110e+00
1.574036885218104809e+00
5.915375229644361799e-01
-4.781116423371295499e-01
2.390369583006199672e-01
-1.454657556268156016e-01
-1.731614903310634057e+00
5.916529236023042593e-01
1.311792405986990095e-01
-4.958323968534832926e-01
8.771664102566845145e-02
2.158634379059619079e-01
-1.780772170818262001e+00
6.594065915670715983e-01
2.420575917992197346e-02
-5.088851629900251750e-01
1.100607480435641244e-02
3.895469132834627479e-01
-2.711653861974284041e+00
6.894858349184884716e-01
4.710228440404782280e-01
-5.384037721958609968e-01
-6.664532780157431113e-02
3.332763760898633243e-01
-2.711653861974283153e+00
6.894858349184885826e-01
4.710228440404787831e-01
-5.384037720270810068e-01
-6.664532704315169476e-02
3.332763759513377999e-01
-5.233486957538916684e+00
1.514892536563890779e+00
-6.647674927657208244e+00
-5.530773926497095649e-01
-1.387696386661897430e-01
3.543770748082732958e-01
-5.233486957538916684e+00
1.514892536563890779e+00
-6.647674927657208244e+00
-8.202164298209410065e-01
-2.407893271878261063e-02
5.908225656668428805e-01
-2.286085901618558847e+00
9.391475656310001030e-01
1.340827955163828689e+00
-5.983248376777210442e-01
-2.168409137250868479e-01
2.081710645077963773e-01
-2.286085901618558847e+00
9.391475656310001030e-01
1.340827955163828689e+00
-6.247522357254031711e-01
-2.119453863457439469e-01
1.596839156057476561e-01
-2.284947301337221681e+00
5.728420750452196675e-01
1.367859364478800854e+00
-5.721190087054373041e-01
-9.913704152249383506e-02
1.867410736113340741e-01
-2.284947301337221681e+00
5.728420750452196675e-01
1.367859364478800854e+00
-5.901805403104154468e-01
-8.640401638096399661e-02
1.512376719432883820e-01
