-2.221441471072811424e+00
nan
-2.221441467085554233e+00
2.610459999999999864e-02
2.799937000000000120e-01
-1.333499999999999686e-01
1.563188084926743437e+00
-9.334088341482650319e-01
-1.563188091668653357e+00
8.860460000000003333e-02
2.799937001121810543e-01
-1.333500001121810108e-01
-1.236093969765432954e+00
-2.575289279235019269e+00
-6.496297909215968946e-01
2.073546000000000833e-01
2.799937003253250012e-01
-1.333500007516129071e-01
-1.263021809183804134e+00
4.539704670712260692e-01
-1.045699111496975808e+00
4.741024811162408703e-02
1.671070541407964904e-01
-1.941727712591821142e-01
-3.004181748235413618e+00
5.657387618387504924e-01
-6.174185305310015970e-01
-1.125341037767519092e-01
5.422040778173738140e-02
-2.549955414428237699e-01
-7.794944504373045868e-01
-1.934940710899651251e+00
-2.290971170764371401e+00
-1.884275074493413360e-01
-1.388166394084237032e-01
-2.639476189164015052e-01
-2.415504837028279450e-01
4.504144227208008999e-01
-2.077955884217921767e+00
-2.242113283881287389e-01
-2.357122934620118349e-01
-2.736848097098579791e-01
6.931638003777704782e-01
-1.185290298049879176e+00
-1.862495952935867560e+00
-1.431361208970691190e-01
-2.845462943295035130e-01
-3.161832048507978166e-01
6.931637998070876439e-01
-1.185290302179957234e+00
-1.862495948266100987e+00
-1.431361207459683482e-01
-2.845462940854083245e-01
-3.161832048430237574e-01
-1.378478576771136055e+00
-7.336141206423487660e-01
-1.685982948450989616e+00
-4.157538625927724441e-02
-3.435423294106984549e-01
-3.345093067629892336e-01
-1.378478576771136055e+00
-7.336141206423487660e-01
-1.685982948450989616e+00
-7.120886671513730615e-02
-3.200526639630303372e-01
-3.562999831599896194e-01
1.452476010904182102e+00
7.301791202730437691e-01
-1.517266655361319438e+00
-7.436481723238400066e-02
-3.510337353398928495e-01
-3.886251650489288556e-01
1.452476010904182102e+00
7.301791202730437691e-01
-1.517266655361319438e+00
-1.082587465842317909e-01
-3.305300927046536108e-01
-3.703073235716053957e-01
1.141328741527209756e+00
-1.365316148818690456e+00
3.523979232746240475e-01
-5.088716255957585755e-02
-3.131648709829200072e-01
-3.873994112491953579e-01
1.141328741527209756e+00
-1.365316148818690456e+00
3.523979232746240475e-01
-2.906409774692839121e-02
-3.200045545533038993e-01
-4.245708209002969635e-01
-2.221441471072811424e+00
nan
-2.221441467085554233e+00
2.610459999999999864e-02
2.799937000000000120e-01
1.333500000000000241e-01
1.562062003618457373e+00
-9.344586617749183199e-01
-1.562062010352419428e+00
8.860460000000003333e-02
2.799937001121810543e-01
1.333499998878189818e-01
-1.237952290256852050e+00
-2.575444030598845746e+00
-6.474439745151139292e-01
2.073546000000000833e-01
2.799937003253250012e-01
1.333499992483870855e-01
-1.263204596458554096e+00
4.567724477091738566e-01
-1.043218051819899461e+00
4.726600067076547340e-02
1.671671009015880949e-01
7.279590089592707924e-02
-3.003784758318173154e+00
5.664483896861814971e-01
-6.123934737288448948e-01
-1.128225986584691087e-01
5.434050130384712740e-02
1.224180286767777986e-02
-7.794381602500978223e-01
-1.934478329749631076e+00
-2.292277341200672502e+00
-1.887808172741184953e-01
-1.386642601923731843e-01
3.144492027415886001e-03
-2.403403936038019384e-01
4.507534681582616165e-01
-2.078023319117988432e+00
-2.246120498980573865e-01
-2.355343760039999568e-01
-6.672123035384501175e-03
6.934959796849019531e-01
-1.185410771235184013e+00
-1.862316093731911204e+00
-1.435179832483014506e-01
-2.843577799996497291e-01
-4.914670456931513609e-02
6.934959791139632124e-01
-1.185410775365687508e+00
-1.862316089062337365e+00
-1.435179830972382886e-01
-2.843577797555323916e-01
-4.914670456150607714e-02
-1.378364081991682921e+00
-7.330536341725748528e-01
-1.685288276844277622e+00
-4.194360607835354027e-02
-3.433395659237931663e-01
-6.744303804084095244e-02
-1.378364081991682921e+00
-7.330536341725748528e-01
-1.685288276844277622e+00
-7.159886847361202067e-02
-3.198507985417555766e-01
-8.920503114236767728e-02
1.010417263321705006e+00
-1.041208597386245494e+00
5.295418491008181405e-01
-7.471696402832045392e-02
-3.508372481969513346e-01
-1.215677628306642416e-01
1.010417263321705006e+00
-1.041208597386245494e+00
5.295418491008181405e-01
-5.777713842691391266e-02
-3.656059285771470768e-01
-1.589799201198603962e-01
1.141203141930895892e+00
-1.365658511734676006e+00
3.529088669755676699e-01
-5.124515320370608140e-02
-3.129649379322857472e-01
-1.203365679515245729e-01
1.141203141930895892e+00
-1.365658511734676006e+00
3.529088669755676699e-01
-2.940228172711605026e-02
-3.198102931954522332e-01
-1.574952977681936261e-01
0.000000000000000000e+00
0.000000000000000000e+00
0.000000000000000000e+00
0.000000000000000000e+00
0.000000000000000000e+00
0.000000000000000000e+00
-3.239233324730326213e-01
-5.814087687973674448e-10
1.744226597800269328e-09
0.000000000000000000e+00
-0.000000000000000000e+00
0.000000000000000000e+00
-3.239233405567780166e-01
5.190895555794730054e-01
-9.634266439422858319e-01
0.000000000000000000e+00
0.000000000000000000e+00
0.000000000000000000e+00
6.382649803139228695e-01
1.198189576471436535e+00
-5.975308906833933786e-01
-1.403304675913469302e-01
1.343927351526118530e-01
1.195920620755274444e-01
5.570348142350229903e-01
1.208678476539001512e+00
-4.033889697964082588e-01
-2.806609351826938603e-01
2.687854704101513836e-01
2.391841242075894436e-01
-1.828014859072057408e-01
-7.946548823411824225e-01
-6.047069683056509604e-01
-3.693501341438966135e-01
3.043866511444920375e-01
2.233864920158855072e-01
-3.247946657589659836e-01
-7.045955097251174193e-01
-9.790760696915260519e-01
-4.202059051443270965e-01
3.242454040731725939e-01
2.126633735370019318e-01
-2.767677658091787229e+00
7.668253335078907273e-01
3.014461689374102749e-01
-4.380739283941532669e-01
2.310633565283068402e-01
2.856496236746647877e-01
-2.767677658091787674e+00
7.668253335078913935e-01
3.014461689374103304e-01
-4.380739284617734541e-01
2.310633565953717494e-01
2.856496228832202666e-01
-4.446516376232457546e+00
-2.080051195870768588e+00
-4.843184668825860073e-01
-4.343427188471455924e-01
2.109577080770524971e-01
3.710522876749561827e-01
-4.446516376232457546e+00
-2.080051195870768588e+00
-4.843184668825860073e-01
-3.776405175915326096e-01
1.284171504513856032e-01
2.049659491296534908e-01
-3.981705914108060185e+00
-1.575375700943729473e+00
6.767887036040997062e-01
-4.735818743080164039e-01
5.129820780211588604e-02
4.169298508343707854e-01
-3.981705914108060185e+00
-1.575375700943729473e+00
6.767887036040997062e-01
-5.163159903833962616e-01
1.012954370399828108e-01
2.818947029824759309e-01
-2.188879327929899254e+00
1.558866667867025324e+00
4.955157896110535809e-01
-4.840573593241571104e-01
6.176794826471285194e-02
2.941177806418093232e-01
-2.188879327929899254e+00
1.558866667867025324e+00
4.955157896110535809e-01
-5.386134596218214998e-01
-8.782108718225156707e-03
2.750697742914665067e-01
0.000000000000000000e+00
0.000000000000000000e+00
0.000000000000000000e+00
0.000000000000000000e+00
0.000000000000000000e+00
0.000000000000000000e+00
-3.279816433000140030e-01
-5.886930156075558369e-10
1.766079341881775222e-09
0.000000000000000000e+00
-0.000000000000000000e+00
0.000000000000000000e+00
-3.279816513689896018e-01
5.164678886256132140e-01
-9.623017407300524795e-01
0.000000000000000000e+00
0.000000000000000000e+00
0.000000000000000000e+00
6.417343480393171706e-01
1.199900433149003298e+00
-5.955031183811270168e-01
-1.398474803498370722e-01
1.341929046307582252e-01
1.196856752859462025e-01
5.637876473315344139e-01
1.209699654441050765e+00
-4.076914653804858402e-01
-2.796949606996742554e-01
2.683858093678516132e-01
2.393713506289626702e-01
-1.785129621620980267e-01
-7.971178827443252679e-01
-6.110581600392883672e-01
-3.693863685192870228e-01
3.044822782986319476e-01
2.224442810325335251e-01
-3.185806395264337842e-01
-7.078046180332420168e-01
-9.811438583824809712e-01
-4.207546438353568230e-01
3.246248523444901224e-01
2.111751360657389276e-01
-2.767697467745970030e+00
7.667079484501950759e-01
3.016283123245739883e-01
-4.385937218522697467e-01
2.315283275511252348e-01
2.841280822043233401e-01
-2.767697467745969586e+00
7.667079484501958531e-01
3.016283123245742659e-01
-4.385937219199150805e-01
2.315283276183033867e-01
2.841280814128591126e-01
-4.428282294406287178e+00
-2.050537184190491580e+00
-4.762662828809770543e-01
-4.348310896061953201e-01
2.115273196941384881e-01
3.694939394146329326e-01
-4.428282294406287178e+00
-2.050537184190491580e+00
-4.762662828809770543e-01
-3.790204056189186987e-01
1.292828725405057999e-01
2.046698284509244625e-01
-2.312190472038091027e+00
1.645742227390509793e+00
1.608728033415642855e-01
-4.740674330598333430e-01
5.184108330323963787e-02
4.153728496936596737e-01
-2.312190472038091027e+00
1.645742227390509793e+00
1.608728033415642855e-01
-5.332623211140214980e-01
-3.193779308661470751e-02
4.216422654364586076e-01
-2.189068000998457997e+00
1.558838811880990383e+00
4.958360243544356338e-01
-4.845468271888694334e-01
6.232842093876633793e-02
2.925577285527037885e-01
-2.189068000998457997e+00
1.558838811880990383e+00
4.958360243544356338e-01
-5.390771236883102890e-01
-8.184082907213841018e-03
2.734931608941312264e-01
