-2.221441471072811424e+00
nan
-2.221441467085554233e+00
2.610459999999999864e-02
2.799937000000000120e-01
-1.333499999999999686e-01
1.579079194281282295e+00
-9.184599272634483835e-01
-1.579079201135592747e+00
8.860460000000003333e-02
2.799937001121810543e-01
-1.333500001121810108e-01
-1.086282036673491325e+00
-2.648639974393499852e+00
-7.005866560188749315e-01
2.073546000000000833e-01
2.799937003253250012e-01
-1.333500007516129071e-01
-1.252276294162724124e+00
2.852444856365100589e-01
-1.084558628515245093e+00
6.341363740713035213e-02
1.531172281330422658e-01
-2.055189697887204736e-01
-2.979571169637284189e+00
5.122639881396153783e-01
-8.231148111825297153e-01
-8.052732518573935128e-02
2.624075575883436096e-02
-2.776879385059948802e-01
-7.860085565844152633e-01
-1.880519956189639741e+00
-2.231847460227137425e+00
-1.502433510935005934e-01
-1.690810714420047933e-01
-2.872957244400127230e-01
-2.820635421698091116e-01
5.021287490150345700e-01
-1.967847613517367478e+00
-1.822768149984196895e-01
-2.672814645492258001e-01
-2.970221052591819344e-01
9.088317178071956270e-01
-1.000089064659943849e+00
-2.063544130140559929e+00
-9.904548625743549162e-02
-3.060608127741371032e-01
-3.453208688796028936e-01
9.088317172144642075e-01
-1.000089069608568693e+00
-2.063544125994511536e+00
-9.904548610264331254e-02
-3.060608125476202979e-01
-3.453208687947273425e-01
-1.152212809979306529e+00
-2.884682804658118549e-01
-1.505494109886088783e+00
2.468820324569312441e-03
-3.619894003524679604e-01
-3.717367663171936565e-01
-1.152212809979306529e+00
-2.884682804658118549e-01
-1.505494109886088783e+00
-3.205245401891400336e-02
-3.356454259784019678e-01
-3.760977015942320589e-01
1.652254045586564857e+00
1.152493896903627801e+00
-1.577746640630284247e+00
-2.603191822079854723e-02
-3.532173647449419751e-01
-4.280444332732031287e-01
1.652254045586564857e+00
1.152493896903627801e+00
-1.577746640630284247e+00
-5.578605821545966348e-02
-3.413165617987850564e-01
-3.984166900748957185e-01
1.266424764247896961e+00
-1.599154810577056773e+00
2.534158381659409875e-01
-1.983278363739654493e-03
-3.180823982880947032e-01
-4.148553968375230938e-01
1.266424764247896961e+00
-1.599154810577056773e+00
2.534158381659409875e-01
2.505557584216049072e-02
-3.186684430567949811e-01
-4.491088351959004465e-01
-2.221441471072811424e+00
nan
-2.221441467085554233e+00
2.610459999999999864e-02
2.799937000000000120e-01
1.333500000000000241e-01
1.578243121789615122e+00
-9.192527012325033553e-01
-1.578243128638000536e+00
8.860460000000003333e-02
2.799937001121810543e-01
1.333499998878189818e-01
-1.088169203870356094e+00
-2.648493201668687735e+00
-6.988326529592809866e-01
2.073546000000000555e-01
2.799937003253250012e-01
1.333499992483870855e-01
-1.252782163727887976e+00
2.878739546750789802e-01
-1.082498099498980570e+00
6.323005629074854306e-02
1.531876108299977945e-01
6.142412374100715555e-02
-2.980132317016038090e+00
5.122064214578453401e-01
-8.185348724303497248e-01
-8.089448741850294167e-02
2.638152115313277535e-02
-1.050175144631963764e-02
-7.856881971294995548e-01
-1.880555816835324912e+00
-2.232214268189524287e+00
-1.505819041006897785e-01
-1.689493488799447829e-01
-2.013321905433470421e-02
-2.816552955861462149e-01
5.020021245563928147e-01
-1.967863100103585117e+00
-1.826145304113042933e-01
-2.671480099928073004e-01
-2.987982396505673571e-02
9.091435966118257550e-01
-1.000243605026839289e+00
-2.063399283187471678e+00
-9.936752920136081302e-02
-3.059250502612651523e-01
-7.815342376422312887e-02
9.091435960187295162e-01
-1.000243609975855819e+00
-2.063399279041618239e+00
-9.936752904660435537e-02
-3.059250500347369117e-01
-7.815342367931307765e-02
-1.152046022879420262e+00
-2.900419244191406731e-01
-1.507502519693820098e+00
2.157139047652259500e-03
-3.618494843333925348e-01
-1.045382754296336619e-01
-1.152046022879420262e+00
-2.900419244191406731e-01
-1.507502519693820098e+00
-3.232987283122541744e-02
-3.354760859697696884e-01
-1.089914759674275174e-01
1.163474404581761101e+00
-1.283642813039380659e+00
4.825433969885616903e-01
-2.632810969809425139e-02
-3.530812400052723010e-01
-1.608543704616521575e-01
1.163474404581761101e+00
-1.283642813039380659e+00
4.825433969885616903e-01
-3.568696041965732646e-03
-3.599656254657994103e-01
-1.974515759761462375e-01
1.266217962125552488e+00
-1.599554981196936732e+00
2.538593056561830319e-01
-2.285018586278594888e-03
-3.179444885577029645e-01
-1.476599740563343255e-01
1.266217962125552488e+00
-1.599554981196936732e+00
2.538593056561830319e-01
2.477060260372208195e-02
-3.185401775148234416e-01
-1.819000038650180895e-01
0.000000000000000000e+00
0.000000000000000000e+00
0.000000000000000000e+00
0.000000000000000000e+00
0.000000000000000000e+00
0.000000000000000000e+00
-1.523143470146862133e-01
-2.733884474819555567e-10
8.201654794710210985e-10
0.000000000000000000e+00
-0.000000000000000000e+00
0.000000000000000000e+00
-1.523143559841873551e-01
6.023149072143882954e-01
-1.058898170227539293e+00
0.000000000000000000e+00
0.000000000000000000e+00
0.000000000000000000e+00
6.275712389929529733e-01
1.289743498518399978e+00
-6.678799493326742498e-01
-1.778177101386770320e-01
1.414264518694506034e-01
1.060228956799872391e-01
3.179907752929990727e-01
1.337971078222048193e+00
-1.352082870260738479e-01
-3.556354202773540640e-01
2.828529037876162944e-01
2.120457913876842848e-01
-2.609134234740361213e-01
-4.366924442455890620e-01
-3.109820563485843903e-01
-3.948994896574467561e-01
2.953342755268775766e-01
2.432132784776078749e-01
-5.561125730253887456e-01
-2.773391421111754962e-01
-9.476326111389037354e-01
-4.211906128265833771e-01
3.027583646864558942e-01
2.548463075794171195e-01
-2.760254073077832437e+00
7.496199617852969954e-01
3.314207266667604790e-01
-4.445440501757027540e-01
1.970260935921792078e-01
2.994952960108179241e-01
-2.760254073077831993e+00
7.496199617852974395e-01
3.314207266667606455e-01
-4.445440501871507633e-01
1.970260938777589066e-01
2.994952952695388859e-01
-4.428123878503994248e+00
-1.709440646028231203e+00
-1.320619043819977634e+00
-4.458100410667379943e-01
1.577554503505436134e-01
3.777752570547326383e-01
-4.428123878503994248e+00
-1.709440646028231203e+00
-1.320619043819977634e+00
-4.035649268011732294e-01
1.840341410326176153e-01
2.021088055587918486e-01
-3.976065648995526836e+00
-1.429094361616817688e+00
-1.443680050364693802e-02
-4.909266266339138429e-01
-7.113752189536470816e-03
3.749269325791068086e-01
-3.976065648995526836e+00
-1.429094361616817688e+00
-1.443680050364693802e-02
-5.330956578680791091e-01
1.111176543817750106e-01
2.850870850882998297e-01
-2.183274103707484315e+00
1.435334588008871703e+00
7.751431244882556193e-01
-4.926843177595550127e-01
3.726155704879480224e-02
2.599181578185043029e-01
-2.183274103707484315e+00
1.435334588008871703e+00
7.751431244882556193e-01
-5.413951940204635438e-01
-1.656410595024720989e-02
2.223878515237632247e-01
0.000000000000000000e+00
0.000000000000000000e+00
0.000000000000000000e+00
0.000000000000000000e+00
0.000000000000000000e+00
0.000000000000000000e+00
-1.565075842051526223e-01
-2.809148731135126297e-10
8.427447601380157417e-10
0.000000000000000000e+00
-0.000000000000000000e+00
0.000000000000000000e+00
-1.565075931715728397e-01
6.007174648805116979e-01
-1.059071311380195279e+00
0.000000000000000000e+00
0.000000000000000000e+00
0.000000000000000000e+00
6.294949834802943123e-01
1.292271524001988858e+00
-6.668138806178974809e-01
-1.775038210869150923e-01
1.413812238458110604e-01
1.064242463904947478e-01
3.248265423312667322e-01
1.339288601401223078e+00
-1.392130970820005809e-01
-3.550076421738301846e-01
2.827624477417128301e-01
2.128484928094015738e-01
-2.553803715592811718e-01
-4.393836048673573913e-01
-3.157533376893280064e-01
-3.950995723290363637e-01
2.955924051663710306e-01
2.427314045095492478e-01
-5.493370946154687573e-01
-2.805136721965982849e-01
-9.502931603664768190e-01
-4.218236289311550480e-01
3.032177222553608664e-01
2.537348042494492750e-01
-2.760181656641550685e+00
7.493133170708963231e-01
3.317401092057413736e-01
-4.451317803277127783e-01
1.975901873242278950e-01
2.983883928970670341e-01
-2.760181656641550241e+00
7.493133170708967672e-01
3.317401092057416512e-01
-4.451317803392370043e-01
1.975901876099340759e-01
2.983883921558468377e-01
-4.413290991543393105e+00
-1.689007125219778693e+00
-1.306630997357570712e+00
-4.463499231831882796e-01
1.584430082761577319e-01
3.766762040508224718e-01
-4.413290991543393105e+00
-1.689007125219778693e+00
-1.306630997357570712e+00
-4.043681359372528483e-01
1.838515371863563563e-01
2.020339138452967864e-01
-2.277580245953353177e+00
1.614307387466699550e+00
4.691487573391949217e-01
-4.914571014870629528e-01
-6.449343734568430131e-03
3.738186331206587720e-01
-2.277580245953353177e+00
1.614307387466699550e+00
4.691487573391949217e-01
-5.473064398258973284e-01
-7.912486543693375562e-02
3.527576838515851243e-01
-2.183362733253300547e+00
1.435076013266314510e+00
7.755975797162774077e-01
-4.932266343121975427e-01
3.794564486492432720e-02
2.588190079474719796e-01
-2.183362733253300547e+00
1.435076013266314510e+00
7.755975797162774077e-01
-5.419016648707567496e-01
-1.582848589215296586e-02
2.212927400232695963e-01
