-2.221441471072811424e+00
nan
-2.221441467085554233e+00
2.610459999999999864e-02
2.799937000000000120e-01
-1.333499999999999686e-01
1.423497218768490225e+00
-1.054616336665737730e+00
-1.423497224540653638e+00
8.860460000000003333e-02
2.799937001121810543e-01
-1.333500001121810108e-01
-1.526827415956392431e-01
3.089288432479194491e+00
4.598576340319171507e-01
2.073546000000000833e-01
2.799937003253250012e-01
-1.333500007516129071e-01
-9.111248653616687010e-01
-1.048673265042059377e+00
-1.279252555577020223e+00
2.275687648470261504e-01
8.483726609967201515e-02
-1.927667805353210362e-01
-1.461196804579872444e+00
9.198173546442512949e-01
-1.419280490215428348e+00
2.477829296940522452e-01
-1.103191682331502166e-01
-2.521835599670281258e-01
7.275709860858139977e-02
-5.342958879945284290e-01
-2.990423944771916531e+00
2.499280914547804544e-01
-1.824150325348449508e-01
-4.468649269018530878e-01
8.429946399554395509e-01
1.036267640161712578e+00
-1.362266692850867766e+00
2.566792655249814370e-01
-2.179710467616177427e-01
-5.440979151361935440e-01
-1.400314180939640218e+00
-9.792449256583949380e-01
1.610893707687292897e+00
3.597192232069707507e-01
-2.115617049562744101e-01
-5.543813950197805651e-01
-1.400314181029521432e+00
-9.792449203218097642e-01
1.610893711322481048e+00
3.597192232346921315e-01
-2.115617052181648083e-01
-5.543813949052410761e-01
6.290346471937259265e-01
-1.495960488000909194e+00
1.890082003219726525e+00
4.717853476504830224e-01
-2.197337548018398479e-01
-5.931803942375234451e-01
6.290346471937259265e-01
-1.495960488000909194e+00
1.890082003219726525e+00
5.149237646137532209e-01
-2.189915581601973860e-01
-5.866026096060398265e-01
1.119226864701223512e-01
-2.701237256686057631e+00
-1.431339989364273091e+00
4.732845193222274816e-01
-1.730934763413250199e-01
-5.497957083013054191e-01
1.119226864701223512e-01
-2.701237256686057631e+00
-1.431339989364273091e+00
4.986682970257068637e-01
-1.907543525792047556e-01
-5.805934095892365532e-01
-7.337813258370033953e-01
2.121263644628682776e+00
1.731411372046446795e+00
4.776049722650017593e-01
-2.137517412296118802e-01
-5.320476714621736880e-01
-7.337813258370033953e-01
2.121263644628682776e+00
1.731411372046446795e+00
5.181250888147855838e-01
-2.140460956923973257e-01
-5.482579964080893653e-01
-2.221441471072811424e+00
nan
-2.221441467085554233e+00
2.610459999999999864e-02
2.799937000000000120e-01
1.333500000000000241e-01
1.423686528740883084e+00
-1.054463771986279053e+00
-1.423686534514339685e+00
8.860460000000003333e-02
2.799937001121810543e-01
1.333499998878189818e-01
-1.526511083945038261e-01
3.089218675126521596e+00
4.602666067246001247e-01
2.073546000000000833e-01
2.799937003253250012e-01
1.333499992483870855e-01
-9.111106857011789240e-01
-1.048234544445536764e+00
-1.279034830336490236e+00
2.275650513648588835e-01
8.485270249417631305e-02
7.388127956238468852e-02
-1.461790488169972591e+00
9.197305267492048575e-01
-1.419268594148096474e+00
2.477755027297176837e-01
-1.102882954442351016e-01
1.441256022835488843e-02
7.228943719158842374e-02
-5.348502735782998396e-01
-2.990368021167035817e+00
2.498603284625161569e-01
-1.824602053403418800e-01
-1.802412836165898369e-01
8.427078695419958354e-01
1.036028422011511685e+00
-1.362439737984715737e+00
2.565813313248946903e-01
-2.180537459219123730e-01
-2.774626315263570842e-01
-1.400266404800321496e+00
-9.791753142808371502e-01
1.610901581513133562e+00
3.596208811854567089e-01
-2.116483438712002951e-01
-2.877526504331182067e-01
-1.400266404890009087e+00
-9.791753089443359093e-01
1.610901585148315496e+00
3.596208812131754251e-01
-2.116483441330916648e-01
-2.877526503185802720e-01
6.292857397700232225e-01
-1.495712684768761624e+00
1.889744888347956842e+00
4.716842333267928788e-01
-2.198247016005587806e-01
-3.265587487669375788e-01
6.292857397700232225e-01
-1.495712684768761624e+00
1.889744888347956842e+00
5.148254616035052855e-01
-2.190878974034552451e-01
-3.199988198830451269e-01
-8.848488927652115033e-01
2.454352653313585098e+00
1.354248407569556667e+00
4.731879354010982697e-01
-1.731844441998423578e-01
-2.831741969768516443e-01
-8.848488927652115033e-01
2.454352653313585098e+00
1.354248407569556667e+00
5.141438666743516350e-01
-1.776562936985903174e-01
-2.975740365666213472e-01
-7.334068926936095911e-01
2.121525918989285664e+00
1.731591761347463621e+00
4.775079625316347998e-01
-2.138428590954565001e-01
-2.654264001342142576e-01
-7.334068926936095911e-01
2.121525918989285664e+00
1.731591761347463621e+00
5.180222451216108803e-01
-2.141419395179929852e-01
-2.816512138998763515e-01
0.000000000000000000e+00
0.000000000000000000e+00
0.000000000000000000e+00
0.000000000000000000e+00
0.000000000000000000e+00
0.000000000000000000e+00
-7.928549888381197785e-02
-1.423092431705575920e-10
4.269278008385565844e-10
0.000000000000000000e+00
-0.000000000000000000e+00
0.000000000000000000e+00
-7.928550481149305995e-02
2.311557160386601695e-01
-7.592388140089156856e-01
-0.000000000000000000e+00
0.000000000000000000e+00
0.000000000000000000e+00
-1.758054146430512721e-01
1.163001359299239867e+00
-4.755317087869223025e-01
-1.619048679433081339e-01
-2.005826792406135636e-02
1.080045665545406250e-02
-1.368246262191399110e+00
1.052380858762979710e+00
-5.178748630084542004e-01
-3.238097358866163233e-01
-4.011653582021414144e-02
2.160091331940509896e-02
-1.415806150624056903e+00
1.302861745813337802e+00
1.671008203783494184e-01
-5.660253158553542052e-01
-3.075995138000686135e-01
1.179882829937165811e-01
-1.351442484788848208e+00
6.552502101849246863e-01
4.083874026521203682e-01
-6.867650175103165999e-01
-4.441344498601568214e-01
1.595328601922662570e-01
-2.672678999854117610e+00
5.730660130028468746e-01
5.402479870504481863e-01
-6.961207643180631344e-01
-4.159517607791758387e-01
8.335404944842285391e-02
-2.672678999854117610e+00
5.730660130028464305e-01
5.402479870504485193e-01
-6.961207641109388167e-01
-4.159517604580724726e-01
8.335405013248572970e-02
-2.635505435611221081e+00
2.417645233380202097e+00
8.832543508661605536e-02
-7.139402186291330388e-01
-4.591055330566412573e-01
4.097402832890234547e-02
-2.635505435611221081e+00
2.417645233380202097e+00
8.832543508661605536e-02
-6.981030238099179552e-01
-4.379595264588573844e-01
-6.527542310125633573e-02
-2.786887064028018557e+00
1.450659093128624288e+00
-5.713734103784542939e-02
-7.142752461880493842e-01
-3.423422695617417966e-01
-8.453958879259716730e-02
-2.786887064028018557e+00
1.450659093128624288e+00
-5.713734103784542939e-02
-7.599613071174767809e-01
-4.296223464463488351e-01
-7.214392920935831788e-02
-2.589867054572681848e+00
-3.978526389814448505e-01
7.648791357091171417e-01
-6.821389037151596169e-01
-2.925733482076773306e-01
2.165099720255087012e-02
-2.589867054572681848e+00
-3.978526389814448505e-01
7.648791357091171417e-01
-6.754644375695929570e-01
-3.035629430035906573e-01
3.853437142925253411e-02
0.000000000000000000e+00
0.000000000000000000e+00
0.000000000000000000e+00
0.000000000000000000e+00
0.000000000000000000e+00
0.000000000000000000e+00
-7.824976760561867806e-02
-1.404502130023327564e-10
4.213507094021167036e-10
0.000000000000000000e+00
-0.000000000000000000e+00
0.000000000000000000e+00
-7.824977353482871767e-02
2.314158238083880437e-01
-7.593692134706889751e-01
-0.000000000000000000e+00
0.000000000000000000e+00
0.000000000000000000e+00
-1.748925863089185184e-01
1.164545647969675191e+00
-4.750002894541476284e-01
-1.619460687958911294e-01
-2.000060840465628376e-02
1.059272063550977840e-02
-1.371142948437196196e+00
1.053459924246717527e+00
-5.170287920063854070e-01
-3.238921375917822587e-01
-4.000121678177079310e-02
2.118544127941284286e-02
-1.418398537286977623e+00
1.303719261115299455e+00
1.665376545967340305e-01
-5.662671165733875744e-01
-3.079773770861343185e-01
1.179471662501629381e-01
-1.353929711089164822e+00
6.552186433450458702e-01
4.084158928254689735e-01
-6.870887956676943187e-01
-4.447566947011778460e-01
1.596706912622332664e-01
-2.672675455215133944e+00
5.732394763678472227e-01
5.401121062785098070e-01
-6.964470758932245209e-01
-4.166056672740751088e-01
8.348479304378103594e-02
-2.672675455215134388e+00
5.732394763678465566e-01
5.401121062785101401e-01
-6.964470756861161904e-01
-4.166056669529815126e-01
8.348479372784224639e-02
-2.635307635453778996e+00
2.425377428626049436e+00
8.633330592054067054e-02
-7.142761135870919764e-01
-4.597950006418517477e-01
4.109840635857081592e-02
-2.635307635453778996e+00
2.425377428626049436e+00
8.633330592054067054e-02
-6.984294208808593529e-01
-4.387830451074948845e-01
-6.547706067343259106e-02
-2.565709546274346220e+00
-2.486756874623147762e-01
1.099588430880821477e+00
-7.145973434985619654e-01
-3.430300062424109786e-01
-8.441784621092807139e-02
-2.565709546274346220e+00
-2.486756874623147762e-01
1.099588430880821477e+00
-7.060992595157655760e-01
-3.349411439386830169e-01
-6.275963489745262081e-02
-2.589886308863467601e+00
-3.976821470690340421e-01
7.647388152626702906e-01
-6.824635036225900064e-01
-2.932626062842950132e-01
2.177249123832963873e-02
-2.589886308863467601e+00
-3.976821470690340421e-01
7.647388152626702906e-01
-6.757824664404674664e-01
-3.043001848507675411e-01
3.865888241724924068e-02
