-2.221441471072811424e+00
nan
-2.221441467085554233e+00
2.610459999999999864e-02
2.799937000000000120e-01
-1.333499999999999686e-01
1.449638410566440605e+00
-1.033260818377468082e+00
-1.449638416517697204e+00
8.860460000000003333e-02
2.799937001121810543e-01
-1.333500001121810108e-01
-3.607296277022356001e-01
3.039122537050179318e+00
5.096552071344584434e-01
2.073546000000000833e-01
2.799937003253250012e-01
-1.333500007516129071e-01
-6.940377504647625706e-01
-1.182376019998851335e+00
-1.353412162505549743e+00
2.553435850806061724e-01
9.159305522263530563e-02
-1.983673387148344180e-01
-1.181803344008462986e+00
8.423714296059674478e-01
-1.316961342554504144e+00
3.033325701612122893e-01
-9.680759000008903881e-02
-2.633846763302317151e-01
4.190275464451845844e-01
-1.980496653525212758e-01
-3.103997641242155936e+00
3.472170396771444567e-01
-1.244153856036425421e-01
-4.644200288362466122e-01
1.130113902053556885e+00
1.102939542492212377e+00
-1.268517792448030646e+00
3.746386046962269512e-01
-1.373219882104212419e-01
-5.636447227438365903e-01
-1.195152550257595925e+00
-1.225458595113678273e+00
1.167494062757331363e+00
4.783748519078183103e-01
-1.386180072473547908e-01
-5.625612795697303437e-01
-1.195152550243419487e+00
-1.225458590862024133e+00
1.167494067149543069e+00
4.783748519043456993e-01
-1.386180075343149964e-01
-5.625612795805056132e-01
4.508832876152998881e-01
-2.133193262179748029e+00
1.659528516082902305e+00
5.933073268620988605e-01
-1.416723297679525762e-01
-5.927632381418068697e-01
4.508832876152998881e-01
-2.133193262179748029e+00
1.659528516082902305e+00
6.320731169709264963e-01
-1.502229758169701390e-01
-5.746292619095311194e-01
-2.609665782907458209e-01
2.243474637824115270e+00
1.932074541305273785e+00
5.930420105074604153e-01
-1.187982333065119162e-01
-5.332947642866231464e-01
-2.609665782907458209e-01
2.243474637824115270e+00
1.932074541305273785e+00
6.256057521184895664e-01
-1.235063647007277193e-01
-5.619683994882318512e-01
-4.504602143767897915e-01
1.676129224555465091e+00
2.091279025261518321e+00
5.925233661069536639e-01
-1.633357146321662845e-01
-5.349969376481855665e-01
-4.504602143767897915e-01
1.676129224555465091e+00
2.091279025261518321e+00
6.321080037019302100e-01
-1.596674497486899880e-01
-5.530064191462473744e-01
-2.221441471072811424e+00
nan
-2.221441467085554233e+00
2.610459999999999864e-02
2.799937000000000120e-01
1.333500000000000241e-01
1.449720325731605808e+00
-1.033192978196101786e+00
-1.449720331683425067e+00
8.860460000000003333e-02
2.799937001121810543e-01
1.333499998878189818e-01
-3.607256409451139456e-01
3.039080122474653756e+00
5.098285054242316372e-01
2.073546000000000833e-01
2.799937003253250012e-01
1.333499992483870855e-01
-6.940529234195406127e-01
-1.182195224773570308e+00
-1.353309505827990034e+00
2.553437205825727085e-01
9.160059543971019180e-02
6.831091609626163685e-02
-1.181986680648697385e+00
8.424189177205441137e-01
-1.316912563195429930e+00
3.033328411651453060e-01
-9.679250956597942879e-02
3.271833291946538158e-03
4.187983288260802017e-01
-1.981599962051217578e-01
-3.104023102515325316e+00
3.471873801919480029e-01
-1.244154787215542984e-01
-1.977679662050109144e-01
1.130046798342220216e+00
1.102911556021194617e+00
-1.268577484507810604e+00
3.745941554786065830e-01
-1.373294351312129846e-01
-2.969957894111865393e-01
-1.195127473566461207e+00
-1.225429369795810297e+00
1.167504371093016413e+00
4.783304340066689697e-01
-1.386260295995996872e-01
-2.959160394712375686e-01
-1.195127473552207942e+00
-1.225429365544196569e+00
1.167504375485226342e+00
4.783304340031944157e-01
-1.386260298865598650e-01
-2.959160394820136153e-01
4.506579205407731936e-01
-2.133310021457370365e+00
1.659636805968640827e+00
5.932618179667801250e-01
-1.416808916401388063e-01
-3.261220949186533491e-01
4.506579205407731936e-01
-2.133310021457370365e+00
1.659636805968640827e+00
6.320233942197486243e-01
-1.502333737762853727e-01
-3.079799787161204283e-01
-5.518004836359606813e-01
2.070818588600952914e+00
1.779622202002427045e+00
5.929987426388165783e-01
-1.188069793379386008e-01
-2.666535402723272385e-01
-5.518004836359606813e-01
2.070818588600952914e+00
1.779622202002427045e+00
6.324956386117418505e-01
-1.220712494657253955e-01
-2.849314196254348897e-01
-4.502907287647552326e-01
1.676241702673225920e+00
2.091419887683110268e+00
5.924797920987912025e-01
-1.633444524895765748e-01
-2.683558341964592531e-01
-4.502907287647552326e-01
1.676241702673225920e+00
2.091419887683110268e+00
6.320606446379224419e-01
-1.596748167869062318e-01
-2.863733537453661548e-01
0.000000000000000000e+00
0.000000000000000000e+00
0.000000000000000000e+00
0.000000000000000000e+00
0.000000000000000000e+00
0.000000000000000000e+00
-3.347086238548560022e-01
-6.007672476557833135e-10
1.802302044078189286e-09
0.000000000000000000e+00
-0.000000000000000000e+00
0.000000000000000000e+00
-3.347086300444021556e-01
2.702838196235162194e-01
-7.832010332340658687e-01
-0.000000000000000000e+00
0.000000000000000000e+00
0.000000000000000000e+00
-5.791886064442122173e-01
1.230091267528369281e+00
-4.519700822337152091e-01
-1.651287143528436530e-01
-5.934688681778859526e-02
5.008867563436077835e-02
-1.137546151781612780e+00
1.136937609696657914e+00
-5.941598923107654917e-01
-3.302574287056873059e-01
-1.186937735191574139e-01
1.001773513088982104e-01
-1.426231767585170340e+00
1.272814264398052453e+00
4.504464911578090480e-01
-5.752255267111454629e-01
-3.734551568161356694e-01
8.168858908264411967e-02
-1.436357360715527776e+00
5.397165574332953852e-01
5.430055199770053020e-01
-6.957063986402649558e-01
-5.026206196511537883e-01
6.519383662362265852e-02
-2.672348645881720053e+00
5.551583003774372971e-01
5.300965668769536121e-01
-6.944179009291114868e-01
-4.447350532155160963e-01
1.106721288086024921e-02
-2.672348645881720497e+00
5.551583003774367420e-01
5.300965668769536121e-01
-6.944179007829769379e-01
-4.447350532461523120e-01
1.106721364964579138e-02
-2.580874039220416805e+00
1.341071043596226531e+00
7.051258185921647215e-01
-7.095656830357512934e-01
-4.645199059126450258e-01
-4.457628992092482756e-02
-2.580874039220416805e+00
1.341071043596226531e+00
7.051258185921647215e-01
-6.792174513105788680e-01
-3.903836379430654646e-01
-7.449582811153049322e-02
-2.660038325013203142e+00
1.431851636653344029e+00
4.001263944343582679e-01
-6.886767461688897418e-01
-3.057400536218224940e-01
-1.055565580489202793e-01
-2.660038325013203142e+00
1.431851636653344029e+00
4.001263944343582679e-01
-7.278492900218231920e-01
-3.689834096554358567e-01
-1.396591948224170654e-01
-2.676428655778652743e+00
1.525303513968748748e-01
4.391193957861676544e-01
-6.660125558911663690e-01
-3.105637859157885927e-01
1.375104960656009512e-02
-2.676428655778652743e+00
1.525303513968748748e-01
4.391193957861676544e-01
-6.703703546917569867e-01
-3.413824961297959315e-01
-2.104658326842090421e-03
0.000000000000000000e+00
0.000000000000000000e+00
0.000000000000000000e+00
0.000000000000000000e+00
0.000000000000000000e+00
0.000000000000000000e+00
-3.341579179523471166e-01
-5.997787877066259917e-10
1.799336663735291141e-09
0.000000000000000000e+00
-0.000000000000000000e+00
0.000000000000000000e+00
-3.341579241422250601e-01
2.703890026100867483e-01
-7.832125170415770166e-01
-0.000000000000000000e+00
0.000000000000000000e+00
0.000000000000000000e+00
-5.788657919880471070e-01
1.231049970828332230e+00
-4.515628621514312657e-01
-1.651376906949177936e-01
-5.931900493631619975e-02
4.997731840082857147e-02
-1.138677594103339130e+00
1.137632297482683796e+00
-5.940253684947854884e-01
-3.302753813898355872e-01
-1.186380097564087993e-01
9.995463684178108876e-02
-1.427101313552325390e+00
1.273536332215620348e+00
4.502294751563535313e-01
-5.753934948085775991e-01
-3.736082336721872066e-01
8.151795291373634123e-02
-1.437236183243479015e+00
5.398622957368386377e-01
5.429138682062246701e-01
-6.959494890117977617e-01
-5.028770524576179346e-01
6.504395299268896091e-02
-2.672330128378072267e+00
5.552996743292312187e-01
5.300582630035928222e-01
-6.946626336120683698e-01
-4.450053325260797110e-01
1.090416000029180085e-02
-2.672330128378071823e+00
5.552996743292305526e-01
5.300582630035927112e-01
-6.946626334659468105e-01
-4.450053325567187579e-01
1.090416076907347459e-02
-2.580622664392780763e+00
1.343121045148078618e+00
7.055120141886959129e-01
-7.098167914978653625e-01
-4.648055548111721391e-01
-4.475360021399443777e-02
-2.580622664392780763e+00
1.343121045148078618e+00
7.055120141886959129e-01
-6.794158545245359004e-01
-3.906408408235076957e-01
-7.474435978511423384e-02
-2.677817372788494854e+00
1.645259893802663020e-01
5.879895866758608758e-01
-6.889184286929309620e-01
-3.060253897900764852e-01
-1.057341595690998171e-01
-2.677817372788494854e+00
1.645259893802663020e-01
5.879895866758608758e-01
-6.900062580340383667e-01
-3.317464491214604516e-01
-1.034913061988328442e-01
-2.676240257525574151e+00
1.699516588133425377e-01
4.429845081158563236e-01
-6.662562562972877966e-01
-3.108495551527200029e-01
1.357284484172099903e-02
-2.676240257525574151e+00
1.699516588133425377e-01
4.429845081158563236e-01
-6.709439553990382832e-01
-3.415350618174053388e-01
-2.974813502490181172e-03
