-2.221441471072811424e+00
nan
-2.221441467085554233e+00
2.610459999999999864e-02
2.799937000000000120e-01
-1.333499999999999686e-01
1.581402271080946331e+00
-9.162534726911274463e-01
-1.581402277951726054e+00
8.860460000000003333e-02
2.799937001121810543e-01
-1.333500001121810108e-01
-8.727053397681839852e-01
-2.759703378334664059e+00
-7.349344982289660599e-01
2.073546000000000833e-01
2.799937003253250012e-01
-1.333500007516129071e-01
-1.224914912829519364e+00
5.041505508515320422e-02
-1.127159534794101248e+00
8.948672597839053833e-02
1.344822654657374938e-01
-2.167681438544775685e-01
-2.874815414450365036e+00
5.141790470713302197e-01
-1.091396978938544926e+00
-2.838114804321897888e-02
-1.102916957685046162e-02
-3.001862866381231343e-01
-7.828697456815136846e-01
-1.800902634981919714e+00
-2.242209336775899953e+00
-9.709215778801193186e-02
-2.059297296922335263e-01
-3.200814822029051654e-01
-2.420616576272268949e-01
5.700223035934524063e-01
-1.833267857393104050e+00
-1.277754835721061910e-01
-3.040070741949500999e-01
-3.343443891339129004e-01
1.183958255142568472e+00
-7.164796512358906355e-01
-2.298517129730633712e+00
-4.111622599059977512e-02
-3.287571439594519362e-01
-3.857415643683012596e-01
1.183958254528617804e+00
-7.164796572130321950e-01
-2.298517126443012870e+00
-4.111622583916410556e-02
-3.287571437863390789e-01
-3.857415641963317099e-01
-7.535337201542423591e-01
1.345765200523099947e-01
-1.118617040316941758e+00
6.099162217506105821e-02
-3.782655357932628859e-01
-4.211515554410732998e-01
-7.535337201542423591e-01
1.345765200523099947e-01
-1.118617040316941758e+00
2.225729818600541421e-02
-3.653498487620027713e-01
-4.057379803129140261e-01
1.780752501465924231e+00
1.817796892743050341e+00
-1.495809342772813855e+00
3.869906520524910021e-02
-3.488070565214165808e-01
-4.730652720013224788e-01
1.780752501465924231e+00
1.817796892743050341e+00
-1.495809342772813855e+00
1.511695421682643370e-02
-3.562641583440084858e-01
-4.371067292284678829e-01
1.382147406551661017e+00
-1.904212970315909637e+00
6.225489031982160693e-02
6.222438193018532682e-02
-3.219662741258153549e-01
-4.463653562264849328e-01
1.382147406551661017e+00
-1.904212970315909637e+00
6.225489031982160693e-02
9.499365807361181968e-02
-3.173079500391248198e-01
-4.748120727742558000e-01
-2.221441471072811424e+00
nan
-2.221441467085554233e+00
2.610459999999999864e-02
2.799937000000000120e-01
1.333500000000000241e-01
1.580959988218317847e+00
-9.166739704218206386e-01
-1.580959995085961189e+00
8.860460000000003333e-02
2.799937001121810543e-01
1.333499998878189818e-01
-8.744375936611965550e-01
-2.759312161558187260e+00
-7.338835485039982842e-01
2.073546000000000833e-01
2.799937003253250012e-01
1.333499992483870855e-01
-1.225546380463816476e+00
5.276798142177837464e-02
-1.125526377230957387e+00
8.928173391011917648e-02
1.345540218694499246e-01
5.009678174916532001e-02
-2.876429000514189038e+00
5.130787246477952479e-01
-1.087640977079719962e+00
-2.879113217976170258e-02
-1.088565676922098602e-02
-3.315643543072013810e-02
-7.824211085158772061e-01
-1.801791480877687368e+00
-2.241478478107254535e+00
-9.738705726122635908e-02
-2.058418869875726920e-01
-5.290276069055366986e-02
-2.426208581634798078e-01
5.692504170877653591e-01
-1.833188901006996385e+00
-1.280234295679283929e-01
-3.039433240476610010e-01
-6.710076191011497826e-02
1.184201804990167917e+00
-7.166835208173696348e-01
-2.298440018402360785e+00
-4.135434824230678486e-02
-3.287029739931828232e-01
-1.184767541316576744e-01
1.184201804375681233e+00
-7.166835267948078458e-01
-2.298440015114852297e+00
-4.135434809089737207e-02
-3.287029738200703544e-01
-1.184767539596646574e-01
-7.542288774029649590e-01
1.323744249402085682e-01
-1.124008212344155710e+00
6.075788161790084130e-02
-3.782210814678789723e-01
-1.538605149813210005e-01
-7.542288774029649590e-01
1.323744249402085682e-01
-1.124008212344155710e+00
2.203431072609496333e-02
-3.651030859638417225e-01
-1.385914489996262766e-01
1.318473884287461706e+00
-1.613689024440122299e+00
3.639788872274415943e-01
3.847925213033157044e-02
-3.487642099399210771e-01
-2.057811221840588622e-01
1.318473884287461706e+00
-1.613689024440122299e+00
3.639788872274415943e-01
6.804288614507533750e-02
-3.478003034917580005e-01
-2.378716745758684969e-01
1.381796889481750723e+00
-1.904645234706081602e+00
6.258539593486835140e-02
6.200049125892261037e-02
-3.219234869330652726e-01
-1.790775544949863574e-01
1.381796889481750723e+00
-1.904645234706081602e+00
6.258539593486835140e-02
9.478144992440573624e-02
-3.172810631863079989e-01
-2.075134081895289861e-01
0.000000000000000000e+00
0.000000000000000000e+00
0.000000000000000000e+00
0.000000000000000000e+00
0.000000000000000000e+00
0.000000000000000000e+00
8.864080624758720328e-02
1.591010491036678093e-10
-4.773032270541163051e-10
0.000000000000000000e+00
-0.000000000000000000e+00
0.000000000000000000e+00
8.864079658365597858e-02
6.531143826567512578e-01
-1.139267865363831511e+00
0.000000000000000000e+00
0.000000000000000000e+00
0.000000000000000000e+00
6.699296517654640404e-01
1.370732955095417704e+00
-7.278747090640247386e-01
-2.202580908135104432e-01
1.416773318857394437e-01
6.408295427870265570e-02
-1.491432646434878717e-01
1.488564303328617999e+00
2.239155326971833393e-01
-4.405161816270208863e-01
2.833546637431830773e-01
1.281659085411839538e-01
-6.121101765416528950e-01
8.719333747998547768e-03
8.708940589015778944e-03
-4.264901968112818631e-01
2.650019669767640917e-01
2.595147707094000444e-01
-9.658431644072832389e-01
2.209828850467957517e-01
-6.899243140573375621e-01
-4.257604100906272060e-01
2.560042772359006347e-01
3.198164495257044271e-01
-2.750355996441150808e+00
7.306435764334864302e-01
3.684613786393019508e-01
-4.541939810623232265e-01
1.465743380222844228e-01
3.245709224699772633e-01
-2.750355996441150808e+00
7.306435764334866523e-01
3.684613786393022283e-01
-4.541939810004601563e-01
1.465743385510600572e-01
3.245709218832098508e-01
-4.677953584768133055e+00
-1.285016439095636009e+00
-2.786585726294638299e+00
-4.618241332719105197e-01
8.680705524637014059e-02
3.861321814585714218e-01
-4.677953584768133055e+00
-1.285016439095636009e+00
-2.786585726294638299e+00
-4.456401615702326180e-01
2.668475586168101987e-01
2.759389539277518066e-01
-4.141796745493634191e+00
-1.350191288174835247e+00
-9.755894063062408028e-01
-5.106088686905669860e-01
-6.418809266714949058e-02
3.213987898994826176e-01
-4.141796745493634191e+00
-1.350191288174835247e+00
-9.755894063062408028e-01
-5.664348494178050863e-01
1.077513404207964820e-01
3.204442291457680336e-01
-2.203404039464079478e+00
1.183357043218961513e+00
1.072658846506113317e+00
-5.009905384236075232e-01
1.791435142204485936e-02
2.303884615399307001e-01
-2.203404039464079478e+00
1.183357043218961513e+00
1.072658846506113317e+00
-5.396499533483465338e-01
-9.615004779954888781e-03
1.813465377046731275e-01
0.000000000000000000e+00
0.000000000000000000e+00
0.000000000000000000e+00
0.000000000000000000e+00
0.000000000000000000e+00
0.000000000000000000e+00
8.399126296445853790e-02
1.507556013859151356e-10
-4.522668797180324705e-10
0.000000000000000000e+00
-0.000000000000000000e+00
0.000000000000000000e+00
8.399125329228758485e-02
6.528767701256167344e-01
-1.140546746952733947e+00
0.000000000000000000e+00
0.000000000000000000e+00
0.000000000000000000e+00
6.694142023430027510e-01
1.373988473409120559e+00
-7.277648307222337465e-01
-2.202348438841572331e-01
1.416601654005744393e-01
6.487137058029968095e-02
-1.424993810814338402e-01
1.490298066795157750e+00
2.205340595854544117e-01
-4.404696877683145217e-01
2.833203307743273891e-01
1.297427411452461155e-01
-6.057223435804677258e-01
7.001093985961381883e-03
5.859811582164198285e-03
-4.269031092378232639e-01
2.653787538169332105e-01
2.597522578282629446e-01
-9.594271101078478692e-01
2.185743387721219011e-01
-6.927884305653475572e-01
-4.264276548416625623e-01
2.565991838747839204e-01
3.193889783148195494e-01
-2.750265111382832472e+00
7.301814931107831752e-01
3.687905944209449727e-01
-4.548103273973537197e-01
1.472643272986282059e-01
3.242004205665988126e-01
-2.750265111382832472e+00
7.301814931107832862e-01
3.687905944209450282e-01
-4.548103273356098319e-01
1.472643278274930467e-01
3.242004199799374820e-01
-4.666274641018260283e+00
-1.274005623248629870e+00
-2.768520707134138448e+00
-4.623850824362422673e-01
8.760763427207959864e-02
3.858278834717632222e-01
-4.666274641018260283e+00
-1.274005623248629870e+00
-2.768520707134138448e+00
-4.455205161696561555e-01
2.660642975226374385e-01
2.752816666418552161e-01
-2.260582587504685215e+00
1.462552317881290254e+00
8.419121441661412408e-01
-5.111599660873328288e-01
-6.340394929102706467e-02
3.210811203616298348e-01
-2.260582587504685215e+00
1.462552317881290254e+00
8.419121441661412408e-01
-5.589056024146134005e-01
-1.110573107486627353e-01
2.756637687756712252e-01
-2.203439450757966434e+00
1.182898796224070015e+00
1.073083672864863169e+00
-5.015601213531273306e-01
1.871235303342926731e-02
2.300872428048534035e-01
-2.203439450757966434e+00
1.182898796224070015e+00
1.073083672864863169e+00
-5.401785675831709543e-01
-8.767617288319692892e-03
1.810813866296419605e-01
