-2.221441471072811424e+00
nan
-2.221441467085554233e+00
2.610459999999999864e-02
2.799937000000000120e-01
-1.333499999999999686e-01
1.447263601423986801e+00
-1.035225055797086791e+00
-1.447263607358930004e+00
8.860460000000003333e-02
2.799937001121810543e-01
-1.333500001121810108e-01
-3.484229918853756769e-01
3.043092223219975523e+00
5.050864126086939132e-01
2.073546000000000833e-01
2.799937003253250012e-01
-1.333500007516129071e-01
-7.086040690299983957e-01
-1.175967937042005973e+00
-1.348225985221650047e+00
2.536906697195141502e-01
9.100668820219834365e-02
-1.978626188330514513e-01
-1.197518157433650865e+00
8.481892783163506033e-01
-1.322505669658380789e+00
3.000267394390281894e-01
-9.798032403979806126e-02
-2.623752365662659347e-01
3.986362364967055427e-01
-2.185471119931641781e-01
-3.098048321756231793e+00
3.414514987271706770e-01
-1.281222361109207175e-01
-4.635684383764071548e-01
1.112863387839197138e+00
1.098776921193935330e+00
-1.274009210594517105e+00
3.676627699107954950e-01
-1.423141465171938180e-01
-5.629445997128101897e-01
-1.208204109427910788e+00
-1.213047314427626144e+00
1.193738378446333570e+00
4.714089722293782203e-01
-1.430269632423785686e-01
-5.624155469857508027e-01
-1.208204109418560712e+00
-1.213047310110713095e+00
1.193738382799036213e+00
4.714089722274211747e-01
-1.430269635295383923e-01
-5.624155469888727499e-01
4.611195852318358268e-01
-2.100522323081281062e+00
1.681087403290594695e+00
5.861877517405277294e-01
-1.462704168048424569e-01
-5.931770939183204083e-01
4.611195852318358268e-01
-2.100522323081281062e+00
1.681087403290594695e+00
6.252537386297003508e-01
-1.540842071037321348e-01
-5.753575968953970055e-01
-2.560913534176949002e-01
2.280703946946826211e+00
1.913376156346579871e+00
5.861256725963041037e-01
-1.218232223183747659e-01
-5.343372698849271352e-01
-2.560913534176949002e-01
2.280703946946826211e+00
1.913376156346579871e+00
6.182956138901793963e-01
-1.271665500897744550e-01
-5.633421806775154028e-01
-4.614671289961695955e-01
1.707229669730331745e+00
2.075273723376209301e+00
5.858420721312112001e-01
-1.663923657633335773e-01
-5.348517136222641355e-01
-4.614671289961695955e-01
1.707229669730331745e+00
2.075273723376209301e+00
6.253824022117415726e-01
-1.630255965930438589e-01
-5.530167428566666876e-01
-2.221441471072811424e+00
nan
-2.221441467085554233e+00
2.610459999999999864e-02
2.799937000000000120e-01
1.333500000000000241e-01
1.447349461021848693e+00
-1.035154125047435203e+00
-1.447349466957381425e+00
8.860460000000003333e-02
2.799937001121810543e-01
1.333499998878189818e-01
-3.484183559891296800e-01
3.043048662355813949e+00
5.052683384460867622e-01
2.073546000000000833e-01
2.799937003253250012e-01
1.333499992483870855e-01
-7.086193651849773678e-01
-1.175777032973366776e+00
-1.348117856185349517e+00
2.536907152768800300e-01
9.101450469979102675e-02
6.881452031025656058e-02
-1.197715932426252516e+00
8.482350359107143634e-01
-1.322457709148720850e+00
3.000268305537599489e-01
-9.796469104465485578e-02
4.279041720335677312e-03
3.983962362747738295e-01
-2.186717806662997754e-01
-3.098072926452652531e+00
3.414201528524661300e-01
-1.281238515682951162e-01
-1.969180454990989704e-01
1.112789411444076171e+00
1.098742745094212880e+00
-1.274073723854656004e+00
3.676158793108105227e-01
-1.423241424685658396e-01
-2.962971084533616017e-01
-1.208178055529530281e+00
-1.213016504486453595e+00
1.193748653991220543e+00
4.713620963352862514e-01
-1.430376550249547463e-01
-2.957718914103472652e-01
-1.208178055520099381e+00
-1.213016500169583622e+00
1.193748658343921409e+00
4.713620963333271519e-01
-1.430376553121145422e-01
-2.957718914134700450e-01
4.609182751839088210e-01
-2.100628054139670908e+00
1.681186344589652659e+00
5.861397174142283228e-01
-1.462817804489807971e-01
-3.265376895709278249e-01
4.609182751839088210e-01
-2.100628054139670908e+00
1.681186344589652659e+00
6.252020102881699071e-01
-1.540971327365985577e-01
-3.087107810150159226e-01
-5.647569288672925625e-01
2.098994560952358590e+00
1.758791759529137133e+00
5.860799760014018256e-01
-1.218347694348401733e-01
-2.676977868874760302e-01
-5.647569288672925625e-01
2.098994560952358590e+00
1.758791759529137133e+00
6.255662516338538204e-01
-1.253470752046403347e-01
-2.859526182881617640e-01
-4.611581326512490531e-01
1.707445698257792799e+00
2.075537058559493442e+00
5.857960583052238546e-01
-1.664039093732334329e-01
-2.682123594224190000e-01
-4.611581326512490531e-01
1.707445698257792799e+00
2.075537058559493442e+00
6.253292832088829245e-01
-1.630346273475156982e-01
-2.863923812034259719e-01
0.000000000000000000e+00
0.000000000000000000e+00
0.000000000000000000e+00
0.000000000000000000e+00
0.000000000000000000e+00
0.000000000000000000e+00
-3.200720493135540412e-01
-5.744961151674258988e-10
1.723488633445750201e-09
0.000000000000000000e+00
-0.000000000000000000e+00
0.000000000000000000e+00
-3.200720554810518315e-01
2.667013831229702592e-01
-7.812905336604287765e-01
-0.000000000000000000e+00
0.000000000000000000e+00
0.000000000000000000e+00
-5.553078913799756045e-01
1.226137909956054539e+00
-4.537772238272180791e-01
-1.648593680277710971e-01
-5.685061891267599588e-02
4.813156754679488725e-02
-1.151508487103842793e+00
1.128900217046896692e+00
-5.971434654013134669e-01
-3.297187360555420832e-01
-1.137012377138952035e-01
9.626313513163664570e-02
-1.423617096091589262e+00
1.276231530071588516e+00
4.345161148743717505e-01
-5.748448310753423440e-01
-3.701134414606055412e-01
8.420738294757276754e-02
-1.429147327232565878e+00
5.474980277048759891e-01
5.371279101722656879e-01
-6.955052077379617614e-01
-5.001978239624375044e-01
7.095957850034460834e-02
-2.672332849871895455e+00
5.560396768688066205e-01
5.307882976507291017e-01
-6.948326786554105405e-01
-4.437167488319061492e-01
1.517745746665397771e-02
-2.672332849871895899e+00
5.560396768688059543e-01
5.307882976507289907e-01
-6.948326785047255205e-01
-4.437167488412879224e-01
1.517745823512873377e-02
-2.578391375147101261e+00
1.398992564705821895e+00
6.944708456879370440e-01
-7.102157320768518467e-01
-4.649986082295364809e-01
-3.997651050211536994e-02
-2.578391375147101261e+00
1.398992564705821895e+00
6.944708456879370440e-01
-6.798599386780863618e-01
-3.919227818436138988e-01
-7.448252617909778550e-02
-2.665517793982020933e+00
1.433557985950300040e+00
3.766892888691802943e-01
-6.904747400781151567e-01
-3.077919644677000188e-01
-1.052730329482156196e-01
-2.665517793982020933e+00
1.433557985950300040e+00
3.766892888691802943e-01
-7.300421872382025779e-01
-3.729869979892521670e-01
-1.371477739438586863e-01
-2.675278867678569483e+00
5.335466045570767812e-02
4.312062431005885266e-01
-6.671040114306902025e-01
-3.093172611744762213e-01
1.398824628137046444e-02
-2.675278867678569483e+00
5.335466045570767812e-02
4.312062431005885266e-01
-6.695249722829673678e-01
-3.408637428310540285e-01
2.871538981989441019e-03
0.000000000000000000e+00
0.000000000000000000e+00
0.000000000000000000e+00
0.000000000000000000e+00
0.000000000000000000e+00
0.000000000000000000e+00
-3.194619647055298439e-01
-5.734010766034993744e-10
1.720203517205125745e-09
0.000000000000000000e+00
-0.000000000000000000e+00
0.000000000000000000e+00
-3.194619708734199315e-01
2.668130552666525546e-01
-7.813084783668380329e-01
-0.000000000000000000e+00
0.000000000000000000e+00
0.000000000000000000e+00
-5.549312258543992460e-01
1.227160942933719356e+00
-4.533543334713133199e-01
-1.648699560857541935e-01
-5.681943101324463119e-02
4.800858580239455303e-02
-1.152733455358840864e+00
1.129637892173224412e+00
-5.969963386354455448e-01
-3.297399121715083870e-01
-1.136388619152495089e-01
9.601717164277692729e-02
-1.424571094511838609e+00
1.276996796678266488e+00
4.342775944498707963e-01
-5.750246740983946392e-01
-3.702771373301269042e-01
8.402317961235744592e-02
-1.430107355226386545e+00
5.476522882643509726e-01
5.370344292227664518e-01
-6.957645509752178326e-01
-5.004734607432450577e-01
7.080064478857679700e-02
-2.672315497547976815e+00
5.561955524110691051e-01
5.307457284073441306e-01
-6.950937338513121233e-01
-4.440070535431793197e-01
1.500419119129089117e-02
-2.672315497547977259e+00
5.561955524110684390e-01
5.307457284073441306e-01
-6.950937337006402039e-01
-4.440070535525643125e-01
1.500419195976203726e-02
-2.578153506360160385e+00
1.401020913891947162e+00
6.947912517768581875e-01
-7.104837282433843493e-01
-4.653052406577264377e-01
-4.016528452252532411e-02
-2.578153506360160385e+00
1.401020913891947162e+00
6.947912517768581875e-01
-6.800778181275213274e-01
-3.922045944935801942e-01
-7.474319587972816370e-02
-2.676177796364199502e+00
5.889203642618361101e-02
6.180746211213831165e-01
-6.907323827346306677e-01
-3.080981643421902283e-01
-1.054621830162306706e-01
-2.676177796364199502e+00
5.889203642618361101e-02
6.180746211213831165e-01
-6.896365798725020424e-01
-3.325458739620551496e-01
-9.838805548393031453e-02
-2.675225141419419028e+00
6.090154140134990124e-02
4.326263292235918989e-01
-6.673637050488675504e-01
-3.096239526063967462e-01
1.379853411338710645e-02
-2.675225141419419028e+00
6.090154140134990124e-02
4.326263292235918989e-01
-6.699285365129462599e-01
-3.411564899740585077e-01
2.377311796455394699e-03
