-2.221441471072811424e+00
nan
-2.221441467085554233e+00
2.610459999999999864e-02
2.799937000000000120e-01
-1.333499999999999686e-01
1.510165502135581983e+00
-9.815157418726249139e-01
-1.510165508505635135e+00
8.860460000000003333e-02
2.799937001121810543e-01
-1.333500001121810108e-01
-4.167871726261825338e-01
-2.989433226608238403e+00
-6.342557465340101786e-01
2.073546000000000833e-01
2.799937003253250012e-01
-1.333500007516129071e-01
-1.166796089752655696e+00
-4.597028974149362512e-01
-1.186721319136196051e+00
1.512822781727538035e-01
9.979871290546876716e-02
-2.134166057355860180e-01
-2.376914429204986856e+00
7.629437568118350166e-01
-1.485952688564696977e+00
9.520995634550752373e-02
-8.039627466379636878e-02
-2.934832103833047712e-01
-6.666137347225850052e-01
-1.410230175935784258e+00
-2.542732805461512147e+00
2.209327528674927266e-02
-2.528967549334047438e-01
-3.829303190996085071e-01
1.191218684331560029e-01
7.789775848512807688e-01
-1.630379766463683655e+00
-9.440407110201790020e-03
-3.396481760515581705e-01
-4.302999328669701029e-01
-1.690439698849268924e+00
1.350429369063130313e-03
2.630510760335311726e+00
8.492608874188926904e-02
-3.405505818305473720e-01
-4.734069233024822410e-01
-1.690439699380905880e+00
1.350437125191582700e-03
2.630510761269714060e+00
8.492608886117974931e-02
-3.405505818339755741e-01
-4.734069230412689677e-01
2.615049063030494003e-01
2.690167464855608981e-01
4.431684872657231655e-01
1.899557134120198332e-01
-3.728956612536346027e-01
-5.187228671360964993e-01
2.615049063030494003e-01
2.690167464855608981e-01
4.431684872657231655e-01
1.824324386856245039e-01
-4.154463934754387688e-01
-5.248528466947488536e-01
-9.328177377743511745e-01
-2.605863778592409474e+00
4.384441149271914306e-01
1.803536806846108287e-01
-3.140322208137085735e-01
-5.411436256298909342e-01
-9.328177377743511745e-01
-2.605863778592409474e+00
4.384441149271914306e-01
1.784485357624774615e-01
-3.566819633977578174e-01
-5.320821133416464566e-01
1.418172590641142428e+00
-2.444844086686720708e+00
-5.565076580170870146e-01
1.988862508622826486e-01
-3.145944697308553639e-01
-5.006099193132359515e-01
1.418172590641142428e+00
-2.444844086686720708e+00
-5.565076580170870146e-01
2.387494535236540094e-01
-3.093870140143333836e-01
-5.175966377470271329e-01
-2.221441471072811424e+00
nan
-2.221441467085554233e+00
2.610459999999999864e-02
2.799937000000000120e-01
1.333500000000000241e-01
1.510583757759418999e+00
-9.811466464285025779e-01
-1.510583764132386486e+00
8.860460000000003333e-02
2.799937001121810543e-01
1.333499998878189818e-01
-4.176521392291338008e-01
-2.988923849405319189e+00
-6.350796198190611364e-01
2.073546000000000833e-01
2.799937003253250012e-01
1.333499992483870855e-01
-1.166775662380352241e+00
-4.579057184553973481e-01
-1.185847902712867885e+00
1.511611530216364629e-01
9.987802582389998518e-02
5.318990745960126831e-02
-2.379647223533954303e+00
7.608175735191819999e-01
-1.484654275718035432e+00
9.496770604327284260e-02
-8.023764882713457780e-02
-2.697018399301943925e-02
-6.667776635865403367e-01
-1.412965804838644646e+00
-2.541158686551853396e+00
2.191890696307717545e-02
-2.529658194271492411e-01
-1.160325331317741959e-01
1.174574126128397067e-01
7.773436943198862581e-01
-1.630418907865402112e+00
-9.584807348397422766e-03
-3.398285336084387320e-01
-1.632177783853553110e-01
-1.690420563263785425e+00
1.534072520038218257e-03
2.630411504623506147e+00
8.478255883332912191e-02
-3.407464668752008263e-01
-2.063225356453343151e-01
-1.690420563795297149e+00
1.534080276027402706e-03
2.630411505558541752e+00
8.478255895261305186e-02
-3.407464668786333584e-01
-2.063225353841180998e-01
2.600949428952284981e-01
2.701322998008440224e-01
4.336091526181414246e-01
1.898086249906461020e-01
-3.731086994062826068e-01
-2.516344802062187580e-01
2.600949428952284981e-01
2.701322998008440224e-01
4.336091526181414246e-01
1.818911070933607876e-01
-4.156080272764235972e-01
-2.576228994920091164e-01
1.439076956172043120e+00
-2.266547251690546716e+00
-1.062646372583627291e-01
1.802154993189649668e-01
-3.142449745390961668e-01
-2.740583045670970108e-01
1.439076956172043120e+00
-2.266547251690546716e+00
-1.062646372583627291e-01
2.192135873301961080e-01
-3.090319692439719157e-01
-2.929452003382733150e-01
1.417611056315421170e+00
-2.445153687809472398e+00
-5.563962835540303686e-01
1.987470489943919949e-01
-3.148079060442980359e-01
-2.335241411521745969e-01
1.417611056315421170e+00
-2.445153687809472398e+00
-5.563962835540303686e-01
2.386117870166468702e-01
-3.096198320670817128e-01
-2.505131869003595080e-01
0.000000000000000000e+00
0.000000000000000000e+00
0.000000000000000000e+00
0.000000000000000000e+00
0.000000000000000000e+00
0.000000000000000000e+00
6.219314191669145231e-01
1.116302360603613059e-09
-3.348907641313279091e-09
0.000000000000000000e+00
-0.000000000000000000e+00
0.000000000000000000e+00
6.219314104423657730e-01
4.758716702677484589e-01
-1.070979458068756829e+00
0.000000000000000000e+00
0.000000000000000000e+00
0.000000000000000000e+00
8.904632322620555929e-01
1.338830198074576261e+00
-6.875383856763983559e-01
-2.310865590200152919e-01
1.098482414102153470e-01
-8.538569323695302526e-02
-1.502081797946590136e+00
1.536462869248445662e+00
5.432261463715415406e-01
-4.621731180400305838e-01
2.196964826113036173e-01
-1.707713865668282205e-01
-1.814784395215249369e+00
6.761956045849092378e-01
7.348712032936155492e-02
-5.058985082001608014e-01
4.562071584256752188e-02
2.006795105526585909e-01
-1.811545750333455329e+00
6.710886993406666168e-01
8.068382013315412993e-02
-5.315545206980827331e-01
-4.266223954254647760e-02
3.794375732938249923e-01
-2.704474708592593313e+00
6.796275810133830531e-01
4.885773162541128256e-01
-5.604103252963820170e-01
-1.131386754977372067e-01
3.177440336851131697e-01
-2.704474708592592425e+00
6.796275810133829420e-01
4.885773162541132697e-01
-5.604103251171792532e-01
-1.131386747330099946e-01
3.177440336133116605e-01
-5.080048870900138347e+00
2.126466143592081526e+00
-6.639006515053960555e+00
-5.754052184868013731e-01
-1.843794073432403480e-01
3.338394531829668721e-01
-5.080048870900138347e+00
2.126466143592081526e+00
-6.639006515053960555e+00
-8.709350009200618192e-01
-1.655729331557340422e-01
5.659972413569391847e-01
-4.021908300871735342e+00
1.281797144619017947e-01
-2.383902535623367847e+00
-6.194023261020469295e-01
-2.497071170177114496e-01
1.811705735277811535e-01
-4.021908300871735342e+00
1.281797144619017947e-01
-2.383902535623367847e+00
-7.199136535341458254e-01
-2.087208657165663117e-01
3.529481281887392741e-01
-2.298522504341361294e+00
4.842653758166752254e-01
1.381346276648820703e+00
-5.915797992615456913e-01
-1.310301400381003734e-01
1.700959156643261916e-01
-2.298522504341361294e+00
4.842653758166752254e-01
1.381346276648820703e+00
-6.069991784126088641e-01
-1.150096080614968624e-01
1.388220926914740250e-01
0.000000000000000000e+00
0.000000000000000000e+00
0.000000000000000000e+00
0.000000000000000000e+00
0.000000000000000000e+00
0.000000000000000000e+00
6.194793537586933407e-01
1.111901157642652563e-09
-3.335704030224468624e-09
0.000000000000000000e+00
-0.000000000000000000e+00
0.000000000000000000e+00
6.194793450094926435e-01
4.778780504410478081e-01
-1.073767819364304321e+00
0.000000000000000000e+00
0.000000000000000000e+00
0.000000000000000000e+00
8.896775912567569389e-01
1.343938810712451026e+00
-6.883293511055776914e-01
-2.317091634299262848e-01
1.099962361817390377e-01
-8.472432517650287098e-02
-1.500760351610879395e+00
1.540295306310889067e+00
5.462009785746272383e-01
-4.634183268598525696e-01
2.199924721552307116e-01
-1.694486504456856335e-01
-1.814838574208738287e+00
6.743121206346387453e-01
7.578476620150431664e-02
-5.062563493981652174e-01
4.643190420515794226e-02
2.022916619519687931e-01
-1.812630503506003965e+00
6.708452584307489364e-01
8.069262737869008217e-02
-5.314910617019156236e-01
-4.158920063811494955e-02
3.811768027138795478e-01
-2.704670903967860696e+00
6.795223433321782025e-01
4.881553587262131844e-01
-5.603336132785274870e-01
-1.121074477777642686e-01
3.195347763997861135e-01
-2.704670903967859807e+00
6.795223433321782025e-01
4.881553587262138505e-01
-5.603336130993497033e-01
-1.121074470130314082e-01
3.195347763280140807e-01
-5.083544745168330437e+00
2.128591337536763106e+00
-6.650570244456943669e+00
-5.753262947970860797e-01
-1.833923088331650963e-01
3.356964065278648657e-01
-5.083544745168330437e+00
2.128591337536763106e+00
-6.650570244456943669e+00
-8.707179575569368168e-01
-1.611786972876683710e-01
5.685968014062598996e-01
-2.293987935384310006e+00
8.514081140116770419e-01
1.383585300795004747e+00
-6.192984272017616476e-01
-2.487243098412830478e-01
1.830081458167173991e-01
-2.293987935384310006e+00
8.514081140116770419e-01
1.383585300795004747e+00
-6.425915210091344143e-01
-2.380934395457731112e-01
1.378462859989041112e-01
-2.298767247482590204e+00
4.841454242791857210e-01
1.380943172908984273e+00
-5.914797594621840071e-01
-1.300464621567034018e-01
1.719380882187406812e-01
-2.298767247482590204e+00
4.841454242791857210e-01
1.380943172908984273e+00
-6.068693635634210271e-01
-1.140493862769761946e-01
1.407115831788358640e-01
