-2.221441471072811424e+00
nan
-2.221441467085554233e+00
2.610459999999999864e-02
2.799937000000000120e-01
-1.333499999999999686e-01
1.305863072605407016e+00
-1.143795381849919357e+00
-1.305863077584079823e+00
8.860460000000003333e-02
2.799937001121810543e-01
-1.333500001121810108e-01
-1.760375500837369156e+00
-2.504361375145275126e+00
-1.656867889727700605e-01
2.073546000000000833e-01
2.799937003253250012e-01
-1.333500007516129071e-01
-1.167279389020243530e+00
1.061787368490846761e+00
-7.765874811274579015e-01
1.446361981668140007e-02
2.111863777314124946e-01
-1.424945139358039237e-01
-2.613037737203858679e+00
1.327968921795492863e+00
2.212558346411498122e-01
-1.784273603666372832e-01
1.423790550890250417e-01
-1.516390267552482074e-01
6.675279069353496908e-01
1.558548218738785351e+00
1.617692744475114131e+00
-3.458941086107052421e-01
2.025567511667546172e-02
-1.636397890929968679e-01
1.628764924095251476e-01
-1.549404561685796267e-01
-2.209809335687026532e+00
-4.299465540361488980e-01
-3.946260572925657656e-02
-1.751713046399320517e-01
-5.020578919006954965e-01
-1.698847935845406720e+00
-5.317561937625703283e-01
-3.486550627257843371e-01
-1.014747061972251785e-01
-1.575572382131382176e-01
-5.020578922821568035e-01
-1.698847935340694448e+00
-5.317561880357641879e-01
-3.486550626737413006e-01
-1.014747062091522073e-01
-1.575572384953147775e-01
1.892708365635441606e-02
2.927564437071358938e+00
2.457979849773520020e-01
-2.397108728365646146e-01
-1.450375442622199862e-01
-1.384678795054636868e-01
1.892708365635441606e-02
2.927564437071358938e+00
2.457979849773520020e-01
-2.154712280605291796e-01
-1.813149160879567734e-01
-1.395323226269404859e-01
-2.064648230545337027e-01
6.775652456223868469e-02
1.333202165658829985e+00
-2.790127116594658396e-01
-1.909317821764587308e-01
-1.182471363002808584e-01
-2.064648230545337027e-01
6.775652456223868469e-02
1.333202165658829985e+00
-2.498900990839221792e-01
-2.224152810881978026e-01
-1.101598711470097025e-01
5.276147680680234875e-02
-3.085823131522365537e-01
3.665530538843432828e-01
-2.709017456242706068e-01
-1.927708808060274448e-01
-1.620373586701961410e-01
5.276147680680234875e-02
-3.085823131522365537e-01
3.665530538843432828e-01
-2.797338529573467625e-01
-2.348722314051192861e-01
-1.694001898104147974e-01
-2.221441471072811424e+00
nan
-2.221441467085554233e+00
2.610459999999999864e-02
2.799937000000000120e-01
1.333500000000000241e-01
1.304927887431327260e+00
-1.144461010505172682e+00
-1.304927892403769718e+00
8.860460000000003333e-02
2.799937001121810543e-01
1.333499998878189818e-01
-1.759765588044352791e+00
-2.505852570171151594e+00
-1.641659741466831302e-01
2.073546000000000555e-01
2.799937003253250012e-01
1.333499992483870855e-01
-1.164592676154044604e+00
1.064199270402820918e+00
-7.714827403579227472e-01
1.452519609237165610e-02
2.110052488702472140e-01
1.242717530268371284e-01
-2.609356769559437517e+00
1.326787621853180221e+00
2.275931746630424080e-01
-1.783042078152567433e-01
1.420167973671639383e-01
1.151935071700959795e-01
6.682100771063070876e-01
1.557176543608379982e+00
1.617981767284869754e+00
-3.458272426593907434e-01
1.998944501319031841e-02
1.030030160360091429e-01
1.636295211838390828e-01
-1.542752790459973045e-01
-2.209351256141330211e+00
-4.299213930361154845e-01
-3.965315843624136333e-02
9.138422839741924819e-02
-5.018605396403904573e-01
-1.698659823160972637e+00
-5.313412130679471268e-01
-3.486029202306662467e-01
-1.016351703829576208e-01
1.089796447217504377e-01
-5.018605400212484691e-01
-1.698659822656275242e+00
-5.313412073412905334e-01
-3.486029201787004816e-01
-1.016351703948882440e-01
1.089796444395597919e-01
6.724520099858261046e-02
2.929561533097996495e+00
2.509191966271288043e-01
-2.396378423391982149e-01
-1.451580393518817069e-01
1.280409317608190711e-01
6.724520099858261046e-02
2.929561533097996495e+00
2.509191966271288043e-01
-2.165711468484985969e-01
-1.821794110156281232e-01
1.265963820440933474e-01
-1.991010335926875763e-01
-3.654806256670108111e-02
3.373691158269964130e-01
-2.789176275455621523e-01
-1.910645796968023780e-01
1.482765956259381734e-01
-1.991010335926875763e-01
-3.654806256670108111e-02
3.373691158269964130e-01
-2.903959743236566582e-01
-2.325594418823352660e-01
1.554295734712443089e-01
5.274644872168267329e-02
-3.082873653883272946e-01
3.672056119508609884e-01
-2.708186574181185025e-01
-1.929042260252283036e-01
1.044841760391981983e-01
5.274644872168267329e-02
-3.082873653883272946e-01
3.672056119508609884e-01
-2.796256279340050832e-01
-2.350124510134680711e-01
9.713055221946921558e-02
0.000000000000000000e+00
0.000000000000000000e+00
0.000000000000000000e+00
0.000000000000000000e+00
0.000000000000000000e+00
0.000000000000000000e+00
-7.367960734899137165e-01
-1.322472495797038909e-09
3.967418150228188696e-09
0.000000000000000000e+00
-0.000000000000000000e+00
0.000000000000000000e+00
-7.367960743227285336e-01
1.488871276746784982e-02
-1.120291846966249560e-01
0.000000000000000000e+00
0.000000000000000000e+00
0.000000000000000000e+00
5.133186638811254587e-01
4.608247956773472431e-01
-5.276415199049738075e-02
-7.844578281551443238e-03
1.487177782956562895e-02
5.356886357123705200e-02
4.593351301795249308e-01
7.785188174519448445e-01
-1.304524423832895463e+00
-1.568915656310288648e-02
2.974355592787521901e-02
1.071377271781902563e-01
-1.057005902108282491e+00
-2.988237769963811852e-01
-1.512557754686937317e+00
-1.843449077617639598e-01
2.537203909227997434e-01
1.814181833461216420e-01
-1.391458354484127025e+00
-1.960276519016803110e-01
3.928933461489948487e-01
-2.712263655216231584e-01
3.686656890580911616e-01
2.194238894562182962e-01
-2.758826151313204189e+00
8.470501394740208578e-01
9.661501400201444323e-02
-2.503150679491200625e-01
4.251138149784628451e-01
3.216465248926387854e-01
-2.758826151313203745e+00
8.470501394740207468e-01
9.661501400201377709e-02
-2.503150681869852345e-01
4.251138142050149282e-01
3.216465248814601718e-01
-2.954635171981915498e+00
6.888381692060721040e-01
1.029660047316611315e+00
-2.299365997836976261e-01
4.883036814245787505e-01
3.495476305312207876e-01
-2.954635171981915498e+00
6.888381692060721040e-01
1.029660047316611315e+00
-1.933164684441093240e-01
5.101172341263197074e-01
4.400368367448786455e-01
-3.128877359325806573e+00
1.854831866870164880e+00
5.352452689191545154e+00
-2.083745439927834342e-01
5.402920488698463863e-01
5.094524823401361813e-01
-3.128877359325806573e+00
1.854831866870164880e+00
5.352452689191545154e+00
-2.486008845537075046e-02
7.214735157030331969e-01
5.539429394258027495e-01
-2.471540664621858951e+00
9.532610736076994051e-01
-8.553231597293313726e-01
-2.452893734189715569e-01
4.202660793209639367e-01
5.076558408228537544e-01
-2.471540664621858951e+00
9.532610736076994051e-01
-8.553231597293313726e-01
-2.883183339597761852e-01
4.096228487023646503e-01
6.201303449825575909e-01
0.000000000000000000e+00
0.000000000000000000e+00
0.000000000000000000e+00
0.000000000000000000e+00
0.000000000000000000e+00
0.000000000000000000e+00
-7.279691980662630346e-01
-1.306629170361938553e-09
3.919888165982047217e-09
0.000000000000000000e+00
-0.000000000000000000e+00
0.000000000000000000e+00
-7.279691989052748946e-01
1.485702003166757858e-02
-1.129031613572251125e-01
0.000000000000000000e+00
0.000000000000000000e+00
0.000000000000000000e+00
5.192104899293970011e-01
4.610596931469032045e-01
-5.418699248808946101e-02
-7.923889952383736043e-03
1.516236567443392420e-02
5.308633805601856159e-02
4.623968443428211894e-01
7.836696345143669973e-01
-1.299033032886112160e+00
-1.584777990476747556e-02
3.032473161443742168e-02
1.061726761469836550e-01
-1.058464254326260789e+00
-2.949798910856075707e-01
-1.509161348043208006e+00
-1.839186592598125447e-01
2.535795322776895344e-01
1.810303289840367313e-01
-1.393050445416566641e+00
-1.938530537268453313e-01
3.933843096158890495e-01
-2.705016623701853029e-01
3.681931022287204258e-01
2.193538094511532643e-01
-2.759231881743198223e+00
8.474684468700726114e-01
9.777458433248731318e-02
-2.495298365779893834e-01
4.246938160602099499e-01
3.214617130790810018e-01
-2.759231881743198223e+00
8.474684468700726114e-01
9.777458433248675806e-02
-2.495298368159704350e-01
4.246938152866615024e-01
3.214617130679610080e-01
-2.941558253544234169e+00
6.999084944510018946e-01
9.680838082906646491e-01
-2.291205668332514378e-01
4.879423421630618707e-01
3.492069353993091374e-01
-2.941558253544234169e+00
6.999084944510018946e-01
9.680838082906646491e-01
-1.942918289822608835e-01
5.060236094364898296e-01
4.419628806614758210e-01
-2.690465193734887794e+00
6.595504166452520467e-01
-8.819998573308952539e-01
-2.074829873057268959e-01
5.399366663767154462e-01
5.091621036617716145e-01
-2.690465193734887794e+00
6.595504166452520467e-01
-8.819998573308952539e-01
-2.393637003152062070e-01
5.693054045217422754e-01
6.283731344906646754e-01
-2.472258817937468933e+00
9.537066573859274143e-01
-8.542547761792270711e-01
-2.444158104625032968e-01
4.198950995120393492e-01
5.073744928271447518e-01
-2.472258817937468933e+00
9.537066573859274143e-01
-8.542547761792270711e-01
-2.874001627679238502e-01
4.092384348067850675e-01
6.198761897744180516e-01
