-2.221441471072811424e+00
nan
-2.221441467085554233e+00
2.610459999999999864e-02
2.799937000000000120e-01
-1.333499999999999686e-01
1.390432203145082202e+00
-1.080805236658746171e+00
-1.390432208692194083e+00
8.860460000000003333e-02
2.799937001121810543e-01
-1.333500001121810108e-01
-1.675568914927843434e+00
-2.471498862224418058e+00
-3.096597120993309638e-01
2.073546000000000833e-01
2.799937003253250012e-01
-1.333500007516129071e-01
-1.204541683483772552e+00
9.581264243938311109e-01
-8.531278410449940619e-01
1.692063638081317545e-02
2.064456241499604272e-01
-1.520739424089936620e-01
-2.773453463867303181e+00
1.077065193897628559e+00
4.234198199007455088e-02
-1.735133272383737046e-01
1.328975478838174129e-01
-1.707978837097944569e-01
6.409657035032754191e-01
1.636644473664021548e+00
1.891251997470761337e+00
-3.133011937638094935e-01
-1.947548380179042748e-02
-1.893737171286133669e-01
1.675046302780010543e-01
6.823367729787903346e-02
-2.271543657170600028e+00
-3.830715287220907150e-01
-9.479817834662286613e-02
-2.042953305237900918e-01
-1.831068894879784026e-01
-1.645651574660958794e+00
-9.222722763779778177e-01
-3.041239287620959852e-01
-1.621099321484302525e-01
-2.036121316643653145e-01
-1.831068899324608534e-01
-1.645651575407868661e+00
-9.222722706544801419e-01
-3.041239286740572423e-01
-1.621099320477522032e-01
-2.036121319185059120e-01
5.277016349999028577e-01
2.717239250485953939e+00
9.036773900164967177e-01
-1.981241262188070396e-01
-2.143546107018480251e-01
-1.907475908486419292e-01
5.277016349999028577e-01
2.717239250485953939e+00
9.036773900164967177e-01
-1.852523239451248915e-01
-2.511648770949081455e-01
-2.103450937229670858e-01
1.949273054045292108e-01
-2.289673537404953441e-01
2.743454195276214258e-01
-2.392534261563522002e-01
-2.627531330245080898e-01
-1.958228039466732295e-01
1.949273054045292108e-01
-2.289673537404953441e-01
2.743454195276214258e-01
-2.518895809965181476e-01
-3.028127276294589332e-01
-2.076675325443382014e-01
3.995292562028302519e-01
-5.434311057458242056e-01
4.281640404277641809e-01
-2.255567877908539187e-01
-2.471198616568544837e-01
-2.352532053246717270e-01
3.995292562028302519e-01
-5.434311057458242056e-01
4.281640404277641809e-01
-2.270193851087302650e-01
-2.842265206763407437e-01
-2.581813057716629833e-01
-2.221441471072811424e+00
nan
-2.221441467085554233e+00
2.610459999999999864e-02
2.799937000000000120e-01
1.333500000000000241e-01
1.388881589776856718e+00
-1.082011278557169165e+00
-1.388881595313454564e+00
8.860460000000003333e-02
2.799937001121810543e-01
1.333499998878189818e-01
-1.675433652284102459e+00
-2.473465722349621476e+00
-3.071898359080256213e-01
2.073546000000000555e-01
2.799937003253250012e-01
1.333499992483870855e-01
-1.202659301712240225e+00
9.603931122342337368e-01
-8.483747502945545582e-01
1.698246491686006276e-02
2.062550520931762388e-01
1.147472591066196201e-01
-2.769787346397775796e+00
1.077756719866451052e+00
4.823935255261319749e-02
-1.733896701662798745e-01
1.325164037710204190e-01
9.614451932162761116e-02
6.420212313367197332e-01
1.634158545484035496e+00
1.891241329905852586e+00
-3.133849073177980560e-01
-1.963136325230119272e-02
7.728608447917001412e-02
1.689867052100970379e-01
6.902196977195111660e-02
-2.271198765969357325e+00
-3.832731986760470333e-01
-9.481715104994231647e-02
6.222665074902685584e-02
-1.829809013831943942e-01
-1.645556523917579339e+00
-9.220096684558082289e-01
-3.043083437500787580e-01
-1.621087210315808602e-01
6.290399551134502609e-02
-1.829809018272874066e-01
-1.645556524664490317e+00
-9.220096627324062544e-01
-3.043083436620959703e-01
-1.621087209308937349e-01
6.290399525718864959e-02
5.597347536266887857e-01
2.716802551851853043e+00
9.093161231652602261e-01
-1.982936815214679793e-01
-2.143256706626800179e-01
7.575866588994374651e-02
5.597347536266887857e-01
2.716802551851853043e+00
9.093161231652602261e-01
-1.863191736277926003e-01
-2.512102218448769020e-01
5.573662380123048377e-02
1.759669816359500094e-01
-2.455577939096479090e-01
4.409043550898367192e-01
-2.394112337954280023e-01
-2.627349542460846177e-01
7.069090284302874394e-02
1.759669816359500094e-01
-2.455577939096479090e-01
4.409043550898367192e-01
-2.450411528987493370e-01
-3.046369680723677309e-01
5.986194292981283915e-02
3.994969879954213265e-01
-5.433237350046931091e-01
4.286884610110293647e-01
-2.257232809363196036e-01
-2.471002682753927759e-01
3.125804636363227473e-02
3.994969879954213265e-01
-5.433237350046931091e-01
4.286884610110293647e-01
-2.271670557994245054e-01
-2.842116763875931484e-01
8.336440253143964640e-03
0.000000000000000000e+00
0.000000000000000000e+00
0.000000000000000000e+00
0.000000000000000000e+00
0.000000000000000000e+00
0.000000000000000000e+00
-8.003164753556316624e-01
-1.436485025738319635e-09
4.309455797196305673e-09
0.000000000000000000e+00
-0.000000000000000000e+00
0.000000000000000000e+00
-8.003164778946748603e-01
8.401484984327924066e-02
-3.300122501257756746e-01
0.000000000000000000e+00
0.000000000000000000e+00
0.000000000000000000e+00
5.895190658768409975e-01
6.207874329898122046e-01
-1.933601601058287656e-01
-2.584485525787319493e-02
4.786046179479756801e-02
7.486101813912346414e-02
6.231471045588313773e-01
7.857889662968094990e-01
-1.183507767559154322e+00
-5.168971051574639680e-02
9.572092387497194155e-02
1.497220363508984520e-01
-6.888081287734866276e-01
-6.305723476609557121e-01
-1.464092471577981280e+00
-2.466210620224758288e-01
2.727364265280516342e-01
1.646149859810193961e-01
-8.510379186483330027e-01
-8.042485642143453184e-01
1.711588280258886374e-01
-3.474912952550470169e-01
3.646085200789320191e-01
1.725026263528877390e-01
-2.776103050690040597e+00
8.370870856823353634e-01
1.544996432215395843e-01
-3.365197560637278595e-01
3.787025268988890025e-01
2.932809751249412233e-01
-2.776103050690040597e+00
8.370870856823358075e-01
1.544996432215389182e-01
-3.365197562920204111e-01
3.787025262069706466e-01
2.932809747717523563e-01
-3.766332301622453471e+00
-7.858520466857574771e-01
2.552498356626051734e+00
-3.176792308869256232e-01
4.307927495776370241e-01
3.495865208455400386e-01
-3.766332301622453471e+00
-7.858520466857574771e-01
2.552498356626051734e+00
-2.083203486679542360e-01
3.898372956213163598e-01
4.983415483543572888e-01
-4.249474701921220898e+00
-8.182039050315713657e-01
7.324612294011791036e+00
-3.144500717970727388e-01
4.103489728469877362e-01
5.183746121352407199e-01
-4.249474701921220898e+00
-8.182039050315713657e-01
7.324612294011791036e+00
-1.133766946787290175e-02
2.674601632287710862e-01
6.782678947433916639e-01
-2.369742125250465570e+00
1.305732372364178939e+00
-6.298742431023152122e-01
-3.498720864225541849e-01
3.030022410323974236e-01
4.635097607062126923e-01
-2.369742125250465570e+00
1.305732372364178939e+00
-6.298742431023152122e-01
-4.031825781769628469e-01
2.495898079297490801e-01
5.533527343776786234e-01
0.000000000000000000e+00
0.000000000000000000e+00
0.000000000000000000e+00
0.000000000000000000e+00
0.000000000000000000e+00
0.000000000000000000e+00
-7.966654303605656962e-01
-1.429931778835113506e-09
4.289796053202131331e-09
0.000000000000000000e+00
-0.000000000000000000e+00
0.000000000000000000e+00
-7.966654328793191242e-01
8.264527434660288996e-02
-3.275942314298934122e-01
0.000000000000000000e+00
0.000000000000000000e+00
0.000000000000000000e+00
5.932069436827025477e-01
6.209977508959008130e-01
-1.917790075041857500e-01
-2.569378435690499937e-02
4.754465325044640589e-02
7.447838944569527830e-02
6.241576220401623409e-01
7.892596911454532460e-01
-1.175481118234102507e+00
-5.138756871380999874e-02
9.508930678512350632e-02
1.489567789630960870e-01
-6.911510212300462364e-01
-6.257486689014657433e-01
-1.458902031280566280e+00
-2.451185984904504789e-01
2.714217005461062593e-01
1.644851881351407363e-01
-8.542472910107066220e-01
-8.007255309038473490e-01
1.715904284468869334e-01
-3.453838764208118084e-01
3.629735277696490847e-01
1.727174168642438556e-01
-2.776551702407023647e+00
8.374068004347166028e-01
1.551012804538157708e-01
-3.343796543412111966e-01
3.771017609869329879e-01
2.934302336122572297e-01
-2.776551702407023203e+00
8.374068004347161587e-01
1.551012804538153267e-01
-3.343796545696600675e-01
3.771017602949009451e-01
2.934302332590167373e-01
-3.741583538105853535e+00
-7.454764373565172519e-01
2.493931468605619983e+00
-3.155161501996501250e-01
4.292364277690485230e-01
3.496358949089592438e-01
-3.741583538105853535e+00
-7.454764373565172519e-01
2.493931468605619983e+00
-2.086026466960786419e-01
3.841858867477597750e-01
4.965692379063644801e-01
-2.580396653029963794e+00
1.057972159227099640e+00
-8.003431810951918690e-01
-3.122515875684904740e-01
4.087881366469234834e-01
5.184788915462094083e-01
-2.580396653029963794e+00
1.057972159227099640e+00
-8.003431810951918690e-01
-3.572443167100812778e-01
3.853509920955262014e-01
6.325590054487802982e-01
-2.370403791341141098e+00
1.306114389655991470e+00
-6.293457031870175467e-01
-3.476978895584507123e-01
3.014237908735225568e-01
4.636059927894388699e-01
-2.370403791341141098e+00
1.306114389655991470e+00
-6.293457031870175467e-01
-4.009920343680193899e-01
2.479989623520573727e-01
5.534607504047319715e-01
