-2.221441471072811424e+00
nan
-2.221441467085554233e+00
2.610459999999999864e-02
2.799937000000000120e-01
-1.333499999999999686e-01
1.461953504736799747e+00
-1.022996273085276187e+00
-1.461953510772793008e+00
8.860460000000003333e-02
2.799937001121810543e-01
-1.333500001121810108e-01
-2.313831007293431496e-01
-3.059384219374594149e+00
-5.404289576516817517e-01
2.073546000000000833e-01
2.799937003253250012e-01
-1.333500007516129071e-01
-1.132614821916192449e+00
-6.751681206245576661e-01
-1.205874121918748099e+00
1.765224086376415702e-01
8.959091232608260014e-02
-2.027845332114089905e-01
-2.075568901218500795e+00
8.806072468679473353e-01
-1.533406878288763764e+00
1.456902172752830571e-01
-1.008118757992215453e-01
-2.722190653255195936e-01
-5.035203548785420757e-01
-1.136051050112469651e+00
-2.709545868218969034e+00
8.425336346198891713e-02
-2.486463315592529477e-01
-4.044073276019383156e-01
3.409638596362782326e-01
8.846108339802954967e-01
-1.549347221885575943e+00
5.892568141516270341e-02
-3.228687226724501480e-01
-4.723308704981570849e-01
-1.649684153038223799e+00
-3.411700187695463904e-01
2.358623252721376407e+00
1.565579962780169754e-01
-3.175027324623763691e-01
-5.070180402239490292e-01
-1.649684153426224986e+00
-3.411700116601008026e-01
2.358623254557356663e+00
1.565579963734253510e-01
-3.175027325565558112e-01
-5.070180399699769636e-01
5.946153991025050489e-01
-1.347506148368107504e-01
1.235423431554645513e+00
2.633655527317132483e-01
-3.420319132178182842e-01
-5.530769824895173103e-01
5.946153991025050489e-01
-1.347506148368107504e-01
1.235423431554645513e+00
2.878992044844010945e-01
-3.700385391250253231e-01
-5.758469179655260062e-01
-4.977688963869281169e-01
-2.725551025807207317e+00
-1.233966216598647164e-01
2.588407231743113934e-01
-2.785531540964814035e-01
-5.562022220406167561e-01
-4.977688963869281169e-01
-2.725551025807207317e+00
-1.233966216598647164e-01
2.673894715567603497e-01
-3.202141363570639165e-01
-5.660013333670079749e-01
1.332745648296929541e+00
-2.613932447067786935e+00
-9.478112529040001455e-01
2.736657100955184330e-01
-2.931977663806433765e-01
-5.168003347402270187e-01
1.332745648296929541e+00
-2.613932447067786935e+00
-9.478112529040001455e-01
3.147917299578743000e-01
-2.905307130004112781e-01
-5.311627315164654251e-01
-2.221441471072811424e+00
nan
-2.221441467085554233e+00
2.610459999999999864e-02
2.799937000000000120e-01
1.333500000000000241e-01
1.462399211122781928e+00
-1.022622296846656509e+00
-1.462399217161846510e+00
8.860460000000003333e-02
2.799937001121810543e-01
1.333499998878189818e-01
-2.317737602361292504e-01
-3.059092985707843049e+00
-5.413709540016885535e-01
2.073546000000000833e-01
2.799937003253250012e-01
1.333499992483870855e-01
-1.132480146301373836e+00
-6.738910339437873542e-01
-1.205288560427119071e+00
1.764680395735549467e-01
8.964245668661161015e-02
6.379840379422976882e-02
-2.077726017086590549e+00
8.792614052398525226e-01
-1.532982090031113964e+00
1.455814791471098102e-01
-1.007087870783812678e-01
-5.753191314321573491e-03
-5.041431881389960568e-01
-1.138315883091608693e+00
-2.708598400442557619e+00
8.411254127791853441e-02
-2.487754281004890267e-01
-1.376663805474829250e-01
3.397124163473601022e-01
8.833748600596589284e-01
-1.549552084790422057e+00
5.876696135767225937e-02
-3.231120976723922400e-01
-2.054581472707665279e-01
-1.649637557558045309e+00
-3.410264729826221197e-01
2.358576514227491039e+00
1.563989150590674448e-01
-3.177584955249835308e-01
-2.401482475948632234e-01
-1.649637557945572208e+00
-3.410264658733067611e-01
2.358576516063387363e+00
1.563989151544720735e-01
-3.177584956191666365e-01
-2.401482473408911023e-01
5.946158257008208325e-01
-1.328051497353964772e-01
1.229284485120096138e+00
2.632023052146015285e-01
-3.423014660062482228e-01
-2.862095050462847845e-01
5.946158257008208325e-01
-1.328051497353964772e-01
1.229284485120096138e+00
2.875150254448667897e-01
-3.704701027809697012e-01
-3.090165360207159373e-01
1.391053519197257726e+00
-2.521305947809853620e+00
-4.388668367893786559e-01
2.586847805072712281e-01
-2.788222718860762783e-01
-2.893364762217502939e-01
1.391053519197257726e+00
-2.521305947809853620e+00
-4.388668367893786559e-01
2.997531169531769124e-01
-2.761165340505328802e-01
-3.038558373971327886e-01
1.332143498692256234e+00
-2.614148420678799045e+00
-9.477558537230312830e-01
2.735091810106765053e-01
-2.934674563079689991e-01
-2.499345809378506755e-01
1.332143498692256234e+00
-2.614148420678799045e+00
-9.477558537230312830e-01
3.146335962342221015e-01
-2.908170786122075135e-01
-2.643046573190402926e-01
0.000000000000000000e+00
0.000000000000000000e+00
0.000000000000000000e+00
0.000000000000000000e+00
0.000000000000000000e+00
0.000000000000000000e+00
4.861053633330709167e-01
8.725086848283984388e-10
-2.617526491795690446e-09
0.000000000000000000e+00
-0.000000000000000000e+00
0.000000000000000000e+00
4.861053562030610564e-01
3.270683035405119177e-01
-8.968839344045266282e-01
0.000000000000000000e+00
0.000000000000000000e+00
0.000000000000000000e+00
6.316763102944579211e-01
1.226035075098016236e+00
-5.690560817569610963e-01
-1.934790363611055553e-01
6.140539522954759771e-02
-8.247158255910455593e-02
-1.653552339522189829e+00
1.324625621594373692e+00
1.753385248367050897e-01
-3.869580727222111105e-01
1.228107902910556826e-01
-1.649431651794884268e-01
-1.765228870112318882e+00
9.973592291822754863e-01
-1.241545595290646231e-01
-5.361369564145914701e-01
-1.065416673717205359e-01
1.608896756757385860e-01
-1.646273295265804792e+00
6.933942772925121290e-01
1.636416273889443052e-01
-6.130961770767465735e-01
-2.232977190440224857e-01
3.171699807207186694e-01
-2.684880790505844494e+00
6.363111535194710955e-01
5.326419360447761653e-01
-6.380261614306143025e-01
-2.644255693620388703e-01
2.406384059304926826e-01
-2.684880790505843606e+00
6.363111535194709845e-01
5.326419360447766094e-01
-6.380261612188450338e-01
-2.644255686293357499e-01
2.406384061226440052e-01
-3.981281713599005734e+00
3.593478537292382313e+00
-4.501440376666515419e+00
-6.542687097863337797e-01
-3.311981550281725140e-01
2.385334926959767343e-01
-3.981281713599005734e+00
3.593478537292382313e+00
-4.501440376666515419e+00
-8.621621408877992998e-01
-5.322884533452594269e-01
2.618746092652589619e-01
-3.471282903882228599e+00
9.829567573945705572e-01
-1.627181485027089147e+00
-6.900687837262271529e-01
-3.419991646403752750e-01
7.097979124110143090e-02
-3.471282903882228599e+00
9.829567573945705572e-01
-1.627181485027089147e+00
-7.674908654034269251e-01
-3.899250173489919313e-01
2.071937967314081974e-01
-2.370045909074859125e+00
1.407152855196201757e-01
1.342125557284770121e+00
-6.571965887276111085e-01
-2.283133845823326624e-01
1.008655249185094471e-01
-2.370045909074859125e+00
1.407152855196201757e-01
1.342125557284770121e+00
-6.627971179949778691e-01
-2.071566419796975478e-01
8.875742633818906047e-02
0.000000000000000000e+00
0.000000000000000000e+00
0.000000000000000000e+00
0.000000000000000000e+00
0.000000000000000000e+00
0.000000000000000000e+00
4.870354907787359799e-01
8.741781670755712800e-10
-2.622534939373970815e-09
0.000000000000000000e+00
-0.000000000000000000e+00
0.000000000000000000e+00
4.870354836323537162e-01
3.283898863833807913e-01
-8.987489454203353434e-01
0.000000000000000000e+00
0.000000000000000000e+00
0.000000000000000000e+00
6.333445544052308529e-01
1.230080240090496435e+00
-5.692843138587455609e-01
-1.939180200087164685e-01
6.163335854034641265e-02
-8.256497593638692511e-02
-1.657332697241800545e+00
1.328125131141663084e+00
1.796298329022425477e-01
-3.878360400174329370e-01
1.232667169123704276e-01
-1.651299519342764310e-01
-1.770461308037990733e+00
9.963274691293135810e-01
-1.229550129350499565e-01
-5.364360757818426029e-01
-1.063989798393140118e-01
1.619041747710849855e-01
-1.651461760101419873e+00
6.930158464353299852e-01
1.651487546144297103e-01
-6.131189413178181891e-01
-2.233053137194847826e-01
3.187668695120982054e-01
-2.684976244277881285e+00
6.363435684055290809e-01
5.323719805875862798e-01
-6.380438712841941529e-01
-2.644708922944533080e-01
2.422651092533485984e-01
-2.684976244277880841e+00
6.363435684055287478e-01
5.323719805875868349e-01
-6.380438710724400941e-01
-2.644708915617535183e-01
2.422651094455181009e-01
-3.988286847034150817e+00
3.609737817168437335e+00
-4.529378002074463616e+00
-6.542886664114636597e-01
-3.312851419825171839e-01
2.401987515501772252e-01
-3.988286847034150817e+00
3.609737817168437335e+00
-4.529378002074463616e+00
-8.642024723730487024e-01
-5.323676238192955879e-01
2.647808094442567484e-01
-2.346661016207585604e+00
4.872062081226871122e-01
1.461511827017396792e+00
-6.900730387074206496e-01
-3.420859888809786309e-01
7.263332112423437348e-02
-2.346661016207585604e+00
4.872062081226871122e-01
1.461511827017396792e+00
-7.011014294574975381e-01
-3.161361482998660266e-01
4.627512315177034069e-02
-2.370176091699210730e+00
1.407347519081631471e-01
1.341861180606047643e+00
-6.572032102237694851e-01
-2.284007406071620061e-01
1.025218814742749757e-01
-2.370176091699210730e+00
1.407347519081631471e-01
1.341861180606047643e+00
-6.627820183020638467e-01
-2.072770957181490625e-01
9.045238525195427315e-02
