-2.221441471072811424e+00
nan
-2.221441467085554233e+00
2.610459999999999864e-02
2.799937000000000120e-01
-1.333499999999999686e-01
1.484476225100329172e+00
-1.003878472198501681e+00
-1.484476231291914639e+00
8.860460000000003333e-02
2.799937001121810543e-01
-1.333500001121810108e-01
-3.203271982410981211e-01
-3.029140034691011341e+00
-5.850443609894047103e-01
2.073546000000000833e-01
2.799937003253250012e-01
-1.333500007516129071e-01
-1.152661407632938451e+00
-5.724064501709895669e-01
-1.196156711772644377e+00
1.644771777391726975e-01
9.394588099429201922e-02
-2.080007581652789650e-01
-2.224432104511537833e+00
8.298461221834201318e-01
-1.520352688702893085e+00
1.215997554783453116e-01
-9.210193847376202392e-02
-2.826515152374553530e-01
-5.944265834147521854e-01
-1.272407706227451252e+00
-2.630719426483245638e+00
5.268941992191615575e-02
-2.530525503236772389e-01
-3.942289152727594947e-01
2.315561323597706556e-01
8.353436598679332414e-01
-1.589908416561806481e+00
2.346330499769858080e-02
-3.339441158258587561e-01
-4.522500436403008028e-01
-1.675500638657826613e+00
-1.771270131726507546e-01
2.497601813112353852e+00
1.195167191908893117e-01
-3.312858750182483547e-01
-4.913746890398454914e-01
-1.675500639118735036e+00
-1.771270057343566073e-01
2.497601814512244278e+00
1.195167192987844906e-01
-3.312858750675389818e-01
-4.913746887783050910e-01
4.559371163746001598e-01
9.659706894833340607e-02
8.731187039638542702e-01
2.254062382972565892e-01
-3.596712287086218929e-01
-5.373381791821343345e-01
4.559371163746001598e-01
9.659706894833340607e-02
8.731187039638542702e-01
2.354017604735889613e-01
-3.982528118961821684e-01
-5.551227820670405766e-01
-6.979760333981783749e-01
-2.677211136681089343e+00
1.534721033111477173e-01
2.184710855621954662e-01
-2.976817548444167794e-01
-5.503382888332262191e-01
-6.979760333981783749e-01
-2.677211136681089343e+00
1.534721033111477173e-01
2.221550590065707598e-01
-3.411594155747909030e-01
-5.512669877540959940e-01
1.383364631722691973e+00
-2.538966675507817072e+00
-7.444963313787792414e-01
2.352344953381944881e-01
-3.053610594480792861e-01
-5.097578748076632138e-01
1.383364631722691973e+00
-2.538966675507817072e+00
-7.444963313787792414e-01
2.758776697547993817e-01
-3.013527769608524420e-01
-5.251464150065914271e-01
-2.221441471072811424e+00
nan
-2.221441467085554233e+00
2.610459999999999864e-02
2.799937000000000120e-01
1.333500000000000241e-01
1.484942526005209151e+00
-1.003477888143249563e+00
-1.484942532200024701e+00
8.860460000000003333e-02
2.799937001121810543e-01
1.333499998878189818e-01
-3.209301395058724027e-01
-3.028738690613290263e+00
-5.860065117839081683e-01
2.073546000000000833e-01
2.799937003253250012e-01
1.333499992483870855e-01
-1.152549811319190542e+00
-5.708629458520686484e-01
-1.195441084706457824e+00
1.643926952107004624e-01
9.401210890444047785e-02
5.858287820290121461e-02
-2.226947649487621916e+00
8.280698609446122127e-01
-1.519567480292415951e+00
1.214307904214008416e-01
-9.196948265369103703e-02
-1.618424250118569163e-02
-5.948706657969574652e-01
-1.275017665212635709e+00
-2.629433842091204454e+00
5.253268543679741331e-02
-2.531624205650502279e-01
-1.274188499623318815e-01
2.300500673719808320e-01
8.338609468087038179e-01
-1.590041057717285655e+00
2.330991580440739883e-02
-3.341729374527554475e-01
-1.852754691912419927e-01
-1.675465173816268249e+00
-1.769668480834517832e-01
2.497533671598088478e+00
1.193634342857042702e-01
-3.315285152212865127e-01
-2.244007949844527838e-01
-1.675465174276630664e+00
-1.769668406452920006e-01
2.497533672997855891e+00
1.193634343935947306e-01
-3.315285152705810257e-01
-2.244007947229111621e-01
4.552355082693433364e-01
9.838682880289506549e-02
8.649881863722015396e-01
2.252490311872746842e-01
-3.599292099814654367e-01
-2.703638441946921156e-01
4.552355082693433364e-01
9.838682880289506549e-02
8.649881863722015396e-01
2.349059828101283387e-01
-3.986231344775564289e-01
-2.880913543711007829e-01
1.423443715436961021e+00
-2.400614862003178196e+00
-2.634142913128507124e-01
2.183217577576639368e-01
-2.979393407990487685e-01
-2.833662695814527233e-01
1.423443715436961021e+00
-2.400614862003178196e+00
-2.634142913128507124e-01
2.585403608091495498e-01
-2.937552935075311566e-01
-2.997887797872458848e-01
1.382782908265124622e+00
-2.539228734787508213e+00
-7.444172191190312482e-01
2.350844265365980013e-01
-3.056192539758614823e-01
-2.427856646327291312e-01
1.382782908265124622e+00
-2.539228734787508213e+00
-7.444172191190312482e-01
2.757274381092226778e-01
-3.016291123548455189e-01
-2.581793485570448299e-01
0.000000000000000000e+00
0.000000000000000000e+00
0.000000000000000000e+00
0.000000000000000000e+00
0.000000000000000000e+00
0.000000000000000000e+00
5.873003883336382902e-01
1.054143253863023255e-09
-3.162430289936713711e-09
0.000000000000000000e+00
-0.000000000000000000e+00
0.000000000000000000e+00
5.873003804423945207e-01
3.938762173404145028e-01
-9.816351978597009920e-01
0.000000000000000000e+00
0.000000000000000000e+00
0.000000000000000000e+00
7.919779885809936637e-01
1.281985172596168843e+00
-6.252859213028445495e-01
-2.120342458920760897e-01
8.593240511408026250e-02
-9.237755818419104981e-02
-1.631988051215841562e+00
1.437962559228362247e+00
3.782425723944389251e-01
-4.240684917841521795e-01
1.718648100276035096e-01
-1.847551164488546727e-01
-1.846154527276243851e+00
8.451960703695907684e-01
-4.693130486380270305e-02
-5.236342420363941930e-01
-3.629299620117065056e-02
1.770048414000938430e-01
-1.766051611078873540e+00
6.830978189579696158e-01
1.387128671579671568e-01
-5.764698184525429703e-01
-1.420373453050901014e-01
3.510449687565279642e-01
-2.692790489505297646e+00
6.574506827692272459e-01
5.161937735432566843e-01
-6.035645105964957402e-01
-1.978096438627963694e-01
2.807365005567770133e-01
-2.692790489505297202e+00
6.574506827692271349e-01
5.161937735432572394e-01
-6.035645103991023053e-01
-1.978096431028280311e-01
2.807365006185707501e-01
-4.566155749266117780e+00
3.105957013707095093e+00
-5.848441716109628707e+00
-6.191308957382063438e-01
-2.669201825362254588e-01
2.875551743808728578e-01
-4.566155749266117780e+00
3.105957013707095093e+00
-5.848441716109628707e+00
-9.000112483922575457e-01
-4.065856781179158497e-01
4.326790300592960326e-01
-3.743700542303315615e+00
6.235643627786487952e-01
-2.066157459014943409e+00
-6.596764071383164341e-01
-3.055066368276216915e-01
1.251900296106791821e-01
-3.743700542303315615e+00
6.235643627786487952e-01
-2.066157459014943409e+00
-7.500872037077054300e-01
-3.165950766922275283e-01
2.856601771117249222e-01
-2.331080348680790060e+00
3.078735410475981205e-01
1.380463173678685429e+00
-6.290327770085996084e-01
-1.875789161296734509e-01
1.348476728106647871e-01
-2.331080348680790060e+00
3.078735410475981205e-01
1.380463173678685429e+00
-6.393037877345145725e-01
-1.673444342387565287e-01
1.129910862456737219e-01
0.000000000000000000e+00
0.000000000000000000e+00
0.000000000000000000e+00
0.000000000000000000e+00
0.000000000000000000e+00
0.000000000000000000e+00
5.870726230696635684e-01
1.053734438849015575e-09
-3.161203844689788522e-09
0.000000000000000000e+00
-0.000000000000000000e+00
0.000000000000000000e+00
5.870726151562096762e-01
3.956481501024682323e-01
-9.841661852195990878e-01
0.000000000000000000e+00
0.000000000000000000e+00
0.000000000000000000e+00
7.929178829000126383e-01
1.286749945925014904e+00
-6.259311848106032805e-01
-2.126182664798957622e-01
8.617538322612697255e-02
-9.218690109160751489e-02
-1.634008990359273161e+00
1.441925808426530065e+00
3.826076715918228510e-01
-4.252365329597915800e-01
1.723507662518279082e-01
-1.843738022637889384e-01
-1.849867904440060551e+00
8.435279691908825761e-01
-4.475999944835296063e-02
-5.239549295969022635e-01
-3.576852590401774501e-02
1.783628631947762333e-01
-1.770195911247720799e+00
6.828516607465056065e-01
1.399765905195614335e-01
-5.763846368105194351e-01
-1.414876177223629850e-01
3.528718418295844761e-01
-2.692940189070842649e+00
6.574478503278989860e-01
5.158365373442165280e-01
-6.034715877135166107e-01
-1.973018654433201513e-01
2.826003917923270436e-01
-2.692940189070841761e+00
6.574478503278988750e-01
5.158365373442170831e-01
-6.034715875161386078e-01
-1.973018646833503698e-01
2.826003918541419857e-01
-4.573737236590173616e+00
3.116028115674794652e+00
-5.875071386430791520e+00
-6.190397795680429027e-01
-2.664579482134828425e-01
2.894675060459226401e-01
-4.573737236590173616e+00
3.116028115674794652e+00
-5.875071386430791520e+00
-9.016087683343412262e-01
-4.042742017789282549e-01
4.363520165749795732e-01
-2.316020544009061322e+00
6.695881332471717018e-01
1.442002934217447185e+00
-6.595648356570963378e-01
-3.050460428320523887e-01
1.270868170342800973e-01
-2.316020544009061322e+00
6.695881332471717018e-01
1.442002934217447185e+00
-6.765945620802988891e-01
-2.850855702424987537e-01
9.046657821096668051e-02
-2.331269710317635191e+00
3.078571472437741652e-01
1.380117050323408368e+00
-6.289236243483210531e-01
-1.871181038492541748e-01
1.367477833222249251e-01
-2.331269710317635191e+00
3.078571472437741652e-01
1.380117050323408368e+00
-6.391695424512023882e-01
-1.669128196643439033e-01
1.149334454231287772e-01
