-2.221441471072811424e+00
nan
-2.221441467085554233e+00
2.610459999999999864e-02
2.799937000000000120e-01
-1.333499999999999686e-01
1.510244209145319427e+00
-9.814462981431115729e-01
-1.510244215515921029e+00
8.860460000000003333e-02
2.799937001121810543e-01
-1.333500001121810108e-01
-5.825681143920162786e-01
2.939434596777811493e+00
6.238202009978499607e-01
2.073546000000000833e-01
2.799937003253250012e-01
-1.333500007516129071e-01
-3.952051408958305312e-01
-1.261357833148889496e+00
-1.464705769904746768e+00
2.855415745751541112e-01
1.068241704976080342e-01
-2.103182471005566878e-01
-9.049816862813407914e-01
7.224681368628372846e-01
-1.243311137664952382e+00
3.637285491503081114e-01
-6.634535947955563784e-02
-2.872864931132629307e-01
-7.159745217892142799e-01
-1.741187122849583713e-01
2.897630473181235899e+00
4.514025504783050202e-01
-5.260483815437613092e-02
-4.749769765290470236e-01
1.448026617843833019e+00
1.187346314329030816e+00
-1.164784339749962205e+00
5.001962612966178723e-01
-4.471633699195717154e-02
-5.661965349252012780e-01
-9.423970830145034228e-01
-1.407207670126853438e+00
6.944240797384814146e-01
6.027497983509164658e-01
-5.831279384512921132e-02
-5.583243752029627416e-01
-9.423970829395182935e-01
-1.407207667078204105e+00
6.944240847362588287e-01
6.027497983289852312e-01
-5.831279409327702612e-02
-5.583243753458474457e-01
3.209668788637302650e-01
-2.612776242726060794e+00
1.151344390761388947e+00
7.199495775557456234e-01
-6.053109135868314783e-02
-5.780791694880532683e-01
3.209668788637302650e-01
-2.612776242726060794e+00
1.151344390761388947e+00
7.540885095551589368e-01
-8.203360632447330436e-02
-5.614383673230310956e-01
-2.904922080269348728e-01
1.563186388377380664e+00
2.148185263818767066e+00
7.142753326799986535e-01
-6.733132673886071951e-02
-5.149811995664761444e-01
-2.904922080269348728e-01
1.563186388377380664e+00
2.148185263818767066e+00
7.531018415707497748e-01
-6.448652786827516192e-02
-5.347080962142597427e-01
-2.802373336176900986e-01
1.086820944748452922e+00
2.304772751012449827e+00
7.108951429575977032e-01
-1.058337469722395313e-01
-5.371823613066392111e-01
-2.802373336176900986e-01
1.086820944748452922e+00
2.304772751012449827e+00
7.517366272101703162e-01
-9.753582963352212809e-02
-5.501383968305438854e-01
-2.221441471072811424e+00
nan
-2.221441467085554233e+00
2.610459999999999864e-02
2.799937000000000120e-01
1.333500000000000241e-01
1.510264744325612085e+00
-9.814281788718238753e-01
-1.510264750696356684e+00
8.860460000000003333e-02
2.799937001121810543e-01
1.333499998878189818e-01
-5.825704303231368231e-01
2.939418737977041562e+00
6.238618306965941773e-01
2.073546000000000833e-01
2.799937003253250012e-01
1.333499992483870855e-01
-3.952096056030657834e-01
-1.261319292773405376e+00
-1.464680832213911321e+00
2.855422518531800513e-01
1.068266807486031589e-01
5.637679333489270528e-02
-9.050079316769041871e-01
7.224904429225917912e-01
-1.243281005486858382e+00
3.637299037063600471e-01
-6.634033897757521392e-02
-2.059641224236850865e-02
-7.159191092987250427e-01
-1.741299233813017877e-01
2.897646144831921067e+00
4.513967922153133694e-01
-5.259765950240029297e-02
-2.082900600304634087e-01
1.448024819793175322e+00
1.187357972689074392e+00
-1.164787595456768354e+00
5.001870259337938274e-01
-4.470800632422653603e-02
-2.995113786266347389e-01
-9.423900236215290160e-01
-1.407201168495749055e+00
6.944283949741749673e-01
6.027406698346124969e-01
-5.830422300557869253e-02
-2.916401960841060736e-01
-9.423900235465273445e-01
-1.407201165447109936e+00
6.944283999719517153e-01
6.027406698126807072e-01
-5.830422325372634773e-02
-2.916401962269908887e-01
3.207483821383049771e-01
-2.612850541710876939e+00
1.151396802674490516e+00
7.199402700576108538e-01
-6.052220418042742606e-02
-3.113960877076953904e-01
3.207483821383049771e-01
-2.612850541710876939e+00
1.151396802674490516e+00
7.540747066079578342e-01
-8.202815686197814649e-02
-2.947505067548045199e-01
-3.469361476197891925e-01
1.525714454767233441e+00
2.087308158890231802e+00
7.142666309139787950e-01
-6.732254536480232476e-02
-2.482980747199321214e-01
-3.469361476197891925e-01
1.525714454767233441e+00
2.087308158890231802e+00
7.545190258038946274e-01
-6.566378216958183855e-02
-2.650830184165449133e-01
-2.801688792892145785e-01
1.086869930224861669e+00
2.304886658594643034e+00
7.108863284071185173e-01
-1.058249415633105706e-01
-2.704992609705632600e-01
-2.801688792892145785e-01
1.086869930224861669e+00
2.304886658594643034e+00
7.517258136654179079e-01
-9.752359673837340814e-02
-2.834594015000728162e-01
0.000000000000000000e+00
0.000000000000000000e+00
0.000000000000000000e+00
0.000000000000000000e+00
0.000000000000000000e+00
0.000000000000000000e+00
-6.117308273312257461e-01
-1.097993356757198184e-09
3.293980620597369680e-09
0.000000000000000000e+00
-0.000000000000000000e+00
0.000000000000000000e+00
-6.117308339862916888e-01
3.630885428841735818e-01
-8.169066556223096853e-01
-0.000000000000000000e+00
0.000000000000000000e+00
0.000000000000000000e+00
-1.022873052380660175e+00
1.273691684903509813e+00
-4.121730592203894372e-01
-1.694096298824361024e-01
-1.109553094429172743e-01
7.754434623150877059e-02
-9.113670779866178684e-01
1.296644723749724726e+00
-3.505431257121136013e-01
-3.388192597648722049e-01
-2.219106186801477199e-01
1.550886925544386619e-01
-1.485062340277856663e+00
1.203895152799687729e+00
7.219768282433424167e-01
-5.773704894897411233e-01
-4.236990645858904614e-01
2.888400255232370650e-02
-1.582648887288420791e+00
3.972196727879776512e-01
6.000175657896253956e-01
-6.928845887322363506e-01
-5.239378668819673068e-01
-4.157342538649913544e-02
-2.672817894760391777e+00
5.417533134698842012e-01
5.163345961985583710e-01
-6.815994990788301067e-01
-4.499450783905734608e-01
-6.079129050871959206e-02
-2.672817894760391777e+00
5.417533134698837571e-01
5.163345961985581489e-01
-6.815994990281112331e-01
-4.499450787838019106e-01
-6.079128983358456084e-02
-2.681858532924129790e+00
4.977756452191032244e-01
4.780556279190881774e-01
-6.911563405887846123e-01
-4.422317453927878672e-01
-1.183555539407451507e-01
-2.681858532924129790e+00
4.977756452191032244e-01
4.780556279190881774e-01
-6.725935562603169160e-01
-3.812831595383541217e-01
-7.768237960351118132e-02
-2.584979032096999418e+00
1.373867798923659178e+00
8.092177006081718860e-01
-6.534616095214682563e-01
-2.765121711999941612e-01
-9.710572216514862243e-02
-2.584979032096999418e+00
1.373867798923659178e+00
8.092177006081718860e-01
-6.828658191993011162e-01
-2.960866871556429580e-01
-1.578019579057717003e-01
-2.650516197055588385e+00
8.738024396699968221e-01
7.993031501558240937e-01
-6.456090308532136390e-01
-3.375971424789622199e-01
7.635464608478415016e-03
-2.650516197055588385e+00
8.738024396699968221e-01
7.993031501558240937e-01
-6.635625977710220003e-01
-3.392925974645782938e-01
-5.004568827926209051e-02
0.000000000000000000e+00
0.000000000000000000e+00
0.000000000000000000e+00
0.000000000000000000e+00
0.000000000000000000e+00
0.000000000000000000e+00
-6.115665493682522769e-01
-1.097698494860514870e-09
3.293096034759531926e-09
0.000000000000000000e+00
-0.000000000000000000e+00
0.000000000000000000e+00
-6.115665560232822484e-01
3.631112898437517944e-01
-8.168933533119787649e-01
-0.000000000000000000e+00
0.000000000000000000e+00
0.000000000000000000e+00
-1.022844392413088332e+00
1.273993705660373621e+00
-4.120036718920831453e-01
-1.694088273877269180e-01
-1.109452115565203456e-01
7.751233866508977499e-02
-9.115267395065562717e-01
1.296909222118823868e+00
-3.504828580970530405e-01
-3.388176547754538914e-01
-2.218904229074116774e-01
1.550246774215820189e-01
-1.485147384403152859e+00
1.204151561432310613e+00
7.219947181198805852e-01
-5.774227039445853915e-01
-4.237039433468793304e-01
2.880186142576801611e-02
-1.582755514833974031e+00
3.972885772927443604e-01
6.000035802814833730e-01
-6.929632850905182995e-01
-5.239547550212124705e-01
-4.166627247040037563e-02
-2.672805820963720436e+00
5.418037772843876665e-01
5.163401960715185979e-01
-6.816783754894916170e-01
-4.499640439323568386e-01
-6.089017681865568909e-02
-2.672805820963720436e+00
5.418037772843871114e-01
5.163401960715183758e-01
-6.816783754387787386e-01
-4.499640443255845113e-01
-6.089017614352251750e-02
-2.681853635354433329e+00
4.977924486007656579e-01
4.780319202782183918e-01
-6.912369593600693474e-01
-4.422528415035683613e-01
-1.184611299207725399e-01
-2.681853635354433329e+00
4.977924486007656579e-01
4.780319202782183918e-01
-6.726703830013732732e-01
-3.812944794606941690e-01
-7.777717729200003816e-02
-2.628702514676960256e+00
9.595995034805008261e-01
6.633938841239963580e-01
-6.535389280836663151e-01
-2.765336330464922554e-01
-9.721113929966765377e-02
-2.628702514676960256e+00
9.595995034805008261e-01
6.633938841239963580e-01
-6.707461650798034469e-01
-2.939530641591754367e-01
-1.401977124324615964e-01
-2.650079807081769268e+00
8.801424510436848259e-01
8.046692229745249225e-01
-6.456872798520916223e-01
-3.376184789486522675e-01
7.529750047337413488e-03
-2.650079807081769268e+00
8.801424510436848259e-01
8.046692229745249225e-01
-6.637738863935304101e-01
-3.391016087933722556e-01
-5.041404089945333844e-02
