-2.221441471072811424e+00
nan
-2.221441467085554233e+00
2.610459999999999864e-02
2.799937000000000120e-01
-1.333499999999999686e-01
1.407559090693715653e+00
-1.067353144397081621e+00
-1.407559096357196005e+00
8.860460000000003333e-02
2.799937001121810543e-01
-1.333500001121810108e-01
-1.652979622292372275e+00
-2.468196487071917300e+00
-3.392827787921247618e-01
2.073546000000000833e-01
2.799937003253250012e-01
-1.333500007516129071e-01
-1.212186912752681200e+00
9.321634666945142200e-01
-8.683661022209417935e-01
1.779356408172955151e-02
2.048397899686759671e-01
-1.544095216316552777e-01
-2.802481743289430671e+00
1.028879118961287809e+00
3.324322191256006472e-03
-1.717674718365409803e-01
1.296858795127437403e-01
-1.754690421573915082e-01
6.395251653264274472e-01
1.658815626460030002e+00
1.940238415146385842e+00
-3.057076100885220415e-01
-2.781888719187244896e-02
-1.943247529730746659e-01
1.511173867823224493e-01
1.089356729726341372e-01
-2.277274182641352951e+00
-3.724482317108133156e-01
-1.058096405900097875e-01
-2.093977191662658166e-01
-1.179982725358704049e-01
-1.627087074011649648e+00
-9.986310682391357219e-01
-2.937646913886459710e-01
-1.733679278225699061e-01
-2.123710688888483245e-01
-1.179982729920848045e-01
-1.627087075012463968e+00
-9.986310625406210617e-01
-2.937646912938055577e-01
-1.733679277014386622e-01
-2.123710691313495658e-01
6.711926269777963583e-01
2.660909890926300481e+00
1.046264269458583973e+00
-1.883002532298897469e-01
-2.270787236610190551e-01
-2.012641484775045397e-01
6.711926269777963583e-01
2.660909890926300481e+00
1.046264269458583973e+00
-1.789214200304505009e-01
-2.622092802805495171e-01
-2.254017250756028545e-01
3.012198540219939713e-01
-2.333512775738985356e-01
4.204192813316433297e-02
-2.294444538274037215e-01
-2.746591123484146690e-01
-2.114157707078622717e-01
3.012198540219939713e-01
-2.333512775738985356e-01
4.204192813316433297e-02
-2.506291469485953938e-01
-3.092180987607542342e-01
-2.275906388718586526e-01
4.654800377402600331e-01
-5.959046261874593187e-01
4.361689752199176540e-01
-2.146924925813027407e-01
-2.558527382721722532e-01
-2.490382847453103121e-01
4.654800377402600331e-01
-5.959046261874593187e-01
4.361689752199176540e-01
-2.145061933779985053e-01
-2.912399781127061882e-01
-2.745813791875539311e-01
-2.221441471072811424e+00
nan
-2.221441467085554233e+00
2.610459999999999864e-02
2.799937000000000120e-01
1.333500000000000241e-01
1.405945949500275960e+00
-1.068630477121551570e+00
-1.405945955152777094e+00
8.860460000000003333e-02
2.799937001121810543e-01
1.333499998878189818e-01
-1.653012401753915617e+00
-2.470134197155549938e+00
-3.367099328404106751e-01
2.073546000000000833e-01
2.799937003253250012e-01
1.333499992483870855e-01
-1.210436075984667514e+00
9.344686666052708368e-01
-8.637316683921081317e-01
1.784880924362927668e-02
2.046633079640276520e-01
1.124242434317955924e-01
-2.798848864950496562e+00
1.029943645858947932e+00
9.162222787176526467e-03
-1.716569815127415854e-01
1.293329155042468870e-01
9.149848796973338028e-02
6.406206634462416893e-01
1.656102927938594371e+00
1.940185870259562240e+00
-3.058375479586145085e-01
-2.793078147060698568e-02
7.234241316130632371e-02
1.527852895474324513e-01
1.097694350434808980e-01
-2.276953284401449729e+00
-3.727128108709346077e-01
-1.057774163707580206e-01
5.712192876918997797e-02
-1.178701423712259916e-01
-1.627012621612214938e+00
-9.983852800321555421e-01
-2.940128561669210772e-01
-1.733164281576813903e-01
5.414509883920477773e-02
-1.178701428271068247e-01
-1.627012622613047688e+00
-9.983852743337264801e-01
-2.940128560721315676e-01
-1.733164280365387389e-01
5.414509859668933250e-02
6.998982554829670244e-01
2.659748808109743123e+00
1.051556665414737024e+00
-1.885342018241150663e-01
-2.270006422684617831e-01
6.524553216878017925e-02
6.998982554829670244e-01
2.659748808109743123e+00
1.051556665414737024e+00
-1.799750960509743369e-01
-2.620916531781671277e-01
4.074851630339094977e-02
2.479303174606143911e-01
-2.936564934323463993e-01
4.586118431674725548e-01
-2.296675371726981385e-01
-2.745916868739224914e-01
5.509983057539295792e-02
2.479303174606143911e-01
-2.936564934323463993e-01
4.586118431674725548e-01
-2.338877414275157274e-01
-3.156386247796344469e-01
4.088434995663627752e-02
4.654423662497217951e-01
-5.958341524669297229e-01
4.366842576190534397e-01
-2.149234796233246980e-01
-2.557835340488049947e-01
1.747510754268757210e-02
4.654423662497217951e-01
-5.958341524669297229e-01
4.366842576190534397e-01
-2.147186990211077395e-01
-2.911752579063143775e-01
-8.061632106468104297e-03
0.000000000000000000e+00
0.000000000000000000e+00
0.000000000000000000e+00
0.000000000000000000e+00
0.000000000000000000e+00
0.000000000000000000e+00
-7.953740680236776051e-01
-1.427613917442946378e-09
4.282842467863893036e-09
0.000000000000000000e+00
-0.000000000000000000e+00
0.000000000000000000e+00
-7.953740709873380332e-01
1.071344404278999074e-01
-3.823245378274506279e-01
0.000000000000000000e+00
0.000000000000000000e+00
0.000000000000000000e+00
6.032000239706517553e-01
6.616171261195775699e-01
-2.269481983974973860e-01
-3.098938402819455262e-02
5.572363859214334025e-02
8.008398714102231419e-02
6.511712795574319257e-01
7.982602037901614933e-01
-1.146377591904680138e+00
-6.197876805638909831e-02
1.114472774660925924e-01
1.601679743610118778e-01
-6.384601952898223409e-01
-7.087579792064296891e-01
-1.437633069446643486e+00
-2.575904667830710149e-01
2.772715479535918792e-01
1.645244759462810291e-01
-7.513040875740669700e-01
-9.074143085172919898e-01
8.991156245314768647e-02
-3.590294679195585870e-01
3.635965837339217854e-01
1.670155194796600628e-01
-2.778698324221024141e+00
8.333218312708516873e-01
1.665241766551871505e-01
-3.502571366753232662e-01
3.684372539832695970e-01
2.891709071601173964e-01
-2.778698324221023253e+00
8.333218312708519093e-01
1.665241766551867619e-01
-3.502571368975759825e-01
3.684372533252251447e-01
2.891709067444975245e-01
-3.946174594008144076e+00
-1.169669821325260983e+00
2.628107103999222094e+00
-3.320573513638699348e-01
4.168624138483155162e-01
3.505311868085873583e-01
-3.946174594008144076e+00
-1.169669821325260983e+00
2.628107103999222094e+00
-2.114974910379127659e-01
3.462599004746444997e-01
5.001326349665704551e-01
-4.421801182201234859e+00
-1.383536385326072260e+00
7.055050356196607808e+00
-3.325936347401391990e-01
3.818026140400588853e-01
5.170290937081337690e-01
-4.421801182201234859e+00
-1.383536385326072260e+00
7.055050356196607808e+00
-6.639972670922789089e-02
1.608214861199715462e-01
6.405322669367576882e-01
-2.350872763077396232e+00
1.363808393284281495e+00
-5.652881604609027999e-01
-3.670770129937545034e-01
2.797175555317764073e-01
4.524787222173679013e-01
-2.350872763077396232e+00
1.363808393284281495e+00
-5.652881604609027999e-01
-4.219168872977836493e-01
2.195636777888611280e-01
5.354155441018378925e-01
0.000000000000000000e+00
0.000000000000000000e+00
0.000000000000000000e+00
0.000000000000000000e+00
0.000000000000000000e+00
0.000000000000000000e+00
-7.925095872665210983e-01
-1.422472471726309800e-09
4.267418128137036932e-09
0.000000000000000000e+00
-0.000000000000000000e+00
0.000000000000000000e+00
-7.925095902001798587e-01
1.052045990444032131e-01
-3.787248238773458509e-01
0.000000000000000000e+00
0.000000000000000000e+00
0.000000000000000000e+00
6.071286634895186607e-01
6.615743993093201603e-01
-2.241728826666851138e-01
-3.073097533002934131e-02
5.518668506110772226e-02
7.963693911298705408e-02
6.525900387956189430e-01
8.015064624481047506e-01
-1.139615615607559196e+00
-6.146195066005868263e-02
1.103733704031833185e-01
1.592738783040231476e-01
-6.404864449815743654e-01
-7.037085983517514798e-01
-1.433913530592169971e+00
-2.560358332548711702e-01
2.757887028383709249e-01
1.641917473353752266e-01
-7.545127613229536401e-01
-9.037569080747955841e-01
9.025792828229020626e-02
-3.569503906114556702e-01
3.619335332510513203e-01
1.669907642479179222e-01
-2.779084993548427196e+00
8.336978140134103654e-01
1.668374748301941213e-01
-3.481641287159468190e-01
3.667907719480835715e-01
2.890754382572187087e-01
-2.779084993548426752e+00
8.336978140134110316e-01
1.668374748301936217e-01
-3.481641289383424764e-01
3.667907712899270978e-01
2.890754378415270609e-01
-3.919546727681890275e+00
-1.124295606677192305e+00
2.573115700628321179e+00
-3.299531829939919558e-01
4.152376119752317907e-01
3.503311085322556306e-01
-3.919546727681890275e+00
-1.124295606677192305e+00
2.573115700628321179e+00
-2.121180645571509316e-01
3.412439830502810301e-01
4.974949305322680648e-01
-2.557816158516547755e+00
1.132448320770624628e+00
-7.614880270041275434e-01
-3.304716625275253006e-01
3.801792631271280198e-01
5.168834381857790872e-01
-2.557816158516547755e+00
1.132448320770624628e+00
-7.614880270041275434e-01
-3.778267114435652219e-01
3.470323121109487596e-01
6.266531224403116829e-01
-2.351453820953365526e+00
1.364253741276406195e+00
-5.650381896587119979e-01
-3.649772165963147685e-01
2.780768212908093506e-01
4.523218943645293533e-01
-2.351453820953365526e+00
1.364253741276406195e+00
-5.650381896587119979e-01
-4.198134847800251146e-01
2.179126484073570513e-01
5.352645259566807256e-01
