-2.221441471072811424e+00
nan
-2.221441467085554233e+00
2.610459999999999864e-02
2.799937000000000120e-01
-1.333499999999999686e-01
1.544954137219277213e+00
-9.502557456123122970e-01
-1.544954143832764526e+00
8.860460000000003333e-02
2.799937001121810543e-01
-1.333500001121810108e-01
-1.332425505235952379e+00
-2.533302770583450769e+00
-6.037772912298943195e-01
2.073546000000000833e-01
2.799937003253250012e-01
-1.333500007516129071e-01
-1.263622186225142441e+00
5.643476318556212012e-01
-1.015290333210870921e+00
3.843814310912802013e-02
1.763245995795600929e-01
-1.857422534422409066e-01
-2.996646715661597238e+00
6.265987967915087609e-01
-4.800073197030030880e-01
-1.304783137817440430e-01
7.265549866782944344e-02
-2.381345058044707363e-01
7.577050074998034068e-01
1.936603937952014132e+00
2.307521690527520430e+00
-2.136498909643252675e-01
-1.172687753456887472e-01
-2.488353884503098912e-01
-1.796819731622526228e-01
4.083661081240606006e-01
-2.149823727081313862e+00
-2.535180531944105087e-01
-2.124440644553599045e-01
-2.596176184277364518e-01
5.406091903674855592e-01
-1.298317221404093447e+00
-1.712528197594225920e+00
-1.736289442664282756e-01
-2.674455266751735172e-01
-2.964501031168721989e-01
5.406091898145555241e-01
-1.298317224950860771e+00
-1.712528192623296475e+00
-1.736289441210983053e-01
-2.674455264321194403e-01
-2.964501031646031848e-01
-1.474230289939179706e+00
-1.116793010084593085e+00
-1.757664715005685441e+00
-7.177050602649219513e-02
-3.274726703554386997e-01
-3.088016847028688394e-01
-1.474230289939179706e+00
-1.116793010084593085e+00
-1.757664715005685441e+00
-9.688081987376130633e-02
-3.121250191022546527e-01
-3.410299776162746821e-01
1.280413231054799983e+00
4.694008570116040002e-01
-1.408683369076984215e+00
-1.071695764615375468e-01
-3.457129704505880197e-01
-3.585409180014791919e-01
1.280413231054799983e+00
4.694008570116040002e-01
-1.408683369076984215e+00
-1.440351337136162035e-01
-3.238236057027333858e-01
-3.503844773538014046e-01
1.037165407560939556e+00
-1.205763000619739067e+00
3.995106877793360156e-01
-8.458623164869633060e-02
-3.080013265299082481e-01
-3.659286158068968398e-01
1.037165407560939556e+00
-1.205763000619739067e+00
3.995106877793360156e-01
-6.672296748070730144e-02
-3.200984073887740422e-01
-4.038667964771491259e-01
-2.221441471072811424e+00
nan
-2.221441467085554233e+00
2.610459999999999864e-02
2.799937000000000120e-01
1.333500000000000241e-01
1.543630705715620000e+00
-9.514659610467260942e-01
-1.543630712319809195e+00
8.860460000000003333e-02
2.799937001121810543e-01
1.333499998878189818e-01
-1.334164786692312088e+00
-2.533747118842808455e+00
-6.013377023213183348e-01
2.073546000000000833e-01
2.799937003253250012e-01
1.333499992483870855e-01
-1.263482749640085112e+00
5.672065207614505056e-01
-1.012463438992242004e+00
3.833011381414977436e-02
1.763656371491970354e-01
8.122565184744838518e-02
-2.995520636600935482e+00
6.277838683020694477e-01
-4.747644442856691627e-01
-1.306943723717004791e-01
7.273757380772814807e-02
2.910130477522289427e-02
7.574753602773967032e-01
1.934593244361628939e+00
2.307890192391436113e+00
-2.140032739040996779e-01
-1.171140588424428169e-01
1.818184940741434524e-02
-1.779619113843477762e-01
4.089766557078656217e-01
-2.149875676391003410e+00
-2.539556792707245436e-01
-2.122409521962244916e-01
7.284970667191047189e-03
5.409314059729689594e-01
-1.298416071675722705e+00
-1.712330534713160324e+00
-1.740466689761575869e-01
-2.672275025912773661e-01
-2.952660155398847269e-02
5.409314054198561816e-01
-1.298416075222896815e+00
-1.712330529742395191e+00
-1.740466688308641707e-01
-2.672275023481957001e-01
-2.952660160169005149e-02
-1.475067859497313671e+00
-1.113653423602016357e+00
-1.755244767211933343e+00
-7.217331631950797688e-02
-3.272347611509251464e-01
-4.185177601178305395e-02
-1.475067859497313671e+00
-1.113653423602016357e+00
-1.755244767211933343e+00
-9.738465296238543734e-02
-3.118388712421014120e-01
-7.397803012278836299e-02
8.878951760628537304e-01
-8.800936708668364306e-01
5.426677705093305715e-01
-1.075566141087055672e-01
-3.454833337399776938e-01
-9.159919705431592007e-02
8.878951760628537304e-01
-8.800936708668364306e-01
5.426677705093305715e-01
-9.483796420796443416e-02
-3.662268837229970542e-01
-1.278301534785445948e-01
1.037076455402484720e+00
-1.206048720017947495e+00
4.000526763293396626e-01
-8.497894194948639457e-02
-3.077673992896001742e-01
-9.898232900530021250e-02
1.037076455402484720e+00
-1.206048720017947495e+00
4.000526763293396626e-01
-6.709457068722352036e-02
-3.198684652490128566e-01
-1.369092929202972986e-01
0.000000000000000000e+00
0.000000000000000000e+00
0.000000000000000000e+00
0.000000000000000000e+00
0.000000000000000000e+00
0.000000000000000000e+00
-4.430538528356633976e-01
-7.952356908700256394e-10
2.385707471190537611e-09
0.000000000000000000e+00
-0.000000000000000000e+00
0.000000000000000000e+00
-4.430538601261137521e-01
4.437547941471322588e-01
-8.780622482196892564e-01
0.000000000000000000e+00
0.000000000000000000e+00
0.000000000000000000e+00
6.513747625107043637e-01
1.115438497494770864e+00
-5.386069834986215721e-01
-1.142772369793739889e-01
1.251065741036177792e-01
1.208884828168859255e-01
6.643694681112750633e-01
1.114540018795822540e+00
-5.787250360577655961e-01
-2.285544739587480056e-01
2.502131483527336719e-01
2.417769657073036149e-01
-2.147672708685069154e-01
-9.841795764654246437e-01
-8.164850423148826142e-01
-3.503949682306917723e-01
3.054559620684416110e-01
2.082951279958747404e-01
-2.368508606741192568e-01
-9.665140465123708280e-01
-8.907637208481908875e-01
-4.174925176541963157e-01
3.356920500877608737e-01
1.894982340740198057e-01
-2.773404782432882243e+00
7.798338172062260210e-01
2.787021079497391529e-01
-4.308867109732071321e-01
2.558059244644368402e-01
2.797393236813693895e-01
-2.773404782432881799e+00
7.798338172062264650e-01
2.787021079497391529e-01
-4.308867110781687826e-01
2.558059243725633869e-01
2.797393228939488163e-01
-4.526820430859253896e+00
-2.377251531343131496e+00
1.413995309481285156e-01
-4.237892005120571515e-01
2.499381504731624515e-01
3.667862363326885311e-01
-4.526820430859253896e+00
-2.377251531343131496e+00
1.413995309481285156e-01
-3.493445925194437751e-01
1.004958690610763261e-01
2.376166430281453079e-01
-4.092747726235550942e+00
-1.825620702982109211e+00
1.307757778066751531e+00
-4.574939265940692890e-01
1.021253274185431881e-01
4.449793640725002719e-01
-4.092747726235550942e+00
-1.825620702982109211e+00
1.307757778066751531e+00
-5.010104805090616065e-01
8.729636209433069838e-02
2.880891917256105383e-01
-2.204598837521012822e+00
1.602286692519689471e+00
2.842756993891281114e-01
-4.737654178289777973e-01
8.793027679772374983e-02
3.227784544787985488e-01
-2.204598837521012822e+00
1.602286692519689471e+00
2.842756993891281114e-01
-5.311143537336098230e-01
9.369899709151224831e-03
3.208255944163191931e-01
0.000000000000000000e+00
0.000000000000000000e+00
0.000000000000000000e+00
0.000000000000000000e+00
0.000000000000000000e+00
0.000000000000000000e+00
-4.468169321974649333e-01
-8.019900278358999594e-10
2.405970485473505175e-09
0.000000000000000000e+00
-0.000000000000000000e+00
0.000000000000000000e+00
-4.468169394630899793e-01
4.404859401458967039e-01
-8.757270995098057620e-01
0.000000000000000000e+00
0.000000000000000000e+00
0.000000000000000000e+00
6.557089861393732289e-01
1.116439046303058014e+00
-5.357263972503696348e-01
-1.137099453624433321e-01
1.247292816564716106e-01
1.207556837360966029e-01
6.708924191234781897e-01
1.115484814174098283e+00
-5.830648648086981245e-01
-2.274198907248866641e-01
2.494585634598179003e-01
2.415113675460702491e-01
-2.114933763958386503e-01
-9.854805394007788433e-01
-8.237325024048509636e-01
-3.502961938916114848e-01
3.053588366963872480e-01
2.070711609877718129e-01
-2.317645385370412647e-01
-9.691281330455230325e-01
-8.921623674815879479e-01
-4.179166458612213475e-01
3.359643138691843500e-01
1.878175508581499675e-01
-2.773506782821741901e+00
7.798816157541765826e-01
2.787384776855014179e-01
-4.312984465801348866e-01
2.561408850130080794e-01
2.780035532964921785e-01
-2.773506782821741457e+00
7.798816157541772487e-01
2.787384776855011959e-01
-4.312984466850927623e-01
2.561408849212064576e-01
2.780035525089918358e-01
-4.506343531029235017e+00
-2.341671857909080057e+00
1.426515562625696454e-01
-4.241842916497354787e-01
2.503529532910862554e-01
3.649849370580501851e-01
-4.506343531029235017e+00
-2.341671857909080057e+00
1.426515562625696454e-01
-3.511513941534992744e-01
1.019845794941901806e-01
2.365690906460861109e-01
-2.347510254430556831e+00
1.621389945700767221e+00
-5.351246426825839730e-02
-4.578948114085834575e-01
1.025154570404788468e-01
4.431922603611530564e-01
-2.347510254430556831e+00
1.621389945700767221e+00
-5.351246426825839730e-02
-5.177493583552135181e-01
1.678230900842148099e-02
4.712660655876340643e-01
-2.204865290136459155e+00
1.602447391944964217e+00
2.844302819953469230e-01
-4.741656624370277906e-01
8.833155646329904354e-02
3.209789488990709150e-01
-2.204865290136459155e+00
1.602447391944964217e+00
2.844302819953469230e-01
-5.314997172437254669e-01
9.794566928298831243e-03
3.190014051208431289e-01
