-2.221441471072811424e+00
nan
-2.221441467085554233e+00
2.610459999999999864e-02
2.799937000000000120e-01
-1.333499999999999686e-01
1.472117683349565276e+00
-1.014424405029909604e+00
-1.472117689455674894e+00
8.860460000000003333e-02
2.799937001121810543e-01
-1.333500001121810108e-01
-1.544289828614505033e+00
-2.471316492386788521e+00
-4.548907223129602384e-01
2.073546000000000833e-01
2.799937003253250012e-01
-1.333500007516129071e-01
-1.240432940264378336e+00
8.082809439009380759e-01
-9.287874236720721211e-01
2.309973383542479608e-02
1.960215770252029532e-01
-1.653472944362913699e-01
-2.904563138838300418e+00
8.473871910219317183e-01
-1.681759433719125507e-01
-1.611551323291504356e-01
1.120494535940627923e-01
-1.973445877771322909e-01
6.590041110314204253e-01
1.764046176612356520e+00
2.117056411538289051e+00
-2.722229406571050614e-01
-6.250912993542465101e-02
-2.145635560796665398e-01
3.908587301711625300e-02
2.542094850356232394e-01
-2.268684060678956005e+00
-3.270281295869105764e-01
-1.494419010606296006e-01
-2.288165231694011259e-01
1.449308807963094470e-01
-1.526435313547619632e+00
-1.296284474599290304e+00
-2.486847277709012816e-01
-2.151330804653495410e-01
-2.464529298417426628e-01
1.449308802970195320e-01
-1.526435315569611317e+00
-1.296284469085687174e+00
-2.486847276514806415e-01
-2.151330802749354953e-01
-2.464529300205037521e-01
-1.292500869684388265e+00
-2.332045938088223913e+00
-1.630867806152794808e+00
-1.450826665371037771e-01
-2.733593061903754062e-01
-2.437546836164336816e-01
-1.292500869684388265e+00
-2.332045938088223913e+00
-1.630867806152794808e+00
-1.514489328447877758e-01
-2.924230167531496338e-01
-2.824946722262464127e-01
7.343008261833363637e-01
-7.473372402114884794e-02
-7.609422455820009645e-01
-1.851464996084058456e-01
-3.134256277092239973e-01
-2.728986919876768003e-01
7.343008261833363637e-01
-7.473372402114884794e-02
-7.609422455820009645e-01
-2.248786737692993476e-01
-3.151206360424543829e-01
-2.908770792292706964e-01
7.152823144730885430e-01
-8.226012945558999201e-01
4.494720276967203998e-01
-1.665812220600411120e-01
-2.838726388363961850e-01
-3.006242207875879369e-01
7.152823144730885430e-01
-8.226012945558999201e-01
4.494720276967203998e-01
-1.594332192497304734e-01
-3.107131120389927670e-01
-3.342877942564650429e-01
-2.221441471072811424e+00
nan
-2.221441467085554233e+00
2.610459999999999864e-02
2.799937000000000120e-01
1.333500000000000241e-01
1.470439566499754269e+00
-1.015845914598061173e+00
-1.470439572594276489e+00
8.860460000000003333e-02
2.799937001121810543e-01
1.333499998878189818e-01
-1.545178797784296121e+00
-2.472754765475000394e+00
-4.521196809929238780e-01
2.073546000000000833e-01
2.799937003253250012e-01
1.333499992483870855e-01
-1.239281204141640780e+00
8.109017022760164339e-01
-9.248604440650493030e-01
2.310024540460431375e-02
1.959448253764626835e-01
1.015518950208597893e-01
-2.901587535897628189e+00
8.492072030097672641e-01
-1.625697344451552673e-01
-1.611541091907914836e-01
1.118959502973993492e-01
6.975379113748027271e-02
6.597418928595447651e-01
1.760966599512540975e+00
2.117081344589140546e+00
-2.725057073596897084e-01
-6.244905821510876587e-02
5.220700818430737411e-02
4.130394435702912370e-02
2.551473423520366213e-01
-2.268499479497841254e+00
-3.274680171842342946e-01
-1.492553967030437745e-01
3.778942873875443254e-02
1.451334833092247645e-01
-1.526451345196750298e+00
-1.296062190025111471e+00
-2.491070896872841223e-01
-2.149276985257173589e-01
2.016057979364768715e-02
1.451334828100136476e-01
-1.526451347218914290e+00
-1.296062184511581172e+00
-2.491070895678998975e-01
-2.149276983352806925e-01
2.016057961488638972e-02
-1.303937916868298297e+00
-2.319358378202263093e+00
-1.627300351248028631e+00
-1.454906440435266846e-01
-2.731279121719020764e-01
2.286766502657091096e-02
-1.303937916868298297e+00
-2.319358378202263093e+00
-1.627300351248028631e+00
-1.523356114990310206e-01
-2.919552315176759394e-01
-1.590629003859283727e-02
5.231575725385828601e-01
-5.060899038155277641e-01
5.151374331508931093e-01
-1.855426328222979926e-01
-3.132054237402427388e-01
-6.277237198598718815e-03
5.231575725385828601e-01
-5.060899038155277641e-01
5.151374331508931093e-01
-1.834702626032005957e-01
-3.481780107123355616e-01
-3.230346563770228330e-02
7.152273782961102722e-01
-8.226855250284732524e-01
4.500089987171435602e-01
-1.669830070716100678e-01
-2.836489121671251779e-01
-3.400279480566180401e-02
7.152273782961102722e-01
-8.226855250284732524e-01
4.500089987171435602e-01
-1.598149460975078484e-01
-3.104930504911048161e-01
-6.765917999665643778e-02
0.000000000000000000e+00
0.000000000000000000e+00
0.000000000000000000e+00
0.000000000000000000e+00
0.000000000000000000e+00
0.000000000000000000e+00
-7.091705701496929803e-01
-1.272887583954411685e-09
3.818663389847829921e-09
0.000000000000000000e+00
-0.000000000000000000e+00
0.000000000000000000e+00
-7.091705749142933612e-01
2.272424897311833836e-01
-5.963639819535805353e-01
0.000000000000000000e+00
0.000000000000000000e+00
0.000000000000000000e+00
6.466739268764496451e-01
8.451536701941846363e-01
-3.609110186130357056e-01
-5.734909450592407670e-02
8.719142652216517464e-02
1.014210934898455013e-01
7.297079711099234700e-01
8.908717481801338156e-01
-9.590388154962429246e-01
-1.146981890118481395e-01
1.743828532881698257e-01
2.028421870726051790e-01
-4.575272837011316041e-01
-9.923377196396884203e-01
-1.267798357156939559e+00
-2.974465385882066881e-01
2.934660110514235587e-01
1.744125698171417604e-01
-4.033010873476178260e-01
-1.181592154363360070e+00
-3.219927843806968393e-01
-3.935160061439148538e-01
3.564268182230587168e-01
1.598014282476434567e-01
-2.783311811129026925e+00
8.140540376953744328e-01
2.137873272388430279e-01
-3.938290521544921541e-01
3.240880261466058676e-01
2.788647012626473409e-01
-2.783311811129026481e+00
8.140540376953748769e-01
2.137873272388425838e-01
-3.938290523407214083e-01
3.240880256745887755e-01
2.788647006354507685e-01
-4.487284316116512350e+00
-2.375453259332851452e+00
2.063343542079214110e+00
-3.791845047471242847e-01
3.537468945024512257e-01
3.565887667796403537e-01
-4.487284316116512350e+00
-2.375453259332851452e+00
2.063343542079214110e+00
-2.478244884596596809e-01
1.667737567339899751e-01
4.270102881445930754e-01
-4.582449246087030303e+00
-2.482520586109504102e+00
4.500677042534968919e+00
-3.943436306465556429e-01
2.640648919878700873e-01
5.007199577687915237e-01
-4.582449246087030303e+00
-2.482520586109504102e+00
4.500677042534968919e+00
-3.420832291219748078e-01
2.858160830833067489e-03
4.098513071422083542e-01
-2.281471285162942841e+00
1.539155825553385259e+00
-2.577882062053791223e-01
-4.232317638164038165e-01
1.908651212757916105e-01
4.033516356357036980e-01
-2.281471285162942841e+00
1.539155825553385259e+00
-2.577882062053791223e-01
-4.819644064705712605e-01
1.122199742281543844e-01
4.535855143610517670e-01
0.000000000000000000e+00
0.000000000000000000e+00
0.000000000000000000e+00
0.000000000000000000e+00
0.000000000000000000e+00
0.000000000000000000e+00
-7.098111897431816919e-01
-1.274037429648681923e-09
3.822112927506954739e-09
0.000000000000000000e+00
-0.000000000000000000e+00
0.000000000000000000e+00
-7.098111944592492284e-01
2.235083429277084088e-01
-5.907781088749730625e-01
0.000000000000000000e+00
0.000000000000000000e+00
0.000000000000000000e+00
6.519130516693512067e-01
8.446681049659965357e-01
-3.557755270689856308e-01
-5.676137697949517474e-02
8.628278881656563370e-02
1.008412177932392767e-01
7.341423386259461337e-01
8.929280691729520880e-01
-9.598146781268735994e-01
-1.135227539589903217e-01
1.725655778774112248e-01
2.016824356788966821e-01
-4.570138340507828301e-01
-9.883594212445967475e-01
-1.272275868467136251e+00
-2.965296672100237729e-01
2.923243125054094671e-01
1.731173509540402111e-01
-4.037556357427258824e-01
-1.179928316833172230e+00
-3.218943546578937331e-01
-3.927215264216585844e-01
3.556624997102477148e-01
1.584665317978682653e-01
-2.783553576423957843e+00
8.145198564677607056e-01
2.134885117398308552e-01
-3.930602915722603563e-01
3.233208124099787306e-01
2.774423710579326796e-01
-2.783553576423957843e+00
8.145198564677609276e-01
2.134885117398304111e-01
-3.930602917585209743e-01
3.233208119378743195e-01
2.774423704306010485e-01
-4.461784065024330559e+00
-2.328406508728824598e+00
2.035853842188094731e+00
-3.784302399026297503e-01
3.529770499640234593e-01
3.550481314679556633e-01
-4.461784065024330559e+00
-2.328406508728824598e+00
2.035853842188094731e+00
-2.498190401315476261e-01
1.660406818223655323e-01
4.231136981366206418e-01
-2.467972706193743981e+00
1.392988539927547897e+00
-5.386967690261814656e-01
-3.936132531808808066e-01
2.633000136640257227e-01
4.992291722795158537e-01
-2.467972706193743981e+00
1.392988539927547897e+00
-5.386967690261814656e-01
-4.487071107404419501e-01
1.979516130899008353e-01
5.826537744259380203e-01
-2.281864798704570596e+00
1.539728072687086557e+00
-2.580848266057691465e-01
-4.225062460514403262e-01
1.900867055084994039e-01
4.018398550810030057e-01
-2.281864798704570596e+00
1.539728072687086557e+00
-2.580848266057691465e-01
-4.812559919399101993e-01
1.114374171159261961e-01
4.520576846654905112e-01
