-2.221441471072811424e+00
nan
-2.221441467085554233e+00
2.610459999999999864e-02
2.799937000000000120e-01
-1.333499999999999686e-01
1.463048259314914779e+00
-1.022077392110749994e+00
-1.463048265358452005e+00
8.860460000000003333e-02
2.799937001121810543e-01
-1.333500001121810108e-01
-4.223740804143794048e-01
3.017038112374359926e+00
5.353555902257421950e-01
2.073546000000000833e-01
2.799937003253250012e-01
-1.333500007516129071e-01
-6.179209161948313600e-01
-1.211463664076183111e+00
-1.380938066904218831e+00
2.636497441710191625e-01
9.490902709685342109e-02
-2.011697654126179402e-01
-1.104050821854528630e+00
8.115134038561641061e-01
-1.291046881015691206e+00
3.199448883420382139e-01
-9.017564625821453128e-02
-2.689895297281329478e-01
-5.095920328171877900e-01
9.177258910076857568e-02
3.063082492898407505e+00
3.761004058518810367e-01
-1.053996593579471230e-01
-4.682833762922979370e-01
1.217059018635063605e+00
1.124483960199926358e+00
-1.240811080526801780e+00
4.095445356729109365e-01
-1.120384348608629982e-01
-5.662705149398571391e-01
-1.128241082779330551e+00
-1.283787419383994655e+00
1.036128570109903668e+00
5.131385950774897120e-01
-1.164437125296152176e-01
-5.626751172230799458e-01
-1.128241082743372647e+00
-1.283787415461195236e+00
1.036128574690361681e+00
5.131385950671618623e-01
-1.164437128124122117e-01
-5.626751172720036998e-01
4.031189633400077410e-01
-2.286948989284015354e+00
1.539640978269933402e+00
6.288010247696786958e-01
-1.187758925464819648e-01
-5.900196647752694590e-01
4.031189633400077410e-01
-2.286948989284015354e+00
1.539640978269933402e+00
6.660907362406547350e-01
-1.311052930953422180e-01
-5.709879957699740549e-01
-2.797539981633447859e-01
2.055751845968228686e+00
2.014661146991552521e+00
6.273506016864758283e-01
-1.039676025559206629e-01
-5.280648031032815215e-01
-2.797539981633447859e-01
2.055751845968228686e+00
2.014661146991552521e+00
6.618195044628707446e-01
-1.058076303539712687e-01
-5.547715468902698621e-01
-3.881047116347626780e-01
1.525200201154848889e+00
2.176333143750021737e+00
6.257688609279757896e-01
-1.478555748015828453e-01
-5.356869824069246944e-01
-3.881047116347626780e-01
1.525200201154848889e+00
2.176333143750021737e+00
6.653551950681418914e-01
-1.424944074918520209e-01
-5.532631355420735142e-01
-2.221441471072811424e+00
nan
-2.221441467085554233e+00
2.610459999999999864e-02
2.799937000000000120e-01
1.333500000000000241e-01
1.463106468901865576e+00
-1.022028504515213987e+00
-1.463106474945804258e+00
8.860460000000003333e-02
2.799937001121810543e-01
1.333499998878189818e-01
-4.223736778572647066e-01
3.017004496138204317e+00
5.354776352346906076e-01
2.073546000000000833e-01
2.799937003253250012e-01
1.333499992483870855e-01
-6.179349323042483411e-01
-1.211338629638472497e+00
-1.380863277362447850e+00
2.636502957193026520e-01
9.491475502057136748e-02
6.551506246534195832e-02
-1.104166775980785387e+00
8.115597265718805797e-01
-1.290998207865339920e+00
3.199459914386052484e-01
-9.016419041080706021e-02
-2.319873972223579495e-03
-5.094270882800033817e-01
9.182026884035626724e-02
3.063109744944645829e+00
3.760799077099766796e-01
-1.053945129253826413e-01
-2.016193238463783177e-01
1.217023323833773540e+00
1.124479354034003897e+00
-1.240846662989659954e+00
4.095133982102294734e-01
-1.120362626416483431e-01
-2.996098916255069411e-01
-1.128222580397560959e+00
-1.283767088506869714e+00
1.036137082652406782e+00
5.131075461117547976e-01
-1.164416781147902258e-01
-2.960172136457934200e-01
-1.128222580361550653e+00
-1.283767084584100493e+00
1.036137087232863907e+00
5.131075461014253936e-01
-1.164416783975870534e-01
-2.960172136947177290e-01
4.028607908648353941e-01
-2.287069219824474864e+00
1.539744742577817238e+00
6.287692584472106549e-01
-1.187739191282142781e-01
-3.233647901060791030e-01
4.028607908648353941e-01
-2.287069219824474864e+00
1.539744742577817238e+00
6.660538754961622399e-01
-1.311060663658202008e-01
-3.043249213924289487e-01
-4.760198391814549623e-01
1.935472192136964642e+00
1.887777524677441088e+00
6.273204722897679497e-01
-1.039658108219563282e-01
-2.614098467083151300e-01
-4.760198391814549623e-01
1.935472192136964642e+00
1.887777524677441088e+00
6.666331662906476163e-01
-1.059087472952211506e-01
-2.802639765706042563e-01
-3.878444766148186895e-01
1.525383832181697930e+00
2.176606493154189081e+00
6.257384785065273070e-01
-1.478537585546024491e-01
-2.690321146441930766e-01
-3.878444766148186895e-01
1.525383832181697930e+00
2.176606493154189081e+00
6.653181398557518333e-01
-1.424877470572684102e-01
-2.866218119895478367e-01
0.000000000000000000e+00
0.000000000000000000e+00
0.000000000000000000e+00
0.000000000000000000e+00
0.000000000000000000e+00
0.000000000000000000e+00
-4.081829334986974978e-01
-7.326460091581485721e-10
2.197938394684302328e-09
0.000000000000000000e+00
-0.000000000000000000e+00
0.000000000000000000e+00
-4.081829398059567682e-01
2.905639053332696453e-01
-7.929683342461439910e-01
-0.000000000000000000e+00
0.000000000000000000e+00
0.000000000000000000e+00
-6.994679415462310423e-01
1.248237789896893712e+00
-4.420520970187125087e-01
-1.664722607031578483e-01
-7.232313761571659838e-02
5.919106908979167997e-02
-1.068481605968671033e+00
1.180467335011480490e+00
-5.634091256416546845e-01
-3.329445214063158631e-01
-1.446462750904101147e-01
1.183821382312577886e-01
-1.441129239665738249e+00
1.254439179847820940e+00
5.284020694817044284e-01
-5.767817452533798850e-01
-3.892266153471379830e-01
6.835896209631359133e-02
-1.474584823437097958e+00
5.000937555571117743e-01
5.680913310635232749e-01
-6.961927083794934301e-01
-5.127667985538690854e-01
3.597266880572556891e-02
-2.672448743546008032e+00
5.510322305116591712e-01
5.265175454606167982e-01
-6.918920723780429549e-01
-4.486141925490683136e-01
-9.338117821948377362e-03
-2.672448743546008032e+00
5.510322305116585051e-01
5.265175454606169092e-01
-6.918920722561041625e-01
-4.486141926852523776e-01
-9.338117060497030941e-03
-2.600096913160165446e+00
1.065491283685801704e+00
7.180400468277928772e-01
-7.057318657100051240e-01
-4.607927957142088360e-01
-6.683921288583460907e-02
-2.600096913160165446e+00
1.065491283685801704e+00
7.180400468277928772e-01
-6.766007849234073612e-01
-3.845331057104398043e-01
-7.451343912111130230e-02
-2.635049461619034084e+00
1.420986597520335515e+00
5.148490317635077140e-01
-6.793895645901476543e-01
-2.959852766839853877e-01
-1.056143789984522047e-01
-2.635049461619034084e+00
1.420986597520335515e+00
5.148490317635077140e-01
-7.163921530446233366e-01
-3.486125863011090287e-01
-1.497456636163234656e-01
-2.678237025132448768e+00
3.556306163694002431e-01
4.538783515955429060e-01
-6.604818436311645780e-01
-3.171879744488094732e-01
1.254556742449733364e-02
-2.678237025132448768e+00
3.556306163694002431e-01
4.538783515955429060e-01
-6.691657795851889690e-01
-3.462936984495137427e-01
-1.589102177242579517e-02
0.000000000000000000e+00
0.000000000000000000e+00
0.000000000000000000e+00
0.000000000000000000e+00
0.000000000000000000e+00
0.000000000000000000e+00
-4.077386293368068793e-01
-7.318485292922674501e-10
2.195545954686953296e-09
0.000000000000000000e+00
-0.000000000000000000e+00
0.000000000000000000e+00
-4.077386356442544990e-01
2.906383590215315116e-01
-7.929695794726712155e-01
-0.000000000000000000e+00
0.000000000000000000e+00
0.000000000000000000e+00
-6.992513298055165194e-01
1.249021790043364222e+00
-4.417039129504550798e-01
-1.664774081385094751e-01
-7.229969873358985111e-02
5.910214802120435790e-02
-1.069218199987521878e+00
1.181065744049677901e+00
-5.633272179984042394e-01
-3.329548162770190056e-01
-1.445993973263142995e-01
1.182042960940385690e-01
-1.441665988730989056e+00
1.255054578544598787e+00
5.282839102736289760e-01
-5.769202245426832132e-01
-3.893157592677682910e-01
6.819098853083302436e-02
-1.475143173848352696e+00
5.002400379359073224e-01
5.680227375860313899e-01
-6.963950057768957258e-01
-5.129230529558068685e-01
3.580531787336743016e-02
-2.672430745123550722e+00
5.511555531652300166e-01
5.265004239043110656e-01
-6.920954282507744137e-01
-4.487795070692807142e-01
-9.518004039658412019e-03
-2.672430745123550722e+00
5.511555531652294615e-01
5.265004239043109546e-01
-6.920954281288468346e-01
-4.487795072054661660e-01
-9.518003278210424023e-03
-2.599957496603521712e+00
1.066437159352598307e+00
7.183290217743909523e-01
-7.059402710002568027e-01
-4.609680706322494825e-01
-6.703284649263163697e-02
-2.599957496603521712e+00
1.066437159352598307e+00
7.183290217743909523e-01
-6.767769082332580899e-01
-3.846825987438416417e-01
-7.473148892623321382e-02
-2.681077136708137409e+00
3.500337087566250394e-01
5.291976589857794178e-01
-6.795899352010076333e-01
-2.961605616097158777e-01
-1.058079838713714416e-01
-2.681077136708137409e+00
3.500337087566250394e-01
5.291976589857794178e-01
-6.851613187688738726e-01
-3.259057524823355534e-01
-1.143595893971669775e-01
-2.678020667457607029e+00
3.625200609461085577e-01
4.563759965883846803e-01
-6.606839674160515097e-01
-3.173634651866157896e-01
1.235144164843338110e-02
-2.678020667457607029e+00
3.625200609461085577e-01
4.563759965883846803e-01
-6.695095044145137342e-01
-3.464058308189168489e-01
-1.636726928778955981e-02
