-2.221441471072811424e+00
nan
-2.221441467085554233e+00
2.610459999999999864e-02
2.799937000000000120e-01
-1.333499999999999686e-01
1.396160383211558775e+00
-1.076332929905505109e+00
-1.396160388797542673e+00
8.860460000000003333e-02
2.799937001121810543e-01
-1.333500001121810108e-01
-1.668250445636077384e+00
-2.470241285966012779e+00
-3.195361355020970295e-01
2.073546000000000555e-01
2.799937003253250012e-01
-1.333500007516129071e-01
-1.207097958941723004e+00
9.496863548296482493e-01
-8.582127048392289570e-01
1.719439272427839005e-02
2.059368073537198862e-01
-1.528351790224628248e-01
-2.783262893121622561e+00
1.060902545206684477e+00
2.948322162889930806e-02
-1.729658145514433587e-01
1.318799142884886089e-01
-1.723203569374698874e-01
6.402513664494557943e-01
1.643818775173670810e+00
1.907780568198028215e+00
-3.108068094816432425e-01
-2.224100217061619755e-02
-1.910247207721023632e-01
1.626406051538356601e-01
8.196758782694296697e-02
-2.273755588311742404e+00
-3.795691846371427869e-01
-9.847153981727317651e-02
-2.060148306141270369e-01
-1.614420087883057520e-01
-1.639758010265287114e+00
-9.478007039766180863e-01
-3.007174982216939685e-01
-1.658969991061644556e-01
-2.065453860983100520e-01
-1.614420092367390980e-01
-1.639758011096733803e+00
-9.478006982605228226e-01
-3.007174981313650020e-01
-1.658969989985570326e-01
-2.065453863487809183e-01
5.743890088392167304e-01
2.699191114915667988e+00
9.507732153872061609e-01
-1.948987794489362990e-01
-2.186432370852823825e-01
-1.942492841506240075e-01
5.743890088392167304e-01
2.699191114915667988e+00
9.507732153872061609e-01
-1.831547019578889657e-01
-2.549929999406301273e-01
-2.153564513896036869e-01
2.298489609383790322e-01
-2.326355695101052223e-01
1.964003341442839001e-01
-2.360460367815484239e-01
-2.668178988275037300e-01
-2.010241822595524863e-01
2.298489609383790322e-01
-2.326355695101052223e-01
1.964003341442839001e-01
-2.516557098664040648e-01
-3.053062323506832154e-01
-2.144304275729291276e-01
4.216530924286064352e-01
-5.607265044670961540e-01
4.310181433064090850e-01
-2.219940517640202338e-01
-2.501095916243371020e-01
-2.398845453107615600e-01
4.216530924286064352e-01
-5.607265044670961540e-01
4.310181433064090850e-01
-2.229123095292801504e-01
-2.866659956679342702e-01
-2.637073757615667757e-01
-2.221441471072811424e+00
nan
-2.221441467085554233e+00
2.610459999999999864e-02
2.799937000000000120e-01
1.333500000000000241e-01
1.394586995988324141e+00
-1.077564033913612107e+00
-1.394587001563625916e+00
8.860460000000003333e-02
2.799937001121810543e-01
1.333499998878189818e-01
-1.668167477673127674e+00
-2.472203742580782126e+00
-3.170297132491403103e-01
2.073546000000000833e-01
2.799937003253250012e-01
1.333499992483870855e-01
-1.205259282416420108e+00
9.519628992930100342e-01
-8.534959618348841870e-01
1.725438416200261726e-02
2.057501945203872862e-01
1.139899944927324216e-01
-2.779603006818120114e+00
1.061723760956611695e+00
3.536057168704199311e-02
-1.728458316759948210e-01
1.315066886226053111e-01
9.462999009312542120e-02
6.413251877479798635e-01
1.641253805137873778e+00
1.907753490290059473e+00
-3.109057978372488096e-01
-2.238274076285118319e-02
7.563685272796086267e-02
1.641843080631905927e-01
8.277099704896843935e-02
-2.273418572949309269e+00
-3.797919793820749290e-01
-9.847348033091921082e-02
6.050556579797022883e-02
-1.613161940633906222e-01
-1.639669578329103983e+00
-9.475444117368029273e-01
-3.009233811547283866e-01
-1.658791166105328119e-01
5.996992469252964558e-02
-1.613161945114523488e-01
-1.639669579160556667e+00
-9.475444060207997010e-01
-3.009233810644537099e-01
-1.658791165029155357e-01
5.996992444204342354e-02
6.053072329892921211e-01
2.698507447885131416e+00
9.563104009899341396e-01
-1.950900546635112032e-01
-2.185980831183603201e-01
7.225725804503466132e-02
6.053072329892921211e-01
2.698507447885131416e+00
9.563104009899341396e-01
-1.842183284331353477e-01
-2.549818253917250921e-01
5.074516861682876884e-02
2.000808372592262074e-01
-2.613622941195338223e-01
4.469432249871233553e-01
-2.362259191405585712e-01
-2.667834497435296326e-01
6.548930700472647970e-02
2.000808372592262074e-01
-2.613622941195338223e-01
4.469432249871233553e-01
-2.413941425203780522e-01
-3.084331769708194559e-01
5.351722224063300282e-02
4.216190642856443294e-01
-5.606313308810239038e-01
4.315385963005694547e-01
-2.221823576804858869e-01
-2.500736084539333937e-01
2.662655858681770710e-02
4.216190642856443294e-01
-5.606313308810239038e-01
4.315385963005694547e-01
-2.230819532262302285e-01
-2.866346663626138658e-01
2.810158836599567500e-03
0.000000000000000000e+00
0.000000000000000000e+00
0.000000000000000000e+00
0.000000000000000000e+00
0.000000000000000000e+00
0.000000000000000000e+00
-7.994285691110818437e-01
-1.434891326165924105e-09
4.304674697680339924e-09
0.000000000000000000e+00
-0.000000000000000000e+00
0.000000000000000000e+00
-7.994285717895697196e-01
9.137116379956854162e-02
-3.472723686271354526e-01
0.000000000000000000e+00
0.000000000000000000e+00
0.000000000000000000e+00
5.941552914061979385e-01
6.340950733527386252e-01
-2.044757767277573801e-01
-2.749829605086519593e-02
5.046037736313617461e-02
7.657835562661312323e-02
6.327477055291732544e-01
7.894619803969324945e-01
-1.171607388830056884e+00
-5.499659210173039880e-02
1.009207550107433099e-01
1.531567113280736803e-01
-6.715304897924213590e-01
-6.564716111250974429e-01
-1.455938367337053840e+00
-2.503321807134311627e-01
2.742514264543983726e-01
1.644572799020008191e-01
-8.174513509947543000e-01
-8.397208316905094838e-01
1.453208737466463452e-01
-3.514785636769946486e-01
3.642988908682572302e-01
1.705078629818808367e-01
-2.777018858490072351e+00
8.358899925826182020e-01
1.585058666636487423e-01
-3.412347185279279715e-01
3.753239835372237376e-01
2.918382994660067009e-01
-2.777018858490072351e+00
8.358899925826183130e-01
1.585058666636482982e-01
-3.412347187543503524e-01
3.753239828559790103e-01
2.918382990916737474e-01
-3.827030956698679098e+00
-9.141020735133633668e-01
2.588030045480397057e+00
-3.225959417979543109e-01
4.262433782601771082e-01
3.498627889983599859e-01
-3.827030956698679098e+00
-9.141020735133633668e-01
2.588030045480397057e+00
-2.092275580430824067e-01
3.758596212316661078e-01
4.997097423004994154e-01
-4.312271420450482395e+00
-1.015421889966203528e+00
7.261068706599513867e+00
-3.206230448172955882e-01
4.009072767629962009e-01
5.180393137844405693e-01
-4.312271420450482395e+00
-1.015421889966203528e+00
7.261068706599513867e+00
-2.754361574951263991e-02
2.297529994858795999e-01
6.681610507116348963e-01
-2.363389943445835861e+00
1.325653566245919679e+00
-6.089853466749025612e-01
-3.557543981136491729e-01
2.952186377855656740e-01
4.598941159357289865e-01
-2.363389943445835861e+00
1.325653566245919679e+00
-6.089853466749025612e-01
-4.095975326485088441e-01
2.394752053972311057e-01
5.475084453021590303e-01
0.000000000000000000e+00
0.000000000000000000e+00
0.000000000000000000e+00
0.000000000000000000e+00
0.000000000000000000e+00
0.000000000000000000e+00
-7.960381164428436129e-01
-1.428805815448136492e-09
4.286418162476855284e-09
0.000000000000000000e+00
-0.000000000000000000e+00
0.000000000000000000e+00
-7.960381190977762200e-01
8.982113258524210275e-02
-3.444542179124152614e-01
0.000000000000000000e+00
0.000000000000000000e+00
0.000000000000000000e+00
5.979005106082129206e-01
6.342228862577220516e-01
-2.024940529282365786e-01
-2.731242628112428086e-02
5.006951940004333856e-02
7.617567740745535831e-02
6.338588010599206513e-01
7.928576330446706066e-01
-1.163923492287968209e+00
-5.462485256224853397e-02
1.001390390835141669e-01
1.523513548888182911e-01
-6.737972457703342855e-01
-6.515614575856119028e-01
-1.451158441396741550e+00
-2.487992285742081922e-01
2.728692443217290986e-01
1.642690836715965663e-01
-8.206927498548386435e-01
-8.361275789201243480e-01
1.457211529452202281e-01
-3.493599842432802971e-01
3.626385887077036019e-01
1.706552335663345799e-01
-2.777447043852729891e+00
8.362270877571474914e-01
1.590105697273017094e-01
-3.390896929089468048e-01
3.736918150008065043e-01
2.919187606490211695e-01
-2.777447043852729447e+00
8.362270877571481575e-01
1.590105697273013208e-01
-3.390896931355223409e-01
3.736918143194489783e-01
2.919187602746298182e-01
-3.801552967571773411e+00
-8.718698957128516724e-01
2.530382321465096673e+00
-3.204318190234363151e-01
4.246478502390585441e-01
3.498422039317558574e-01
-3.801552967571773411e+00
-8.718698957128516724e-01
2.530382321465096673e+00
-2.096112976198364897e-01
3.703781266917443582e-01
4.976356581571287907e-01
-2.572876618212132982e+00
1.083113628867852674e+00
-7.881947811716575325e-01
-3.184293804123690119e-01
3.993091873824942128e-01
5.180734321758063698e-01
-2.572876618212132982e+00
1.083113628867852674e+00
-7.881947811716575325e-01
-3.642246062240927507e-01
3.725800571176073328e-01
6.308308146935295291e-01
-2.364024717551107546e+00
1.326055213320014747e+00
-6.085507551991995445e-01
-3.535845047276269248e-01
2.936030363819477351e-01
4.599191263812740793e-01
-2.364024717551107546e+00
1.326055213320014747e+00
-6.085507551991995445e-01
-4.074156251801263062e-01
2.378479282380906445e-01
5.475432843405260153e-01
