-2.221441471072811424e+00
nan
-2.221441467085554233e+00
2.610459999999999864e-02
2.799937000000000120e-01
-1.333499999999999686e-01
1.566878422051377173e+00
-9.299596361782398457e-01
-1.566878428819349356e+00
8.860460000000003333e-02
2.799937001121810543e-01
-1.333500001121810108e-01
-6.976499663374936544e-01
-2.851151831199719933e+00
-7.273007326328235767e-01
2.073546000000000833e-01
2.799937003253250012e-01
-1.333500007516129071e-01
-1.199983637278593029e+00
-1.411560398710703379e-01
-1.154534988068610657e+00
1.126988355390370067e-01
1.203740955674378332e-01
-2.204526300531820526e-01
-2.729521695117369084e+00
5.771290005200471196e-01
-1.279602753802939974e+00
1.804307107807393007e-02
-3.924550936670309631e-02
-3.075552590317580104e-01
-7.641265203857525723e-01
-1.700735507506885291e+00
-2.320808562053455315e+00
-5.355006321213791332e-02
-2.303120825897003177e-01
-3.459119757750451218e-01
-1.427572546258857322e-01
6.352839226583597565e-01
-1.745499188854245265e+00
-8.507864452299562785e-02
-3.264645219223801242e-01
-3.688187317850079028e-01
1.390214318144548988e+00
-4.646275424531522980e-01
-2.455461252118849469e+00
4.516139100125729500e-03
-3.408106224692368791e-01
-4.191280415261041115e-01
1.390214317520698240e+00
-4.646275491825564430e-01
-2.455461249641348154e+00
4.516139242911249019e-03
-3.408106223561703230e-01
-4.191280413040622266e-01
-3.819446941407003138e-01
3.308835654180207753e-01
-6.553464469805756476e-01
1.075357674866845581e-01
-3.840230123825912889e-01
-4.597556985079822578e-01
-3.819446941407003138e-01
3.308835654180207753e-01
-6.553464469805756476e-01
7.032753177689789192e-02
-3.944714648331365536e-01
-4.394796495495768562e-01
-1.627687727597107337e+00
-2.301387215026380773e+00
1.213783622774338378e+00
9.020434937193934355e-02
-3.406807281315165081e-01
-5.031246091052168357e-01
-1.627687727597107337e+00
-2.301387215026380773e+00
1.213783622774338378e+00
7.331440977881234500e-02
-3.654594538751055888e-01
-4.714152127742470832e-01
1.429945027337905961e+00
-2.129494350832763061e+00
-1.374251058728799546e-01
1.123855095927188269e-01
-3.231619858569635406e-01
-4.686595045880692645e-01
1.429945027337905961e+00
-2.129494350832763061e+00
-1.374251058728799546e-01
1.486009139032998527e-01
-3.168588086162670847e-01
-4.921851410705009311e-01
-2.221441471072811424e+00
nan
-2.221441467085554233e+00
2.610459999999999864e-02
2.799937000000000120e-01
1.333500000000000241e-01
1.566784217861507456e+00
-9.300478519471101491e-01
-1.566784224628813948e+00
8.860460000000003333e-02
2.799937001121810543e-01
1.333499998878189818e-01
-6.991348682871063591e-01
-2.850635661491677908e+00
-7.269625378204055410e-01
2.073546000000000833e-01
2.799937003253250012e-01
1.333499992483870855e-01
-1.200460387907382742e+00
-1.389870721755321892e-01
-1.153178840720077369e+00
1.125049731629281236e-01
1.204509527574907091e-01
4.631747666415704512e-02
-2.731790100959003098e+00
5.753076281758209287e-01
-1.276672512715130381e+00
1.765534632585616381e-02
-3.909179498655337981e-02
-4.071504559705582671e-02
-7.637230016413093514e-01
-1.702447107007351468e+00
-2.319438709313878189e+00
-5.379549787265656968e-02
-2.302676006488182381e-01
-7.879178643321227415e-02
-1.439452756088325236e-01
6.340366819121511233e-01
-1.745397096750999522e+00
-8.526096342874886491e-02
-3.264716598404876491e-01
-1.015682210177591971e-01
1.390391175026405746e+00
-4.648547952013477591e-01
-2.455447870296629809e+00
4.339189884365948768e-03
-3.408338817363673612e-01
-1.518633659969701177e-01
1.390391174401903296e+00
-4.648548019309891588e-01
-2.455447867819139152e+00
4.339190027134787186e-03
-3.408338816233055790e-01
-1.518633657749151045e-01
-3.834055849923610482e-01
3.293910447127991192e-01
-6.632166809641426575e-01
1.073586911462944965e-01
-3.840636171645565589e-01
-1.924728885417856805e-01
-3.834055849923610482e-01
3.293910447127991192e-01
-6.632166809641426575e-01
7.003709359461163242e-02
-3.941820059282847843e-01
-1.722378276417962373e-01
1.398313320066866705e+00
-1.871242482707886845e+00
2.223570507204628011e-01
9.003976491078673206e-02
-3.407218878944245355e-01
-2.358473437231897729e-01
1.398313320066866705e+00
-1.871242482707886845e+00
2.223570507204628011e-01
1.239798073451865990e-01
-3.362460870340273633e-01
-2.629172874028358198e-01
1.429481708443433918e+00
-2.129910837035188464e+00
-1.371875367544477808e-01
1.122183300364869574e-01
-3.232038915599043105e-01
-2.013801900491654084e-01
1.429481708443433918e+00
-2.129910837035188464e+00
-1.371875367544477808e-01
1.484412437925164419e-01
-3.169202178273934911e-01
-2.248994818764421533e-01
0.000000000000000000e+00
0.000000000000000000e+00
0.000000000000000000e+00
0.000000000000000000e+00
0.000000000000000000e+00
0.000000000000000000e+00
3.165562007190361737e-01
5.681855317740954340e-10
-1.704556880102828180e-09
0.000000000000000000e+00
-0.000000000000000000e+00
0.000000000000000000e+00
3.165561909182329492e-01
6.360159907376123911e-01
-1.165528767677281863e+00
0.000000000000000000e+00
0.000000000000000000e+00
0.000000000000000000e+00
7.708863721659703350e-01
1.402160603835406416e+00
-7.474522412623350043e-01
-2.414399063016835489e-01
1.378968930564049566e-01
9.674005734634977260e-03
-6.478371663615576370e-01
1.575929401826235532e+00
4.758570293093872805e-01
-4.828798126033670979e-01
2.757937860105643679e-01
1.934801141347575193e-02
-1.074248499533441148e+00
2.755064795472360051e-01
1.660524024361976214e-01
-4.524069183424140328e-01
2.168767831223720188e-01
2.559537640935141134e-01
-1.345454522712854484e+00
4.943669507344413683e-01
-3.793424644509788557e-01
-4.427515344972740574e-01
1.870338381774179493e-01
3.679317062151986617e-01
-2.738522694685979086e+00
7.174278849305155692e-01
4.028939006640633869e-01
-4.730648796842404913e-01
8.535784383015118659e-02
3.429410320977859805e-01
-2.738522694685978198e+00
7.174278849305157912e-01
4.028939006640637199e-01
-4.730648795704953669e-01
8.535784449574523869e-02
3.429410316857124941e-01
-5.054113115121043442e+00
-6.152840773459190560e-01
-4.533166963279579242e+00
-4.848022853732241177e-01
1.560406307898357103e-02
3.873699884674299265e-01
-5.054113115121043442e+00
-6.152840773459190560e-01
-4.533166963279579242e+00
-5.446423949150268617e-01
2.867526529240210231e-01
4.172840140520838181e-01
-4.268046262730082141e+00
-1.072575264030000808e+00
-1.810568539496994589e+00
-5.333786931403448062e-01
-1.101454054836397828e-01
2.811102020472392993e-01
-4.268046262730082141e+00
-1.072575264030000808e+00
-1.810568539496994589e+00
-6.122529885624333756e-01
5.577215828150300370e-02
3.687512184338294086e-01
-2.234359420917821915e+00
9.375453771314155027e-01
1.237979335221846444e+00
-5.157106605124214260e-01
-6.825280426102836584e-03
2.172213458835225430e-01
-2.234359420917821915e+00
9.375453771314155027e-01
1.237979335221846444e+00
-5.455702154108222901e-01
-1.455608578050844246e-02
1.691841975417273380e-01
0.000000000000000000e+00
0.000000000000000000e+00
0.000000000000000000e+00
0.000000000000000000e+00
0.000000000000000000e+00
0.000000000000000000e+00
3.111830081672352089e-01
5.585412087109710847e-10
-1.675623906079619565e-09
0.000000000000000000e+00
-0.000000000000000000e+00
0.000000000000000000e+00
3.111829983513989539e-01
6.368209505632559386e-01
-1.167381574962248703e+00
0.000000000000000000e+00
0.000000000000000000e+00
0.000000000000000000e+00
7.685226109704440534e-01
1.406093544273879781e+00
-7.477339564790059789e-01
-2.416713976915501327e-01
1.378087480934891695e-01
1.075523896957518433e-02
-6.413508057951566865e-01
1.578102972175857488e+00
4.734544826443057297e-01
-4.833427953831003210e-01
2.756174960864609114e-01
2.151047788431692531e-02
-1.067786312885789846e+00
2.742981168990974994e-01
1.647770084634940235e-01
-4.529187711034727837e-01
2.173682251946327249e-01
2.568780244884957820e-01
-1.339780528325756448e+00
4.927466229432521105e-01
-3.821570809342248465e-01
-4.433140871440413577e-01
1.878630748046709320e-01
3.682343200868042343e-01
-2.738531613931733055e+00
7.169557654050818796e-01
4.030021599615543071e-01
-4.735854747784478125e-01
8.623728585080431275e-02
3.433263723661629796e-01
-2.738531613931733055e+00
7.169557654050822126e-01
4.030021599615547512e-01
-4.735854746648083813e-01
8.623728651644513299e-02
3.433263719541809200e-01
-5.044082062486854312e+00
-6.103005948323575458e-01
-4.513045402719193078e+00
-4.852790293451741954e-01
1.654390606187278179e-02
3.878519441192679329e-01
-5.044082062486854312e+00
-6.103005948323575458e-01
-4.513045402719193078e+00
-5.432932469419758936e-01
2.870452780335967513e-01
4.161125341977717218e-01
-2.265245805787423627e+00
1.270849648524859044e+00
1.087985451766313671e+00
-5.338434055711182014e-01
-1.092179753705915940e-01
2.815761523257141463e-01
-2.265245805787423627e+00
1.270849648524859044e+00
1.087985451766313671e+00
-5.731148402030993294e-01
-1.336117793528530107e-01
2.283046722004839213e-01
-2.234460055000032419e+00
9.370598823231729435e-01
1.238146483531962216e+00
-5.161917713884338621e-01
-5.890575741527511594e-03
2.177015154156071719e-01
-2.234460055000032419e+00
9.370598823231729435e-01
1.238146483531962216e+00
-5.460108647559965833e-01
-1.359422056115661484e-02
1.697178581600313763e-01
