-2.221441471072811424e+00
nan
-2.221441467085554233e+00
2.610459999999999864e-02
2.799937000000000120e-01
-1.333499999999999686e-01
1.582835456482011738e+00
-9.148895270383111678e-01
-1.582835463362956885e+00
8.860460000000003333e-02
2.799937001121810543e-01
-1.333500001121810108e-01
-9.900991293430986273e-01
-2.698256148150935729e+00
-7.215723133720118865e-01
2.073546000000000833e-01
2.799937003253250012e-01
-1.333500007516129071e-01
-1.241067241220223050e+00
1.788729584251245730e-01
-1.105254021574899603e+00
7.476200655637380010e-02
1.445168375438735386e-01
-2.113898868022024702e-01
-2.942210794380663241e+00
5.023213125175564064e-01
-9.482177215636486967e-01
-5.783058688725248309e-02
9.039974578758963597e-03
-2.894297725339537442e-01
-7.867848052392856228e-01
-1.847591081822169246e+00
-2.223683610305962066e+00
-1.261907713568626854e-01
-1.865819717503740538e-01
-3.021651285824777378e-01
-2.765448903340543274e-01
5.322624463354166391e-01
-1.903378567350124895e+00
-1.571491298839475526e-01
-2.849888578361585711e-01
-3.131981385166662246e-01
1.036653817746981066e+00
-8.752988766092308914e-01
-2.175985635300970333e+00
-7.240845722712292709e-02
-3.173312942529178393e-01
-3.635672531038494637e-01
1.036653817143284639e+00
-8.752988820384343116e-01
-2.175985631525065411e+00
-7.240845707273883824e-02
-3.173312940470883192e-01
-3.635672529762795646e-01
-9.808664401382239939e-01
-7.210267368059648796e-02
-1.351565613950183931e+00
2.929018300174245082e-02
-3.706014404064408296e-01
-3.943996888030883996e-01
-9.808664401382239939e-01
-7.210267368059648796e-02
-1.351565613950183931e+00
-7.564560727296242015e-03
-3.479463038347369586e-01
-3.886365493640040469e-01
1.735501478356447524e+00
1.441851101233285970e+00
-1.564538298247410530e+00
3.593005119833236893e-03
-3.520646107111572443e-01
-4.496792967802943908e-01
1.735501478356447524e+00
1.441851101233285970e+00
-1.564538298247410530e+00
-2.353694990701194964e-02
-3.482094626427454376e-01
-4.157110101260932389e-01
1.326842173995989471e+00
-1.740616472193333264e+00
1.744251853403874231e-01
2.757718235160049047e-02
-3.201432910283871780e-01
-4.298666184851830385e-01
1.326842173995989471e+00
-1.740616472193333264e+00
1.744251853403874231e-01
5.742508919979379817e-02
-3.178736559427672859e-01
-4.616265356445475865e-01
-2.221441471072811424e+00
nan
-2.221441467085554233e+00
2.610459999999999864e-02
2.799937000000000120e-01
1.333500000000000241e-01
1.582176441686668600e+00
-9.155169606680890748e-01
-1.582176448562939042e+00
8.860460000000003333e-02
2.799937001121810543e-01
1.333499998878189818e-01
-9.919394621919772614e-01
-2.697980737636358040e+00
-7.201181780007542832e-01
2.073546000000000833e-01
2.799937003253250012e-01
1.333499992483870855e-01
-1.241675404227516877e+00
1.813746118940597341e-01
-1.103405960093191363e+00
7.456385501785531278e-02
1.445882404492705997e-01
5.552340043512001000e-02
-2.943286308435725473e+00
5.017800888710627349e-01
-9.439843856987988335e-01
-5.822688996428942998e-02
9.182780389857730929e-03
-2.230319805913348608e-02
-7.863819396575725262e-01
-1.847989567592133620e+00
-2.223515186178683045e+00
-1.265126065512007236e-01
-1.864687451368923776e-01
-3.498355567504875252e-02
-2.766017681651771754e-01
5.318379621471398533e-01
-1.903346646625556415e+00
-1.574459613918158252e-01
-2.848855615266814301e-01
-4.599810559790742936e-02
1.036938471560276076e+00
-8.754763782133758721e-01
-2.175868818628563961e+00
-7.269218913503840140e-02
-3.172312797753706892e-01
-9.634306660914200571e-02
1.036938470956137781e+00
-8.754763836429280133e-01
-2.175868814852823352e+00
-7.269218898068648127e-02
-3.172312795695357845e-01
-9.634306648154175590e-02
-9.810335069437312594e-01
-7.421859998209962006e-02
-1.355164689990103311e+00
2.901419765136555029e-02
-3.705038365351205343e-01
-1.271457705472579525e-01
-9.810335069437312594e-01
-7.421859998209962006e-02
-1.355164689990103311e+00
-7.802196047753930108e-03
-3.477517366079903027e-01
-1.215211613601839685e-01
1.241632246986432708e+00
-1.434485564060409057e+00
4.364638934548920046e-01
3.331837030122200560e-03
-3.519696516318729373e-01
-1.824331507280247400e-01
1.241632246986432708e+00
-1.434485564060409057e+00
4.364638934548920046e-01
2.936520478278094315e-02
-3.548187919289683689e-01
-2.173457170563870278e-01
1.326572763191165016e+00
-1.741037900262684346e+00
1.748189372253096674e-01
2.731101458422499628e-02
-3.200475032078805571e-01
-1.626157565293564478e-01
1.326572763191165016e+00
-1.741037900262684346e+00
1.748189372253096674e-01
5.717343907945510173e-02
-3.177904092573957673e-01
-1.943629178949867198e-01
0.000000000000000000e+00
0.000000000000000000e+00
0.000000000000000000e+00
0.000000000000000000e+00
0.000000000000000000e+00
0.000000000000000000e+00
-4.597328858026351189e-02
-8.251728242899068818e-11
2.475518886454986549e-10
0.000000000000000000e+00
-0.000000000000000000e+00
0.000000000000000000e+00
-4.597329793561904382e-02
6.347512564108207522e-01
-1.101925079193300849e+00
0.000000000000000000e+00
0.000000000000000000e+00
0.000000000000000000e+00
6.363137359062887022e-01
1.331879991779997940e+00
-7.003521046069320910e-01
-1.988212684700799149e-01
1.425193530985474077e-01
9.039163345514560077e-02
1.254719640143096560e-01
1.410600001450954100e+00
3.092901590048569016e-02
-3.976425369401598298e-01
2.850387062117528680e-01
1.807832669187348362e-01
-3.872629673610127332e-01
-2.192231023777055920e-01
-1.518006203145670918e-01
-4.095566359121885491e-01
2.845223231151619014e-01
2.526670734205362923e-01
-7.330794697961320328e-01
-3.170183626784123243e-02
-8.540090658672504498e-01
-4.220761715968986971e-01
2.849491449774567142e-01
2.839896287340455405e-01
-2.755990094201382412e+00
7.403696640087907843e-01
3.483913095472904731e-01
-4.481001120854469777e-01
1.756552784651665977e-01
3.103856398041518472e-01
-2.755990094201381524e+00
7.403696640087911174e-01
3.483913095472904176e-01
-4.481001120627071677e-01
1.756552788705342261e-01
3.103856391225864320e-01
-4.502875630603508483e+00
-1.527501586750452001e+00
-1.907685606949955925e+00
-4.523686561664636008e-01
1.261123135464762290e-01
3.819030468235248277e-01
-4.502875630603508483e+00
-1.527501586750452001e+00
-1.907685606949955925e+00
-4.179529828430040839e-01
2.223702778422155524e-01
2.235941049214171528e-01
-4.038789221042790700e+00
-1.404137698953588309e+00
-4.327752377028210029e-01
-4.997540713234801535e-01
-3.519041190398676522e-02
3.498411387598288624e-01
-4.038789221042790700e+00
-1.404137698953588309e+00
-4.327752377028210029e-01
-5.457818105618195137e-01
1.137415108279022646e-01
2.961768156714945643e-01
-2.189082462529698514e+00
1.330336495347467674e+00
9.233303281158727893e-01
-4.962064757177723218e-01
2.776901213112840938e-02
2.441091406816682241e-01
-2.189082462529698514e+00
1.330336495347467674e+00
9.233303281158727893e-01
-5.405534755123959645e-01
-1.419658791011825516e-02
1.994329625295123976e-01
0.000000000000000000e+00
0.000000000000000000e+00
0.000000000000000000e+00
0.000000000000000000e+00
0.000000000000000000e+00
0.000000000000000000e+00
-5.029431323670117970e-02
-9.027307330167086835e-11
2.708192651508228240e-10
0.000000000000000000e+00
-0.000000000000000000e+00
0.000000000000000000e+00
-5.029432259466527083e-02
6.337821686322409054e-01
-1.102676540693922735e+00
0.000000000000000000e+00
0.000000000000000000e+00
0.000000000000000000e+00
6.371570694397694634e-01
1.334769816675203113e+00
-6.997719295376739757e-01
-1.986335346603411989e-01
1.425110032459201981e-01
9.097053220915983507e-02
1.322404334002030835e-01
1.412112198892699455e+00
2.717330737364129223e-02
-3.972670693206823977e-01
2.850220065078849507e-01
1.819410644275415434e-01
-3.812286926480937810e-01
-2.215287999740067626e-01
-1.556594746458445089e-01
-4.098566579551781164e-01
2.848433137286375261e-01
2.524951152989802217e-01
-7.263759619675402845e-01
-3.457405432512244969e-02
-8.568164102741385735e-01
-4.227361278640645037e-01
2.854593210249625757e-01
2.831618005688353867e-01
-2.755891495882111464e+00
7.399771652763925678e-01
3.487450329482100209e-01
-4.487098406446462517e-01
1.762715286379648028e-01
3.095872343035229179e-01
-2.755891495882111464e+00
7.399771652763931229e-01
3.487450329482099654e-01
-4.487098406220088598e-01
1.762715290434468396e-01
3.095872336220475973e-01
-4.489750594741396483e+00
-1.511832285989902491e+00
-1.891596496787866011e+00
-4.529245986252070644e-01
1.268522160156044798e-01
3.811402166569072270e-01
-4.489750594741396483e+00
-1.511832285989902491e+00
-1.891596496787866011e+00
-4.183902718735739157e-01
2.217470698040751587e-01
2.233287498294143636e-01
-2.266000004349557617e+00
1.559081402778725423e+00
6.471986719438378444e-01
-5.002997024116802027e-01
-3.447040055521492785e-02
3.490663745090544778e-01
-2.266000004349557617e+00
1.559081402778725423e+00
6.471986719438378444e-01
-5.528872754810465473e-01
-9.673351497139179300e-02
3.149343869197956947e-01
-2.189131660581552286e+00
1.329969086885578466e+00
9.238040051640885597e-01
-4.967679739332875877e-01
2.850680665361492172e-02
2.433483533049428660e-01
-2.189131660581552286e+00
1.329969086885578466e+00
9.238040051640885597e-01
-5.410758295774333870e-01
-1.340488207287393596e-02
1.986911760389188930e-01
