-2.221441471072811424e+00
nan
-2.221441467085554233e+00
2.610459999999999864e-02
2.799937000000000120e-01
-1.333499999999999686e-01
1.508841690486226295e+00
-9.826828919807020224e-01
-1.508841696847055935e+00
8.860460000000003333e-02
2.799937001121810543e-01
-1.333500001121810108e-01
-1.456835762714077998e+00
-2.490152848747727798e+00
-5.258691085292387379e-01
2.073546000000000833e-01
2.799937003253250012e-01
-1.333500007516129071e-01
-1.254611213608089360e+00
7.078639630489603762e-01
-9.682541158954162119e-01
2.865298612672362299e-02
1.881182673600251820e-01
-1.739657368218249511e-01
-2.956527065993824532e+00
7.397987975652093873e-01
-2.985501922579287259e-01
-1.500486277465528095e-01
9.624283424595167502e-02
-2.145814725555011404e-01
6.955915226801938633e-01
1.842791179897631304e+00
2.214390117003831371e+00
-2.473586809898779548e-01
-8.658186778089158042e-02
-2.290428648320842198e-01
-6.051238523695100235e-02
3.323197853003541091e-01
-2.230820902465005418e+00
-2.948790352064923903e-01
-1.779142523520227392e-01
-2.418598053281033611e-01
3.210971667379238226e-01
-1.436259981264954133e+00
-1.486336021238426008e+00
-2.161372414989493618e-01
-2.399149299835289795e-01
-2.686871868058545720e-01
3.210971662133109139e-01
-1.436259983967679510e+00
-1.486336015925810994e+00
-2.161372413661681313e-01
-2.399149297611862242e-01
-2.686871869299802817e-01
-1.467118811259059630e+00
-1.767776383406142182e+00
-1.757214922096121290e+00
-1.134790363886638009e-01
-2.997300244572117522e-01
-2.724830244478699814e-01
-1.467118811259059630e+00
-1.767776383406142182e+00
-1.757214922096121290e+00
-1.295172306065610623e-01
-3.026419272120652315e-01
-3.129680620937124735e-01
9.958784852357752682e-01
1.393462406295153388e-01
-1.127265123926345591e+00
-1.518778965955633053e-01
-3.314035179850879365e-01
-3.122587885123172535e-01
9.958784852357752682e-01
1.393462406295153388e-01
-1.127265123926345591e+00
-1.923197527444021893e-01
-3.169437650479425272e-01
-3.200120420773270857e-01
8.671608822010022921e-01
-9.872636840832561544e-01
4.388505534706841904e-01
-1.312403313185745712e-01
-2.968999759857811060e-01
-3.315032713045383828e-01
8.671608822010022921e-01
-9.872636840832561544e-01
4.388505534706841904e-01
-1.192954829682883744e-01
-3.171885946321780780e-01
-3.682515185541656577e-01
-2.221441471072811424e+00
nan
-2.221441467085554233e+00
2.610459999999999864e-02
2.799937000000000120e-01
1.333500000000000241e-01
1.507275656052016632e+00
-9.840615111409550808e-01
-1.507275662401939442e+00
8.860460000000003333e-02
2.799937001121810543e-01
1.333499998878189818e-01
-1.458210433281020180e+00
-2.491122126452513186e+00
-5.231689754746602361e-01
2.073546000000001110e-01
2.799937003253250012e-01
1.333499992483870855e-01
-1.253920509415448636e+00
7.106625631631551254e-01
-9.648509227228294627e-01
2.860448992985190064e-02
1.881068263432309762e-01
9.297425727738799217e-02
-2.954331047404322952e+00
7.414958655443257829e-01
-2.930900170132756943e-01
-1.501456201402963098e-01
9.621995221311509250e-02
5.259851564325612044e-02
6.958391333903277687e-01
1.840006670287855473e+00
2.214596014061401608e+00
-2.476908261540018974e-01
-8.645560774574385932e-02
3.783970209130987222e-02
-5.831902284866450487e-02
3.331877853124956546e-01
-2.230760986041961935e+00
-2.953444074856533819e-01
-1.776971300114387198e-01
2.487115163621289593e-02
3.213663167689282396e-01
-1.436321654024939498e+00
-1.486120957406843246e+00
-2.165832722126420640e-01
-2.396794834080477055e-01
-1.941791841225400106e-03
3.213663162442557120e-01
-1.436321656727966412e+00
-1.486120952094332370e+00
-2.165832720798953059e-01
-2.396794831856766117e-01
-1.941791965337127945e-03
-1.471890085917450630e+00
-1.759531367620258635e+00
-1.753290998858844985e+00
-1.139099063289649438e-01
-2.994697003819002945e-01
-5.719473551190850866e-03
-1.471890085917450630e+00
-1.759531367620258635e+00
-1.753290998858844985e+00
-1.302290247240797394e-01
-3.022044941620276592e-01
-4.610447574750630578e-02
6.933388525344276188e-01
-6.646113208209157852e-01
5.371423950582007167e-01
-1.522947534655651469e-01
-3.311538032882651583e-01
-4.550031313105287051e-02
6.933388525344276188e-01
-6.646113208209157852e-01
5.371423950582007167e-01
-1.455949350266151909e-01
-3.602676484874980378e-01
-7.731599440947614643e-02
8.670977147973973898e-01
-9.874461696587337745e-01
4.394051236872510424e-01
-1.316625422182585714e-01
-2.966458472869674678e-01
-6.474262226117077912e-02
8.670977147973973898e-01
-9.874461696587337745e-01
4.394051236872510424e-01
-1.196963910474739545e-01
-3.169377558585795840e-01
-1.014821214043173381e-01
0.000000000000000000e+00
0.000000000000000000e+00
0.000000000000000000e+00
0.000000000000000000e+00
0.000000000000000000e+00
0.000000000000000000e+00
-6.037333682700921633e-01
-1.083638747625643407e-09
3.250916786008024864e-09
0.000000000000000000e+00
-0.000000000000000000e+00
0.000000000000000000e+00
-6.037333742204389342e-01
3.231314643900437544e-01
-7.309443327189824036e-01
0.000000000000000000e+00
0.000000000000000000e+00
0.000000000000000000e+00
6.586156343207836272e-01
9.721399393951477563e-01
-4.440345918201863418e-01
-8.028004931573581859e-02
1.060998565242913388e-01
1.132123793318401128e-01
7.348210209853389685e-01
9.829850014818699577e-01
-8.038562215352195173e-01
-1.605600986314716649e-01
2.121997132517605966e-01
2.264247587534999329e-01
-3.377009831523717920e-01
-1.078363104140153794e+00
-1.093131226621316010e+00
-3.217402045144990841e-01
3.010495400068792793e-01
1.877356473803853953e-01
-2.596586318964055340e-01
-1.186034061681525920e+00
-6.152289362885873247e-01
-4.077571703521225555e-01
3.486672296946553562e-01
1.673344867608389241e-01
-2.780724871410916066e+00
7.990339420790153468e-01
2.437000019050252764e-01
-4.140835930821887834e-01
2.932570385386323863e-01
2.768239473063320855e-01
-2.780724871410915622e+00
7.990339420790156799e-01
2.437000019050248323e-01
-4.140835932355542703e-01
2.932570382258318786e-01
2.768239465819614109e-01
-4.599342635978036498e+00
-2.616061693446840586e+00
1.209779659470515023e+00
-4.025396575595944770e-01
3.077196631805854121e-01
3.611258778790678026e-01
-4.599342635978036498e+00
-2.616061693446840586e+00
1.209779659470515023e+00
-2.931055406933747998e-01
1.021124222774364432e-01
3.325618108457856215e-01
-4.374853478411692365e+00
-2.312520817515860916e+00
2.755833336590932880e+00
-4.266030126861323213e-01
1.877564044616324423e-01
4.798831417389657905e-01
-4.374853478411692365e+00
-2.312520817515860916e+00
2.755833336590932880e+00
-4.485221215966218589e-01
4.238604076515617436e-02
3.231012070617498289e-01
-2.242031523422599815e+00
1.598371407345073214e+00
-2.251249490001616671e-02
-4.503885208858338096e-01
1.392721672211807704e-01
3.674481692115367792e-01
-2.242031523422599815e+00
1.598371407345073214e+00
-2.251249490001616671e-02
-5.095826159834906388e-01
5.661253011942118940e-02
3.938435877152879905e-01
0.000000000000000000e+00
0.000000000000000000e+00
0.000000000000000000e+00
0.000000000000000000e+00
0.000000000000000000e+00
0.000000000000000000e+00
-6.062802647338059181e-01
-1.088210162490750217e-09
3.264631032894586581e-09
0.000000000000000000e+00
-0.000000000000000000e+00
0.000000000000000000e+00
-6.062802706435478362e-01
3.192538414491782328e-01
-7.265559709199670424e-01
0.000000000000000000e+00
0.000000000000000000e+00
0.000000000000000000e+00
6.637940956300447670e-01
9.721382697936956641e-01
-4.396739407568970304e-01
-7.965106766646329328e-02
1.053929440044560489e-01
1.127758581258117149e-01
7.405983186741080804e-01
9.842824880685958622e-01
-8.073367214248944324e-01
-1.593021353329265866e-01
2.107858882131480871e-01
2.255517163413661708e-01
-3.358375225997519142e-01
-1.076751374121863503e+00
-1.100280339283951303e+00
-3.213096647184184862e-01
3.004680675291649949e-01
1.862745418473178705e-01
-2.573255481897832597e-01
-1.186642567428619621e+00
-6.156260891191462914e-01
-4.077370132708069139e-01
3.485450403083001913e-01
1.656058094625751931e-01
-2.780923774730652998e+00
7.993440059142871146e-01
2.434917473085771999e-01
-4.140775869983763791e-01
2.931579752466788036e-01
2.750167683024094534e-01
-2.780923774730652553e+00
7.993440059142875587e-01
2.434917473085769779e-01
-4.140775871517297646e-01
2.931579749338563134e-01
2.750167675779019993e-01
-4.576325862538544342e+00
-2.573821490267579115e+00
1.197417441525489901e+00
-4.025388298265669129e-01
3.076526476271400634e-01
3.592174645951383694e-01
-4.576325862538544342e+00
-2.573821490267579115e+00
1.197417441525489901e+00
-2.953203535178870465e-01
1.032969206208358692e-01
3.297302744722775403e-01
-2.410718419965326653e+00
1.522176843955451719e+00
-3.399983413411256095e-01
-4.266225879163918489e-01
1.876787715612922847e-01
4.780112371250385683e-01
-2.410718419965326653e+00
1.522176843955451719e+00
-3.399983413411256095e-01
-4.849503403108761379e-01
1.087021955031216569e-01
5.379982115363728390e-01
-2.242382912723742461e+00
1.598804174707566750e+00
-2.266080004327042374e-02
-4.504062148823048117e-01
1.391911497880770066e-01
3.655550074743786348e-01
-2.242382912723742461e+00
1.598804174707566750e+00
-2.266080004327042374e-02
-5.096053103716702282e-01
5.653596212848793767e-02
3.919257040748818643e-01
