-2.221441471072811424e+00
nan
-2.221441467085554233e+00
2.610459999999999864e-02
2.799937000000000120e-01
-1.333499999999999686e-01
1.543026601597298431e+00
-9.520178258442744124e-01
-1.543026608197243910e+00
8.860460000000003333e-02
2.799937001121810543e-01
-1.333500001121810108e-01
-5.550956229150808552e-01
-2.923831102346176714e+00
-6.925767769765244219e-01
2.073546000000000833e-01
2.799937003253250012e-01
-1.333500007516129071e-01
-1.182291440323970155e+00
-3.004597263614302016e-01
-1.172522984183707040e+00
1.322232405198303651e-01
1.095243707249728971e-01
-2.189098423145099948e-01
-2.569277223568576130e+00
6.629306793416406274e-01
-1.402247417348179148e+00
5.709188103966063299e-02
-6.094495904043484291e-02
-3.044696835485505293e-01
-7.301485233369627847e-01
-1.576148029032351072e+00
-2.422477017379265352e+00
-1.679491130526918063e-02
-2.450986562972543581e-01
-3.655549330251708362e-01
-2.424547214259275413e-02
7.019860524243464184e-01
-1.685317882895060571e+00
-4.905563913007437993e-02
-3.377525673978106213e-01
-3.992974981022966996e-01
1.550801918051800454e+00
-2.422207354832966453e-01
-2.563879560202132701e+00
4.294881536845915337e-02
-3.447213224133474641e-01
-4.467388229779861719e-01
1.550801917422454101e+00
-2.422207427811826908e-01
-2.563879558474897458e+00
4.294881550086132593e-02
-3.447213223565180340e-01
-4.467388227295622238e-01
-5.512045356171944854e-02
3.715522692985133157e-01
-1.498810077150689590e-01
1.469133615422817118e-01
-3.824949106074354566e-01
-4.902760502734877512e-01
-5.512045356171944854e-02
3.715522692985133157e-01
-1.498810077150689590e-01
1.193695779623521053e-01
-4.142568647658534386e-01
-4.785602754911458812e-01
-1.281585045273271550e+00
-2.472274804281231031e+00
8.265878380014372029e-01
1.335139068099118753e-01
-3.301856292300934248e-01
-5.240989383675171975e-01
-1.281585045273271550e+00
-2.472274804281231031e+00
8.265878380014372029e-01
1.236928409801005407e-01
-3.664981388132424467e-01
-5.019700107308190384e-01
1.438614775579836857e+00
-2.296472965737253791e+00
-3.316591736008647762e-01
1.540824097943966631e-01
-3.213959659811289615e-01
-4.855446631967005877e-01
1.438614775579836857e+00
-2.296472965737253791e+00
-3.316591736008647762e-01
1.924104656357313592e-01
-3.151506942796733490e-01
-5.054619381460637717e-01
-2.221441471072811424e+00
nan
-2.221441467085554233e+00
2.610459999999999864e-02
2.799937000000000120e-01
1.333500000000000241e-01
1.543231121035635312e+00
-9.518310312890545521e-01
-1.543231127637017419e+00
8.860460000000003333e-02
2.799937001121810543e-01
1.333499998878189818e-01
-5.563046727937359659e-01
-2.923263794259649995e+00
-6.928959490330020010e-01
2.073546000000000833e-01
2.799937003253250012e-01
1.333499992483870855e-01
-1.182513284388169383e+00
-2.984319762216127714e-01
-1.171404509330211230e+00
1.320574302646560227e-01
1.096079552726607342e-01
4.776942836518197066e-02
-2.571931398114833733e+00
6.607365033264700482e-01
-1.400115280271829077e+00
5.676026052931196220e-02
-6.077778994515575794e-02
-3.781114218921508008e-02
-7.299421603398557057e-01
-1.578534586302573706e+00
-2.420821141110272023e+00
-1.700004752793930762e-02
-2.451027287940610588e-01
-9.853168133081652291e-02
-2.581254034979306097e-02
7.004297418049677537e-01
-1.685254437150071283e+00
-4.920345941987502858e-02
-3.378394543727290533e-01
-1.321010496815192836e-01
1.550926852424231228e+00
-2.424383152207909287e-01
-2.563909935765226855e+00
4.280361259828829867e-02
-3.448256113479579721e-01
-1.795347382305029216e-01
1.550926851794192762e+00
-2.424383225188823376e-01
-2.563909934037906346e+00
4.280361273067992411e-02
-3.448256112911338156e-01
-1.795347379820722289e-01
-5.690739420622222683e-02
3.712554494232245816e-01
-1.593816519005455123e-01
1.467656367034417819e-01
-3.826182337672290878e-01
-2.230614681949684153e-01
-5.690739420622222683e-02
3.712554494232245816e-01
-1.593816519005455123e-01
1.189352573320815731e-01
-4.140912162764351923e-01
-2.112435800320445478e-01
1.433266700818031758e+00
-2.073559900257870847e+00
7.432140066745325513e-02
1.333770373224306693e-01
-3.303089645540878694e-01
-2.568886735977490843e-01
1.433266700818031758e+00
-2.073559900257870847e+00
7.432140066745325513e-02
1.701650482113940821e-01
-3.247469146088096115e-01
-2.797019806760694394e-01
1.438087290832617882e+00
-2.296845632396534498e+00
-3.314907689898070053e-01
1.539439022401166979e-01
-3.215201192235821459e-01
-2.183333381146528029e-01
1.438087290832617882e+00
-2.296845632396534498e+00
-3.314907689898070053e-01
1.922762643857008902e-01
-3.152952020791162657e-01
-2.382486976015996127e-01
0.000000000000000000e+00
0.000000000000000000e+00
0.000000000000000000e+00
0.000000000000000000e+00
0.000000000000000000e+00
0.000000000000000000e+00
5.142160349272117958e-01
9.229644233417001024e-10
-2.768893732624540075e-09
0.000000000000000000e+00
-0.000000000000000000e+00
0.000000000000000000e+00
5.142160254007468456e-01
5.764999891143082200e-01
-1.148617905638761316e+00
0.000000000000000000e+00
0.000000000000000000e+00
0.000000000000000000e+00
8.734548217688046234e-01
1.391595007576713838e+00
-7.395155734698429795e-01
-2.451293720708321855e-01
1.302934664362960238e-01
-4.434483319736187701e-02
-1.118006236566123190e+00
1.597661807540231571e+00
5.986485097076191808e-01
-4.902587441416642600e-01
2.605869327034888161e-01
-8.868966647959794503e-02
-1.512275729895275367e+00
4.653063695921646481e-01
1.862689716875494117e-01
-4.776089778145843345e-01
1.480610247020611170e-01
2.352414217513860151e-01
-1.653059845434850850e+00
6.221460505087158532e-01
-1.097966019890636025e-01
-4.760510595278188983e-01
9.102378987369343089e-02
3.903708049331925389e-01
-2.723254824220298520e+00
7.032065464034287228e-01
4.420404557213911678e-01
-5.063316380509300663e-01
2.498664235665186417e-03
3.446503660265778368e-01
-2.723254824220298076e+00
7.032065464034287228e-01
4.420404557213915009e-01
-5.063316379013574897e-01
2.498664970713770916e-03
3.446503657787108876e-01
-5.291474167746056168e+00
5.194086968685565076e-01
-6.094126215101024258e+00
-5.202498471578339556e-01
-7.010776466044114918e-02
3.744089228409452907e-01
-5.291474167746056168e+00
5.194086968685565076e-01
-6.094126215101024258e+00
-7.077259293249841265e-01
1.597412485329698095e-01
5.567829635234290420e-01
-4.251855510062140908e+00
-5.754582143474762379e-01
-2.334597226425125793e+00
-5.671571420623245929e-01
-1.681392089078851404e-01
2.413800042646408739e-01
-4.251855510062140908e+00
-5.754582143474762379e-01
-2.334597226425125793e+00
-6.646664994029189977e-01
-5.112197295720746076e-02
3.901239352145250971e-01
-2.264112202694241294e+00
7.181329938478248076e-01
1.330277616768411830e+00
-5.439309101185769713e-01
-5.405398262187351838e-02
2.029796054702181773e-01
-2.264112202694241294e+00
7.181329938478248076e-01
1.330277616768411830e+00
-5.665421075623369163e-01
-4.816197309916563085e-02
1.613149681121072709e-01
0.000000000000000000e+00
0.000000000000000000e+00
0.000000000000000000e+00
0.000000000000000000e+00
0.000000000000000000e+00
0.000000000000000000e+00
5.091124841870554585e-01
9.138040793501902434e-10
-2.741412696058750299e-09
0.000000000000000000e+00
-0.000000000000000000e+00
0.000000000000000000e+00
5.091124746400031986e-01
5.781026337335741783e-01
-1.150967401936077605e+00
0.000000000000000000e+00
0.000000000000000000e+00
0.000000000000000000e+00
8.706947316417268379e-01
1.396306857522081835e+00
-7.400035374864823989e-01
-2.455827917342114919e-01
1.302347240468816059e-01
-4.321601617045618682e-02
-1.112600585763786620e+00
1.600573576473574233e+00
5.982953940669335502e-01
-4.911655834684229838e-01
2.604694479263629514e-01
-8.643203242499342132e-02
-1.507331570088279893e+00
4.638598924224496267e-01
1.868212975739890203e-01
-4.780725120427304353e-01
1.487812879339125427e-01
2.367068025781598750e-01
-1.649377767508808157e+00
6.213178510222199247e-01
-1.118963683971402889e-01
-4.763188002292073620e-01
9.216483603501482436e-02
3.914296679253285172e-01
-2.723398958813514792e+00
7.028689813067799941e-01
4.418087475555757537e-01
-5.065719232590997212e-01
3.633507485697524964e-03
3.457868436554260017e-01
-2.723398958813514792e+00
7.028689813067799941e-01
4.418087475555758648e-01
-5.065719231095908714e-01
3.633508220765163665e-03
3.457868434076173947e-01
-5.285672456297106692e+00
5.194566676413031603e-01
-6.080640523029353872e+00
-5.204684004309398926e-01
-6.897581191684423740e-02
3.756395502255212016e-01
-5.285672456297106692e+00
5.194566676413031603e-01
-6.080640523029353872e+00
-7.057054124533427286e-01
1.627162066142950336e-01
5.564521031193925271e-01
-2.276156168486254128e+00
1.076969402325910874e+00
1.254226596629312684e+00
-5.673551865494526059e-01
-1.670159882143958385e-01
2.425909721222127002e-01
-2.276156168486254128e+00
1.076969402325910874e+00
1.254226596629312684e+00
-5.989004912118174317e-01
-1.728021361502591335e-01
1.903113157299930747e-01
-2.264323510153692709e+00
7.177788986417462658e-01
1.330080905625865340e+00
-5.441388259224382296e-01
-5.292780687259823758e-02
2.041996285065721395e-01
-2.264323510153692709e+00
7.177788986417462658e-01
1.330080905625865340e+00
-5.667132941539904101e-01
-4.703748061467700331e-02
1.625902415844053261e-01
