-2.221441471072811424e+00
nan
-2.221441467085554233e+00
2.610459999999999864e-02
2.799937000000000120e-01
-1.333499999999999686e-01
1.553487876747901675e+00
-9.424114355690529354e-01
-1.553487883421420523e+00
8.860460000000003333e-02
2.799937001121810543e-01
-1.333500001121810108e-01
-1.292039156021951296e+00
-2.550211072835475878e+00
-6.243736997929133503e-01
2.073546000000000833e-01
2.799937003253250012e-01
-1.333500007516129071e-01
-1.264087622043092551e+00
5.179302894613343478e-01
-1.028622207704387614e+00
4.206053545874577360e-02
1.724529770004840645e-01
-1.893666505461309713e-01
-3.002161525392940344e+00
5.984180160626505485e-01
-5.380035003591115972e-01
-1.232335290825085083e-01
6.491225350565865693e-02
-2.453833000143129106e-01
-7.765478255895561510e-01
-1.959902080372897926e+00
-2.328142962130318683e+00
-2.029984001813369132e-01
-1.265160023704510195e-01
-2.551832077086739203e-01
-2.091297499418919570e-01
4.272734295415854811e-01
-2.120069134591915372e+00
-2.409752647706739359e-01
-2.225183260801515128e-01
-2.654483963723587303e-01
6.061270105591710644e-01
-1.251537966704945770e+00
-1.777683966920209357e+00
-1.606136812448613616e-01
-2.749860744764224263e-01
-3.048592295461127200e-01
6.061270099984196191e-01
-1.251537970502596853e+00
-1.777683962071953339e+00
-1.606136810967438433e-01
-2.749860742315533568e-01
-3.048592295700850441e-01
-1.441185530684052418e+00
-9.448645550923325809e-01
-1.732921548685275592e+00
-5.890953544092480954e-02
-3.346883747721542957e-01
-3.197878280220408653e-01
-1.441185530684052418e+00
-9.448645550923325809e-01
-1.732921548685275592e+00
-8.610809353171429426e-02
-3.152796910683206555e-01
-3.478641981449127618e-01
1.356951136002729763e+00
5.781594344302591892e-01
-1.462761035089627404e+00
-9.323609458353043777e-02
-3.484240442259635695e-01
-3.716801471689520908e-01
1.356951136002729763e+00
5.781594344302591892e-01
-1.462761035089627404e+00
-1.288226724798363088e-01
-3.265772011825981980e-01
-3.589895188441324381e-01
1.083388874270272861e+00
-1.273584181648779845e+00
3.814196484612776272e-01
-7.022068314610843687e-02
-3.104326019357707134e-01
-3.753807927987217741e-01
1.083388874270272861e+00
-1.273584181648779845e+00
3.814196484612776272e-01
-5.063540384108457248e-02
-3.202063342411509139e-01
-4.131383366274320457e-01
-2.221441471072811424e+00
nan
-2.221441467085554233e+00
2.610459999999999864e-02
2.799937000000000120e-01
1.333500000000000241e-01
1.552247754524970658e+00
-9.435557515920067750e-01
-1.552247761189757824e+00
8.860460000000003333e-02
2.799937001121810543e-01
1.333499998878189818e-01
-1.293841137787227202e+00
-2.550522959446014593e+00
-6.220373143130971672e-01
2.073546000000000833e-01
2.799937003253250012e-01
1.333499992483870855e-01
-1.264094581907720505e+00
5.207732831953305608e-01
-1.025948955548236841e+00
4.193626946586789805e-02
1.725036782869268370e-01
7.760350980299426937e-02
-3.001352336238284568e+00
5.994076812566149215e-01
-5.328454776368213297e-01
-1.234820610682642317e-01
6.501365607912708289e-02
2.185702068424055788e-02
7.766330931158191841e-01
1.959194862221603550e+00
2.329726116974601968e+00
-2.033529040683898503e-01
-1.263606570240786708e-01
1.186849112651889096e-02
-2.076170425170127121e-01
4.277751897787940294e-01
-2.120134373018719209e+00
-2.413981430564119401e-01
-2.223251213883121191e-01
1.502977650088430095e-03
6.064562061463112386e-01
-1.251646096174392264e+00
-1.777493364993981251e+00
-1.610169666325718119e-01
-2.747796256204110277e-01
-3.788552273370651008e-02
6.064562055853452982e-01
-1.251646099972463677e+00
-1.777493360145904200e+00
-1.610169664844914583e-01
-2.747796253755163121e-01
-3.788552275764644345e-02
-1.441483933912881987e+00
-9.429443953213322294e-01
-1.731203158995911151e+00
-5.929833988213159546e-02
-3.344642705326695276e-01
-5.278603012331713890e-02
-1.441483933912881987e+00
-9.429443953213322294e-01
-1.731203158995911151e+00
-8.655950687332344962e-02
-3.150350401280925805e-01
-8.078736767662370033e-02
9.418655281420194036e-01
-9.481786715371200991e-01
5.388891210272871435e-01
-9.360890923598283453e-02
-3.482073545483959087e-01
-1.046869601411044015e-01
9.418655281420194036e-01
-9.481786715371200991e-01
5.388891210272871435e-01
-7.907428188794936308e-02
-3.663725988903632214e-01
-1.416126914197185505e-01
1.083286295254179299e+00
-1.273895797326573431e+00
3.819502864707555734e-01
-7.059926964706875196e-02
-3.102119259574473986e-01
-1.083825685048805665e-01
1.083286295254179299e+00
-1.273895797326573431e+00
3.819502864707555734e-01
-5.099333771158358342e-02
-3.199902394164073627e-01
-1.461282059143805823e-01
0.000000000000000000e+00
0.000000000000000000e+00
0.000000000000000000e+00
0.000000000000000000e+00
0.000000000000000000e+00
0.000000000000000000e+00
-3.922062579760953738e-01
-7.039695344684332621e-10
2.111908956242206902e-09
0.000000000000000000e+00
-0.000000000000000000e+00
0.000000000000000000e+00
-3.922062656230349553e-01
4.774053477204921458e-01
-9.165224142241151783e-01
0.000000000000000000e+00
0.000000000000000000e+00
0.000000000000000000e+00
6.459859002689843921e-01
1.152855715261199121e+00
-5.646885670815207092e-01
-1.253061315423797673e-01
1.295256340616457724e-01
1.210904158560868332e-01
6.243930836734823409e-01
1.155031072165010775e+00
-5.051486807617302510e-01
-2.506122630847594790e-01
2.590512682512826070e-01
2.421808317788426146e-01
-1.936703253086573262e-01
-9.129645102353188824e-01
-7.262721284940806266e-01
-3.586311918924310338e-01
3.054633822429828061e-01
2.147852573765057227e-01
-2.651893492895477378e-01
-8.617954711697370929e-01
-9.402261509711358212e-01
-4.189832509326388843e-01
3.310568580939615702e-01
1.987065290596733980e-01
-2.770923008366086293e+00
7.741877612822746224e-01
2.886327935725389593e-01
-4.343507225132197114e-01
2.450474625252347938e-01
2.818756658541423099e-01
-2.770923008366086293e+00
7.741877612822753996e-01
2.886327935725389593e-01
-4.343507226024561074e-01
2.450474625015609531e-01
2.818756650609582359e-01
-4.489634046663287137e+00
-2.251799357772876320e+00
-1.382017586421049327e-01
-4.286762190293169628e-01
2.330366172469255648e-01
3.685680384428912659e-01
-4.489634046663287137e+00
-2.251799357772876320e+00
-1.382017586421049327e-01
-3.627715525972421418e-01
1.107428785972366242e-01
2.201844556440528400e-01
-4.034062550165034011e+00
-1.702579754322398387e+00
1.010325781166916848e+00
-4.648860527713674640e-01
7.933922550621003156e-02
4.332037229429003267e-01
-4.034062550165034011e+00
-1.702579754322398387e+00
1.010325781166916848e+00
-5.085652883906547350e-01
9.457997685728622428e-02
2.844832045304592771e-01
-2.196700884903134199e+00
1.588237184488120901e+00
3.757676861468023377e-01
-4.787166234468459569e-01
7.572802388327651291e-02
3.101141115242643242e-01
-2.196700884903134199e+00
1.588237184488120901e+00
3.757676861468023377e-01
-5.350119057771325348e-01
1.455090299675998455e-04
3.004780090674747939e-01
0.000000000000000000e+00
0.000000000000000000e+00
0.000000000000000000e+00
0.000000000000000000e+00
0.000000000000000000e+00
0.000000000000000000e+00
-3.961343672115027470e-01
-7.110200829325514540e-10
2.133060605168369905e-09
0.000000000000000000e+00
-0.000000000000000000e+00
0.000000000000000000e+00
-3.961343748381131458e-01
4.744015022959970906e-01
-9.147378990157382095e-01
0.000000000000000000e+00
0.000000000000000000e+00
0.000000000000000000e+00
6.499725376462639481e-01
1.154169306091336278e+00
-5.621966333315800979e-01
-1.247714152651819980e-01
1.292313153856127772e-01
1.210551971942039340e-01
6.310342550317933341e-01
1.155985750573990334e+00
-5.095029218295323847e-01
-2.495428305303640237e-01
2.584626309006185507e-01
2.421103944555136334e-01
-1.899605231026688656e-01
-9.148732116817296367e-01
-7.331848505857441189e-01
-3.585952000574802456e-01
3.054601630864903217e-01
2.136762037486885646e-01
-2.595361226002379507e-01
-8.647424772764247258e-01
-9.419298212729902975e-01
-4.194717609189995700e-01
3.313853175872117918e-01
1.970990936164151164e-01
-2.770989526478973453e+00
7.741616676149187803e-01
2.887362035397996740e-01
-4.348193133172175706e-01
2.454491517799431977e-01
2.802219498848768087e-01
-2.770989526478972564e+00
7.741616676149188914e-01
2.887362035397991744e-01
-4.348193134064607945e-01
2.454491517563621439e-01
2.802219490916380007e-01
-4.470069114518237186e+00
-2.218702784101494352e+00
-1.337493508977622980e-01
-4.291215971846803479e-01
2.335298519813135409e-01
3.668608141157412295e-01
-4.470069114518237186e+00
-2.218702784101494352e+00
-1.337493508977622980e-01
-3.643963046415381601e-01
1.120081012088655903e-01
2.195263842641701768e-01
-2.331327809346673163e+00
1.636494330430269706e+00
3.757897563252476925e-02
-4.653331818143863208e-01
7.980621495098710882e-02
4.315046835726344954e-01
-2.331327809346673163e+00
1.636494330430269706e+00
3.757897563252476925e-02
-5.250793004243442530e-01
-5.733572852368862272e-03
4.500679876206667429e-01
-2.196934546418528811e+00
1.588315139324895542e+00
3.760001959444336794e-01
-4.791648359513569488e-01
7.620943886071732121e-02
3.084065679376646330e-01
-2.196934546418528811e+00
1.588315139324895542e+00
3.760001959444336794e-01
-5.354401555157588533e-01
6.565783086147358727e-04
2.987484840676585263e-01
