-2.221441471072811424e+00
nan
-2.221441467085554233e+00
2.610459999999999864e-02
2.799937000000000120e-01
-1.333499999999999686e-01
1.539296624515565481e+00
-9.554175022078381652e-01
-1.539296631089324130e+00
8.860460000000003333e-02
2.799937001121810543e-01
-1.333500001121810108e-01
-5.374122701824117776e-01
-2.932594357882121638e+00
-6.863634551363061442e-01
2.073546000000000833e-01
2.799937003253250012e-01
-1.333500007516129071e-01
-1.180311796033739924e+00
-3.205605538738866556e-01
-1.174485716794178902e+00
1.346613049816146601e-01
1.082239887263699019e-01
-2.184138064305370941e-01
-2.546666580413813996e+00
6.752023919503854499e-01
-1.415052562780413359e+00
6.196800996322925081e-02
-6.354572303587704973e-02
-3.034776117797253758e-01
-7.240908225143760646e-01
-1.557406548051860629e+00
-2.436957979008206099e+00
-1.205773092627258902e-02
-2.465123371397895669e-01
-3.678721597563227030e-01
-7.356270083692575262e-03
7.112445882498291683e-01
-1.678265334293329358e+00
-4.434095002516080103e-02
-3.385652447094625317e-01
-4.032008799791446108e-01
1.570549358500215265e+00
-2.131324894134959125e-01
-2.576277134280631653e+00
4.796328615453999272e-02
-3.446970821358438797e-01
-4.501731170246425773e-01
1.570549357870182572e+00
-2.131324967799501924e-01
-2.576277132653867596e+00
4.796328628544535566e-02
-3.446970820863924923e-01
-4.501731167738584616e-01
-1.384609991794922071e-02
3.671475049452971873e-01
-7.875213549917932376e-02
1.520555415211811701e-01
-3.817858138349771724e-01
-4.939930821136435113e-01
-1.384609991794922071e-02
3.671475049452971873e-01
-7.875213549917932376e-02
1.264890958283976796e-01
-4.157692357014480811e-01
-4.841836469875305249e-01
-1.237167550383188708e+00
-2.491250429540065703e+00
7.779035932810336451e-01
1.391404388933665803e-01
-3.285171635150501701e-01
-5.264806963930325212e-01
-1.237167550383188708e+00
-2.491250429540065703e+00
7.779035932810336451e-01
1.302905746561001943e-01
-3.659499702237255514e-01
-5.058601724059244020e-01
1.437690837075339179e+00
-2.316186571959898188e+00
-3.581049075144256411e-01
1.594765053455698967e-01
-3.208726194704507040e-01
-4.875607917605472297e-01
1.437690837075339179e+00
-2.316186571959898188e+00
-3.581049075144256411e-01
1.980279664156187613e-01
-3.147097081205103009e-01
-5.070683415212753342e-01
-2.221441471072811424e+00
nan
-2.221441467085554233e+00
2.610459999999999864e-02
2.799937000000000120e-01
1.333500000000000241e-01
1.539535495091729933e+00
-9.552001837122129357e-01
-1.539535501667165018e+00
8.860460000000003333e-02
2.799937001121810543e-01
1.333499998878189818e-01
-5.385816332198202216e-01
-2.932027104856305133e+00
-6.867609156615169796e-01
2.073546000000000833e-01
2.799937003253250012e-01
1.333499992483870855e-01
-1.180498934619991003e+00
-3.185544481971263608e-01
-1.173398549915125155e+00
1.345002687255751339e-01
1.083079545969726498e-01
4.825445807109683682e-02
-2.549352395473585275e+00
6.729876598660872178e-01
-1.413026722463974316e+00
6.164593745115018453e-02
-6.337779129478460227e-02
-3.684108277651351737e-02
-7.239227805546463168e-01
-1.559864093390651352e+00
-2.435289145619014661e+00
-1.225839764178660030e-02
-2.465239038024568397e-01
-1.008637407016417659e-01
-8.955199465668309960e-03
7.096616213700189801e-01
-1.678211339804239977e+00
-4.448658222223245140e-02
-3.386637752171674509e-01
-1.360155644712459366e-01
1.570668293142593930e+00
-2.133467946929994419e-01
-2.576311839832281514e+00
4.781999820555937752e-02
-3.448129016146681547e-01
-1.829809342054998234e-01
1.570668292511902653e+00
-2.133468020596589743e-01
-2.576311838205476601e+00
4.781999833645481091e-02
-3.448129015652219298e-01
-1.829809339547095459e-01
-1.563206734342122498e-02
3.670302362241025240e-01
-8.837959378841157843e-02
1.519095376946847931e-01
-3.819205719842765911e-01
-2.267913160281669893e-01
-1.563206734342122498e-02
3.670302362241025240e-01
-8.837959378841157843e-02
1.260348659588859110e-01
-4.156357509370661729e-01
-2.168651286757126706e-01
1.435640461857250694e+00
-2.098329332194216246e+00
5.355014400280596470e-02
1.390050456908161758e-01
-3.286518843354158670e-01
-2.592830852420802135e-01
1.435640461857250694e+00
-2.098329332194216246e+00
5.355014400280596470e-02
1.761050649386316502e-01
-3.230590704198145757e-01
-2.815777063181869044e-01
1.437157767210067050e+00
-2.316551984839898992e+00
-3.579444345389968252e-01
1.593395690469103232e-01
-3.210081461663152891e-01
-2.203622160883383363e-01
1.437157767210067050e+00
-2.316551984839898992e+00
-3.579444345389968252e-01
1.978949600012119558e-01
-3.148655485961782685e-01
-2.398684060818328245e-01
0.000000000000000000e+00
0.000000000000000000e+00
0.000000000000000000e+00
0.000000000000000000e+00
0.000000000000000000e+00
0.000000000000000000e+00
5.356130209101059858e-01
9.613697928509334597e-10
-2.884109860401413461e-09
0.000000000000000000e+00
-0.000000000000000000e+00
0.000000000000000000e+00
5.356130114530952557e-01
5.658559028624818854e-01
-1.142635270762105471e+00
0.000000000000000000e+00
0.000000000000000000e+00
0.000000000000000000e+00
8.832189557401775026e-01
1.387227018890921260e+00
-7.358758251271437789e-01
-2.444039874849671112e-01
1.286232039612719424e-01
-5.086816242126870891e-02
-1.175415368993895759e+00
1.595165208687076674e+00
6.034885261689952873e-01
-4.888079749699342225e-01
2.572464077459330478e-01
-1.017363249299987060e-01
-1.563024991610006742e+00
4.899286876790013290e-01
1.793129855845138065e-01
-4.811096652476317126e-01
1.368823811068522467e-01
2.314087317147331679e-01
-1.685201146581865483e+00
6.320378330745454187e-01
-7.932419255648451295e-02
-4.819119370957241633e-01
7.587390807608304644e-02
3.911062019636699638e-01
-2.720969457775010980e+00
7.008446748774094237e-01
4.477627154498532436e-01
-5.120865710653598191e-01
-1.060571865500308658e-02
3.430998120066423573e-01
-2.720969457775010536e+00
7.008446748774095347e-01
4.477627154498535766e-01
-5.120865709117413678e-01
-1.060571791401265090e-02
3.430998117803422676e-01
-5.297976915131973996e+00
7.063341205469878537e-01
-6.249704591869582160e+00
-5.261906090331048835e-01
-8.322987438267501203e-02
3.710646153179059659e-01
-5.297976915131973996e+00
7.063341205469878537e-01
-6.249704591869582160e+00
-7.316482179865635427e-01
1.285230195099296702e-01
5.691664527975844878e-01
-4.236030487469832018e+00
-4.950211771861852128e-01
-2.373344049351249208e+00
-5.728110960158852016e-01
-1.774105820158115299e-01
2.351737256426867928e-01
-4.236030487469832018e+00
-4.950211771861852128e-01
-2.373344049351249208e+00
-6.718596211267297003e-01
-6.905764111373592640e-02
3.893593658795315715e-01
-2.268058275957994585e+00
6.895315116040136028e-01
1.339246576056350557e+00
-5.489572299072571493e-01
-6.240497787509573929e-02
2.001207308977358823e-01
-2.268058275957994585e+00
6.895315116040136028e-01
1.339246576056350557e+00
-5.706619581054089840e-01
-5.501932531354476741e-02
1.595604415803340559e-01
0.000000000000000000e+00
0.000000000000000000e+00
0.000000000000000000e+00
0.000000000000000000e+00
0.000000000000000000e+00
0.000000000000000000e+00
5.307058627239094051e-01
9.525619531144488138e-10
-2.857686336777378485e-09
0.000000000000000000e+00
-0.000000000000000000e+00
0.000000000000000000e+00
5.307058532455875000e-01
5.675442050895462831e-01
-1.145057051469881459e+00
0.000000000000000000e+00
0.000000000000000000e+00
0.000000000000000000e+00
8.805736047412762169e-01
1.392029240203656482e+00
-7.364034406568438218e-01
-2.448854550572448774e-01
1.285830675437919235e-01
-4.976657664639615175e-02
-1.170342130417590942e+00
1.598199536854196801e+00
6.035209688207686662e-01
-4.897709101144897548e-01
2.571661349126206919e-01
-9.953315337951215702e-02
-1.558516103859240776e+00
4.884162690386150141e-01
1.801330776316730775e-01
-4.815593731022165258e-01
1.376349051261854528e-01
2.329243322274654193e-01
-1.681976888722795715e+00
6.313102465465393331e-01
-8.122792231955830444e-02
-4.821306571071511393e-01
7.704485962627798112e-02
3.922665753054807025e-01
-2.721128159867185925e+00
7.005347001401713847e-01
4.474897838112945614e-01
-5.122798570145815633e-01
-9.447678581630848671e-03
3.443351737441751048e-01
-2.721128159867185481e+00
7.005347001401712737e-01
4.474897838112951165e-01
-5.122798568610208436e-01
-9.447677840623877610e-03
3.443351735179288053e-01
-5.293145069778750766e+00
7.060090162249925694e-01
-6.238413205923468041e+00
-5.263652463163130957e-01
-8.208233673081780091e-02
3.723915662002427740e-01
-5.293145069778750766e+00
7.060090162249925694e-01
-6.238413205923468041e+00
-7.296864861678977743e-01
1.318753067710684845e-01
5.691186509882454336e-01
-2.277899042693263709e+00
1.050367388154421100e+00
1.272817015935590268e+00
-5.729640516395054783e-01
-1.762712332397083914e-01
2.364806846361498238e-01
-2.277899042693263709e+00
1.050367388154421100e+00
1.272817015935590268e+00
-6.035002232678468026e-01
-1.798345934560234283e-01
1.847721688540333584e-01
-2.268281458216648172e+00
6.892050962931955960e-01
1.339006191333276252e+00
-5.491191269784948537e-01
-6.126306871843111707e-02
2.014360542358039352e-01
-2.268281458216648172e+00
6.892050962931955960e-01
1.339006191333276252e+00
-5.707878687085568004e-01
-5.388269060404090455e-02
1.609303421268942769e-01
