-2.221441471072811424e+00
nan
-2.221441467085554233e+00
2.610459999999999864e-02
2.799937000000000120e-01
-1.333499999999999686e-01
1.533453544107349131e+00
-9.607164360809300474e-01
-1.533453550640133667e+00
8.860460000000003333e-02
2.799937001121810543e-01
-1.333500001121810108e-01
-6.435083301324665550e-01
2.900330968579855284e+00
6.660039948742494387e-01
2.073546000000000833e-01
2.799937003253250012e-01
-1.333500007516129071e-01
-3.004104485455186824e-01
-1.269205291730457263e+00
-1.501355484004663010e+00
2.940548896004131496e-01
1.128396238713165467e-01
-2.143905739727596238e-01
-8.280751617242523288e-01
6.874993590424373080e-01
-1.234910236532082761e+00
3.807551792008262437e-01
-5.431445274321425321e-02
-2.954311468628133541e-01
-7.849425859686193219e-01
-2.701705339306760267e-01
2.818954860633180459e+00
4.803296089832837512e-01
-3.118598719090947408e-02
-4.761332691931677852e-01
1.538375261312732833e+00
1.214473435240164045e+00
-1.133078880662296894e+00
5.348745187464490902e-01
-1.865952469174923106e-02
-5.634946053561712409e-01
-8.667812995106020102e-01
-1.444162031466949658e+00
5.633516426473100802e-01
6.368017698999303144e-01
-3.601815183654793334e-02
-5.549169578964635585e-01
-8.667812994270300830e-01
-1.444162028761468042e+00
5.633516477779295650e-01
6.368017698761130330e-01
-3.601815206292471178e-02
-5.549169580715652694e-01
3.121126967544072262e-01
-2.710925267110809500e+00
9.798135914871592966e-01
7.544317454388177469e-01
-3.885729926393844541e-02
-5.718311260217916470e-01
3.121126967544072262e-01
-2.710925267110809500e+00
9.798135914871592966e-01
7.878230990114941656e-01
-6.308529312459687510e-02
-5.575916406138701209e-01
-2.814333136152071813e-01
1.375340159124945449e+00
2.170199461711865840e+00
7.467887080707920067e-01
-5.377879835061473435e-02
-5.103597757099814780e-01
-2.814333136152071813e-01
1.375340159124945449e+00
2.170199461711865840e+00
7.869923365440549823e-01
-5.033032844836509562e-02
-5.269885891832007951e-01
-2.467015085306736855e-01
9.110505151844869864e-01
2.322657034804274989e+00
7.431167552905761919e-01
-8.889973359182018475e-02
-5.375588620836617704e-01
-2.467015085306736855e-01
9.110505151844869864e-01
2.322657034804274989e+00
7.846222190336574753e-01
-8.037960456652758212e-02
-5.480204587817825157e-01
-2.221441471072811424e+00
nan
-2.221441467085554233e+00
2.610459999999999864e-02
2.799937000000000120e-01
1.333500000000000241e-01
1.533464476536363419e+00
-9.607065521000407449e-01
-1.533464483069224560e+00
8.860460000000003333e-02
2.799937001121810543e-01
1.333499998878189818e-01
-6.435102798850358408e-01
2.900321453225561008e+00
6.660257360509719282e-01
2.073546000000000833e-01
2.799937003253250012e-01
1.333499992483870855e-01
-3.004122387398696636e-01
-1.269186041540064425e+00
-1.501342442062443050e+00
2.940553853962356023e-01
1.128411022219981963e-01
5.230690726033633553e-02
-8.280866428702166049e-01
6.875113707889556336e-01
-1.234891414692505407e+00
3.807561707924710936e-01
-5.431149604185614432e-02
-2.873618439662392610e-02
-7.849135598825840443e-01
-2.701817458773215774e-01
2.818963647503821335e+00
4.803269694357805153e-01
-3.118102032188399542e-02
-2.094400502946765219e-01
1.538376350291857930e+00
1.214482005792776320e+00
-1.133078351927867766e+00
5.348701080603744940e-01
-1.865351148696741540e-02
-2.968023422252882293e-01
-8.667774206342390153e-01
-1.444158664978565820e+00
5.633541627567606458e-01
6.367974338525439482e-01
-3.601195564229757451e-02
-2.882252113901404011e-01
-8.667774205506587615e-01
-1.444158662273089755e+00
5.633541678873793535e-01
6.367974338287263336e-01
-3.601195586867424192e-02
-2.882252115652422231e-01
3.119668937746788440e-01
-2.710968824313350733e+00
9.798416212445127949e-01
7.544273314532452535e-01
-3.885086870875181092e-02
-3.051399608655319673e-01
3.119668937746788440e-01
-2.710968824313350733e+00
9.798416212445127949e-01
7.878156990732980702e-01
-6.308139400596941837e-02
-2.908977813940076818e-01
-3.087160759654531961e-01
1.356753948143105015e+00
2.134475312692966309e+00
7.467846244801431554e-01
-5.377243521587511677e-02
-2.436685858405920890e-01
-3.087160759654531961e-01
1.356753948143105015e+00
2.134475312692966309e+00
7.876613971709313100e-01
-5.120880262398377902e-02
-2.587436767832507201e-01
-2.466502344332326402e-01
9.110890335909520577e-01
2.322766163793195560e+00
7.431126034517161472e-01
-8.889335380236204620e-02
-2.708676845059550531e-01
-2.466502344332326402e-01
9.110890335909520577e-01
2.322766163793195560e+00
7.846164678705376261e-01
-8.036952264794205991e-02
-2.813326099889684739e-01
0.000000000000000000e+00
0.000000000000000000e+00
0.000000000000000000e+00
0.000000000000000000e+00
0.000000000000000000e+00
0.000000000000000000e+00
-6.997248688828551222e-01
-1.255933530345330776e-09
3.767801220523037274e-09
0.000000000000000000e+00
-0.000000000000000000e+00
0.000000000000000000e+00
-6.997248756863886365e-01
3.998396506580225163e-01
-8.247082340781517473e-01
-0.000000000000000000e+00
0.000000000000000000e+00
0.000000000000000000e+00
-1.152675422719565024e+00
1.273106981024777262e+00
-4.013258902404333028e-01
-1.702565776972187750e-01
-1.282085477531414441e-01
8.229565186147565214e-02
-8.679697064512319482e-01
1.330600683037857390e+00
-2.153232378706166628e-01
-3.405131553944376055e-01
-2.564170952746089305e-01
1.645913038352728175e-01
-1.499559730865035245e+00
1.185553440499270028e+00
7.962569201971313460e-01
-5.759754267038960096e-01
-4.347017519786801065e-01
1.202269209752845902e-02
-1.623689837839263239e+00
3.598812269910726114e-01
6.003645713064007516e-01
-6.895212418091041240e-01
-5.222735318628346501e-01
-7.142739206784590178e-02
-2.673025548587156131e+00
5.385873859368447425e-01
5.120581404985075080e-01
-6.760128027723526500e-01
-4.471525824067398291e-01
-7.992406978293747910e-02
-2.673025548587156131e+00
5.385873859368441874e-01
5.120581404985071750e-01
-6.760128027507423809e-01
-4.471525828869872821e-01
-7.992406916499902869e-02
-2.717313453716969196e+00
3.502956630558871076e-01
2.955406527896640712e-01
-6.836687518159986210e-01
-4.321311993975130994e-01
-1.356889772066214861e-01
-2.717313453716969196e+00
3.502956630558871076e-01
2.955406527896640712e-01
-6.715203647120933095e-01
-3.835695516921622250e-01
-8.155076987255638343e-02
-2.570966487830146807e+00
1.342135893148208581e+00
9.254464687873419360e-01
-6.429203828657796826e-01
-2.717303890103253128e-01
-9.168698540805339525e-02
-2.570966487830146807e+00
1.342135893148208581e+00
9.254464687873419360e-01
-6.684298845824100388e-01
-2.772762051793312699e-01
-1.545116187697896104e-01
-2.641138717058957752e+00
9.565333659525282473e-01
9.789497198774747000e-01
-6.395855069034700469e-01
-3.463144950980371339e-01
4.169839231143834812e-03
-2.641138717058957752e+00
9.565333659525282473e-01
9.789497198774747000e-01
-6.579331511289915335e-01
-3.333132610750257907e-01
-5.803436435148445760e-02
0.000000000000000000e+00
0.000000000000000000e+00
0.000000000000000000e+00
0.000000000000000000e+00
0.000000000000000000e+00
0.000000000000000000e+00
-6.996236793648559216e-01
-1.255751905660792238e-09
3.767256346378389608e-09
0.000000000000000000e+00
-0.000000000000000000e+00
0.000000000000000000e+00
-6.996236861683307051e-01
3.998497556875881265e-01
-8.246961507647565526e-01
-0.000000000000000000e+00
0.000000000000000000e+00
0.000000000000000000e+00
-1.152663893199560530e+00
1.273277226698162679e+00
-4.012192600431371270e-01
-1.702551647777307553e-01
-1.282014707397157449e-01
8.227662897905635431e-02
-8.680287484311504098e-01
1.330758548302189537e+00
-2.152695613852460554e-01
-3.405103295554614551e-01
-2.564029412477927816e-01
1.645532580704215930e-01
-1.499576427474119233e+00
1.185704205475750284e+00
7.962866874107108472e-01
-5.760042564476767213e-01
-4.346936539506733865e-01
1.197064872473718733e-02
-1.623722180052363129e+00
3.599214733045905112e-01
6.003634930033145967e-01
-6.895655819014674393e-01
-5.222681124035699618e-01
-7.148733706610529981e-02
-2.673017654697206424e+00
5.386187652274537774e-01
5.120658313256680749e-01
-6.760571121683578433e-01
-4.471477894802557973e-01
-7.998787954901001584e-02
-2.673017654697206424e+00
5.386187652274533333e-01
5.120658313256677419e-01
-6.760571121467513489e-01
-4.471477899605024731e-01
-7.998787893107267566e-02
-2.717339671761717756e+00
3.501851557872945331e-01
2.953851226501602034e-01
-6.837140032654899224e-01
-4.321269621491015678e-01
-1.357570850017487118e-01
-2.717339671761717756e+00
3.501851557872945331e-01
2.953851226501602034e-01
-6.715692667417071382e-01
-3.835636957942404335e-01
-8.160662806050511531e-02
-2.602122788179980439e+00
1.096797080884368558e+00
7.992228031900134866e-01
-6.429635427945715742e-01
-2.717264605486845452e-01
-9.175496889962223013e-02
-2.602122788179980439e+00
1.096797080884368558e+00
7.992228031900134866e-01
-6.615467721609865626e-01
-2.782840493691693950e-01
-1.432593806507339029e-01
-2.640912763736870783e+00
9.594025215074610813e-01
9.821281113330080359e-01
-6.396292653600986755e-01
-3.463104479736178187e-01
4.101685963461249029e-03
-2.640912763736870783e+00
9.594025215074610813e-01
9.821281113330080359e-01
-6.580408354489013512e-01
-3.331852912785848719e-01
-5.822792070390561681e-02
