-2.221441471072811424e+00
nan
-2.221441467085554233e+00
2.610459999999999864e-02
2.799937000000000120e-01
-1.333499999999999686e-01
1.451596674488813354e+00
-1.031637439802400413e+00
-1.451596680453528077e+00
8.860460000000003333e-02
2.799937001121810543e-01
-1.333500001121810108e-01
-1.583661136335509756e+00
-2.467103830924915364e+00
-4.172313073503404746e-01
2.073546000000000833e-01
2.799937003253250012e-01
-1.333500007516129071e-01
-1.231673656128277505e+00
8.531935167573851952e-01
-9.087541142185933118e-01
2.097057428061624429e-02
1.993825207518176157e-01
-1.614183581029762504e-01
-2.873339745048046456e+00
9.055754790908110419e-01
-1.079872418924631150e-01
-1.654134514387675392e-01
1.187713410573156825e-01
-1.894867151068481415e-01
6.476360441916277910e-01
1.726499074404759915e+00
2.061775525752488125e+00
-2.839125108944121623e-01
-5.072904469253997073e-02
-2.076757815693623666e-01
8.341972309285426712e-02
2.092576416740781209e-01
-2.277694033092211967e+00
-3.426140971650789013e-01
-1.349945450858104912e-01
-2.224240598681741787e-01
5.697462792013142235e-02
-1.564650837316184040e+00
-1.198591265441088627e+00
-2.642845383497525180e-01
-2.018126426227146442e-01
-2.352258002711470897e-01
5.697462743450020656e-02
-1.564650838997267979e+00
-1.198591259850518842e+00
-2.642845382379856445e-01
-2.018126424528393081e-01
-2.352258004739397612e-01
1.089616654769534954e+00
2.473350035263777169e+00
1.443106870394908592e+00
-1.601167260555529104e-01
-2.587981540254586932e-01
-2.295092139844084056e-01
1.089616654769534954e+00
2.473350035263777169e+00
1.443106870394908592e+00
-1.611557352971168255e-01
-2.847742363645894281e-01
-2.645649514708263705e-01
5.929845726276881113e-01
-1.546674920895642902e-01
-5.242723050474310531e-01
-2.007380446920963846e-01
-3.020943185714790591e-01
-2.526424081476089101e-01
5.929845726276881113e-01
-1.546674920895642902e-01
-5.242723050474310531e-01
-2.372080540645031543e-01
-3.148403688252436883e-01
-2.729455543056570899e-01
6.347071743835110968e-01
-7.441717922576744915e-01
4.486408705251396789e-01
-1.833600693815282123e-01
-2.757267343061983178e-01
-2.840988876569024990e-01
6.347071743835110968e-01
-7.441717922576744915e-01
4.486408705251396789e-01
-1.785818247561338223e-01
-3.056550745604861841e-01
-3.155027720111263090e-01
-2.221441471072811424e+00
nan
-2.221441467085554233e+00
2.610459999999999864e-02
2.799937000000000120e-01
1.333500000000000241e-01
1.449906262780632504e+00
-1.033038968022466753e+00
-1.449906268733729187e+00
8.860460000000003333e-02
2.799937001121810543e-01
1.333499998878189818e-01
-1.584258431336785344e+00
-2.468757868997202731e+00
-4.144853381100983003e-01
2.073546000000000833e-01
2.799937003253250012e-01
1.333499992483870855e-01
-1.230305438402290896e+00
8.556986225012073177e-01
-9.045639739653755784e-01
2.099332780284346445e-02
1.992689056313847740e-01
1.054576392428493437e-01
-2.870054463271296985e+00
9.072890778895822406e-01
-1.023054400587086327e-01
-1.653679443943132377e-01
1.185441108172785446e-01
7.756527958509044918e-02
6.485769315628266973e-01
1.723427162348418751e+00
2.061734882071617925e+00
-2.841544514242730357e-01
-5.071934192782363848e-02
5.904773891609439718e-02
8.551754878032159779e-02
2.101841163528793965e-01
-2.277454239235299216e+00
-3.430147069011154071e-01
-1.348452142115508789e-01
4.413564859639514809e-02
5.714417104679526960e-02
-1.564637809255518430e+00
-1.198365570897724330e+00
-2.646685256248536011e-01
-2.016445434902514600e-01
3.133768050208909223e-02
5.714417056132646555e-02
-1.564637810936710505e+00
-1.198365565307223379e+00
-2.646685255131264736e-01
-2.016445433203573889e-01
3.133768029929018262e-02
1.110164128315030752e+00
2.470721856340865052e+00
1.447088086214859182e+00
-1.604867188096296138e-01
-2.586041021632240478e-01
3.705788952459521807e-02
1.110164128315030752e+00
2.470721856340865052e+00
1.447088086214859182e+00
-1.621166242019538295e-01
-2.843627718532553694e-01
1.864488597405247750e-03
4.338495075480688912e-01
-4.317955845827232131e-01
4.991226870265100257e-01
-2.010971025815556645e-01
-3.019112993104435816e-01
1.392614792330739218e-02
4.338495075480688912e-01
-4.317955845827232131e-01
4.991226870265100257e-01
-2.012253692046320486e-01
-3.393337746432253388e-01
-8.530098696525309498e-03
6.346565534403867392e-01
-7.442040557475084750e-01
4.491650488960055032e-01
-1.837252916024179616e-01
-2.755408038463580955e-01
-1.753129604920506540e-02
6.346565534403867392e-01
-7.442040557475084750e-01
4.491650488960055032e-01
-1.789277998159903849e-01
-3.054730783810698513e-01
-4.892849557954229850e-02
0.000000000000000000e+00
0.000000000000000000e+00
0.000000000000000000e+00
0.000000000000000000e+00
0.000000000000000000e+00
0.000000000000000000e+00
-7.490176233211011114e-01
-1.344408909533884776e-09
4.033227402433486922e-09
0.000000000000000000e+00
-0.000000000000000000e+00
0.000000000000000000e+00
-7.490176274782948118e-01
1.829918062295828596e-01
-5.255449896169520629e-01
0.000000000000000000e+00
0.000000000000000000e+00
0.000000000000000000e+00
6.348875963382315524e-01
7.815314731707501128e-01
-3.171368616581312083e-01
-4.750108094159258970e-02
7.692949643092811263e-02
9.448594399110629705e-02
7.110708246593810955e-01
8.528488591476536262e-01
-1.027841629167636439e+00
-9.500216188318516553e-02
1.538589931221334695e-01
1.889718880728397110e-01
-5.169709228842513937e-01
-9.099919588746769872e-01
-1.336376757534057491e+00
-2.847342390983755855e-01
2.885909739371402272e-01
1.695068966644231734e-01
-5.066631100274804345e-01
-1.120661122238693075e+00
-1.737286588708338297e-01
-3.839238806267545878e-01
3.594139784165492069e-01
1.596517386905406122e-01
-2.782923464310762540e+00
8.210756722056018475e-01
1.982904635160656626e-01
-3.811856863335373324e-01
3.393197196072835209e-01
2.812868950811533431e-01
-2.782923464310762096e+00
8.210756722056020696e-01
1.982904635160652740e-01
-3.811856865337300837e-01
3.393197190650894535e-01
2.812868945166341339e-01
-4.351732058306610362e+00
-2.068950006299737243e+00
2.386278995897698874e+00
-3.651922529356820268e-01
3.758840255036770550e-01
3.543435553879512590e-01
-4.351732058306610362e+00
-2.068950006299737243e+00
2.386278995897698874e+00
-2.306775049607390493e-01
2.208514829267637647e-01
4.652348474754793850e-01
-4.616353085684345992e+00
-2.339319448211445440e+00
5.475686866401022534e+00
-3.756011393471963555e-01
3.034512965613755942e-01
5.081866441231086551e-01
-4.616353085684345992e+00
-2.339319448211445440e+00
5.475686866401022534e+00
-2.583122147067681840e-01
1.002645380755934346e-02
4.817119103410380521e-01
-2.303436816797341802e+00
1.491625787267745196e+00
-3.677970721588414982e-01
-4.066577299112726918e-01
2.193562084096552511e-01
4.205390424143707895e-01
-2.303436816797341802e+00
1.491625787267745196e+00
-3.677970721588414982e-01
-4.645081295545077094e-01
1.452619206144113440e-01
4.823497303206237263e-01
0.000000000000000000e+00
0.000000000000000000e+00
0.000000000000000000e+00
0.000000000000000000e+00
0.000000000000000000e+00
0.000000000000000000e+00
-7.484718939609198429e-01
-1.343429381961797904e-09
4.030288819226277034e-09
0.000000000000000000e+00
-0.000000000000000000e+00
0.000000000000000000e+00
-7.484718980708152669e-01
1.796669730305892054e-01
-5.199839217049005979e-01
0.000000000000000000e+00
0.000000000000000000e+00
0.000000000000000000e+00
6.398270420149325677e-01
7.810266104583754032e-01
-3.121996922197579627e-01
-4.698693121665244860e-02
7.602821753597256704e-02
9.390320597174306450e-02
7.145083660047815144e-01
8.553544232130291247e-01
-1.026295020134311731e+00
-9.397386243330491107e-02
1.520564353322478302e-01
1.878064120334269893e-01
-5.173246025114297542e-01
-9.052397526829724095e-01
-1.338376650369913712e+00
-2.835271613945956060e-01
2.871973736820763179e-01
1.684708231942981527e-01
-5.084108475027184770e-01
-1.117958201121962869e+00
-1.735192107480957591e-01
-3.826202475981470008e-01
3.582601740498370102e-01
1.587085635236913095e-01
-2.783191348169403057e+00
8.215595813512395207e-01
1.980696449894602251e-01
-3.799036211043630429e-01
3.381589807045142226e-01
2.802578230192734887e-01
-2.783191348169402612e+00
8.215595813512395207e-01
1.980696449894597255e-01
-3.799036213046252941e-01
3.381589801622159053e-01
2.802578224546353747e-01
-4.324860298245460477e+00
-2.020004839345709957e+00
2.349259693578794383e+00
-3.639221690094793238e-01
3.747146704559256580e-01
3.531956123219072152e-01
-4.324860298245460477e+00
-2.020004839345709957e+00
2.349259693578794383e+00
-2.323175243605214435e-01
2.186790569831529307e-01
4.613058434197716551e-01
-2.497667777084304319e+00
1.313962602342271468e+00
-6.241320062334747565e-01
-3.743484317909200887e-01
3.022909230665400404e-01
5.070916786256915998e-01
-2.497667777084304319e+00
1.313962602342271468e+00
-6.241320062334747565e-01
-4.272116646460271672e-01
2.462827347947190992e-01
6.007291269489638541e-01
-2.303864007019572391e+00
1.492203222617154879e+00
-3.680420104777546442e-01
-4.054157909661250114e-01
2.181796656001816770e-01
4.194255660477754777e-01
-2.303864007019572391e+00
1.492203222617154879e+00
-3.680420104777546442e-01
-4.632831277843754703e-01
1.440791091586987038e-01
4.812266232923397835e-01
