-2.221441471072811424e+00
nan
-2.221441467085554233e+00
2.610459999999999864e-02
2.799937000000000120e-01
-1.333499999999999686e-01
1.431902053462140723e+00
-1.047813717913901987e+00
-1.431902059291771279e+00
8.860460000000003333e-02
2.799937001121810543e-01
-1.333500001121810108e-01
-7.047898794772568254e-02
-3.096905455552770636e+00
-4.796861268449138516e-01
2.073546000000000833e-01
2.799937003253250012e-01
-1.333500007516129071e-01
-1.068947981889184051e+00
-8.494570460949154578e-01
-1.228803097098348340e+00
1.980287009976662849e-01
8.480206620456376410e-02
-1.953036412989218040e-01
-1.804343052225076294e+00
9.326574518330275065e-01
-1.512846928370722654e+00
1.887028019953324864e-01
-1.103895680275131241e-01
-2.572572814955187970e-01
-2.865877433720460665e-01
-8.831835128774134791e-01
-2.839412306804942165e+00
1.493049515922232340e-01
-2.293350905097114034e-01
-4.227958632976204223e-01
5.467954829016600238e-01
9.592626758965412392e-01
-1.470197305613307526e+00
1.352085887538142517e-01
-2.888246104762760558e-01
-5.066192017474556719e-01
-1.571033117376423371e+00
-6.305714509311520777e-01
2.067754123096621210e+00
2.355668768869105534e-01
-2.805697270116744302e-01
-5.316018637749554410e-01
-1.571033117628690245e+00
-6.305714445070668139e-01
2.067754125726362080e+00
2.355668769552714259e-01
-2.805697271875338128e-01
-5.316018635584500718e-01
7.121885492489183900e-01
-6.793315968966350260e-01
1.707924620646281477e+00
3.443851713695970651e-01
-2.977938375945940463e-01
-5.762434339452831011e-01
7.121885492489183900e-01
-6.793315968966350260e-01
1.707924620646281477e+00
3.845145266966324415e-01
-3.050615156463459265e-01
-5.917855323036974591e-01
-1.908251618617991252e-01
-2.765343488121834614e+00
-6.568648174794250449e-01
3.436050502920607874e-01
-2.363576612662194043e-01
-5.593679572523643229e-01
-1.908251618617991252e-01
-2.765343488121834614e+00
-6.568648174794250449e-01
3.599504587472789341e-01
-2.698332863137218318e-01
-5.821045197612642053e-01
-1.106203763059037781e+00
2.503649041201396752e+00
1.295291228450253573e+00
3.542318874929014094e-01
-2.636743446785513867e-01
-5.257878624422352987e-01
-1.106203763059037781e+00
2.503649041201396752e+00
1.295291228450253573e+00
3.955804664971713791e-01
-2.633642427246317141e-01
-5.397499531064525735e-01
-2.221441471072811424e+00
nan
-2.221441467085554233e+00
2.610459999999999864e-02
2.799937000000000120e-01
1.333500000000000241e-01
1.432242587020619684e+00
-1.047536838508713375e+00
-1.432242592852580820e+00
8.860460000000003333e-02
2.799937001121810543e-01
1.333499998878189818e-01
-7.062684665078376722e-02
-3.096761898395307799e+00
-4.804226069837892465e-01
2.073546000000000833e-01
2.799937003253250012e-01
1.333499992483870855e-01
-1.068851616305007468e+00
-8.486103842179636425e-01
-1.228409285261153894e+00
1.980087236252995597e-01
8.483260176999424251e-02
7.130324102956223098e-02
-1.805745875364284547e+00
9.320219479377267469e-01
-1.512770009327566001e+00
1.886628472505990362e-01
-1.103284968968199498e-01
9.256483161395968884e-03
-2.872705082290820111e-01
-8.846405384671898187e-01
-2.838991040627970364e+00
1.491939922510339966e-01
-2.294489267548215361e-01
-1.561393531691122882e-01
5.460342425091191387e-01
9.585229886964984347e-01
-1.470450366400055442e+00
1.350613906566005551e-01
-2.890247859756381321e-01
-2.398952429337997128e-01
-1.570976207221103316e+00
-6.304556905213600793e-01
2.067736992619422232e+00
2.354189615206918607e-01
-2.807792190954207512e-01
-2.648838622850718250e-01
-1.570976207473012698e+00
-6.304556840973942755e-01
2.067736995249129350e+00
2.354189615890496523e-01
-2.807792192712830204e-01
-2.648838620685677325e-01
7.128489002619810000e-01
-6.779789562026163896e-01
1.705193273199526072e+00
3.442331239540490917e-01
-2.980136906954908294e-01
-3.095315053287861495e-01
7.128489002619810000e-01
-6.779789562026163896e-01
1.705193273199526072e+00
3.843136828219751444e-01
-3.053658029367250504e-01
-3.251595689016352209e-01
1.278718376182038430e+00
-2.707060025357964417e+00
-8.407746315503759060e-01
3.434594615805655615e-01
-2.365771958969153654e-01
-2.926568907329955560e-01
1.278718376182038430e+00
-2.707060025357964417e+00
-8.407746315503759060e-01
3.852210188061078178e-01
-2.373522469357661480e-01
-3.053104577634790373e-01
-1.105724599189891411e+00
2.503990173770424654e+00
1.295379989535031084e+00
3.540858158566905778e-01
-2.638943308460898196e-01
-2.590770104180379896e-01
-1.105724599189891411e+00
2.503990173770424654e+00
1.295379989535031084e+00
3.954305066450578554e-01
-2.635969271573788131e-01
-2.730508867331569722e-01
0.000000000000000000e+00
0.000000000000000000e+00
0.000000000000000000e+00
0.000000000000000000e+00
0.000000000000000000e+00
0.000000000000000000e+00
2.403004780707382326e-01
4.313144225513860995e-10
-1.293943483833466365e-09
0.000000000000000000e+00
-0.000000000000000000e+00
0.000000000000000000e+00
2.403004718599734413e-01
2.515195305123705261e-01
-7.924394382370695267e-01
0.000000000000000000e+00
0.000000000000000000e+00
0.000000000000000000e+00
2.834642836935931109e-01
1.154940741634395529e+00
-5.056943998032965570e-01
-1.702600994752228869e-01
2.227769922342661552e-02
-4.455899604366538036e-02
-1.571382701340265919e+00
1.141538186497685459e+00
-1.842575716952508103e-01
-3.405201989504457738e-01
4.455539836257699920e-02
-8.911799211407997467e-02
-1.556833099397226361e+00
1.202940467725695406e+00
-9.773906887559097312e-02
-5.514054245528083875e-01
-2.083097132403563811e-01
1.427650950173986188e-01
-1.433300386316892272e+00
7.058662826480273100e-01
2.342608650374300994e-01
-6.580543608033703196e-01
-3.374308956626774214e-01
2.523374340746654676e-01
-2.676630379361973233e+00
6.035972603365633571e-01
5.437688632817179180e-01
-6.776225757205742717e-01
-3.497285354061824836e-01
1.696661746384228175e-01
-2.676630379361973233e+00
6.035972603365629130e-01
5.437688632817182510e-01
-6.776225754942655222e-01
-3.497285347895050522e-01
1.696661750678710723e-01
-3.131430436688947161e+00
3.492866316562219353e+00
-1.981572921569232815e+00
-6.952021701397936848e-01
-4.100455180113947717e-01
1.500863278579087357e-01
-3.131430436688947161e+00
3.492866316562219353e+00
-1.981572921569232815e+00
-7.638900760146306590e-01
-5.382337617370299698e-01
3.267808258606247351e-02
-3.079770592660219464e+00
1.341160590798166519e+00
-8.319837351226924138e-01
-7.184232584075297412e-01
-3.653003099804674192e-01
-1.388472914932595281e-02
-3.079770592660219464e+00
1.341160590798166519e+00
-8.319837351226924138e-01
-7.767678155772731463e-01
-4.489228205522367010e-01
6.729069878225421575e-02
-2.458703652322026922e+00
-1.427980506053271037e-01
1.172578835726189705e+00
-6.833004432905437353e-01
-2.696402648848397199e-01
5.281760571506494140e-02
-2.458703652322026922e+00
-1.427980506053271037e-01
1.172578835726189705e+00
-6.816703029494021182e-01
-2.554844395672427049e-01
5.795965338548059176e-02
0.000000000000000000e+00
0.000000000000000000e+00
0.000000000000000000e+00
0.000000000000000000e+00
0.000000000000000000e+00
0.000000000000000000e+00
2.416309845209496932e-01
4.337025435650485111e-10
-1.301107848071404832e-09
0.000000000000000000e+00
-0.000000000000000000e+00
0.000000000000000000e+00
2.416309783035033021e-01
2.521683886670484931e-01
-7.931673000159688014e-01
0.000000000000000000e+00
0.000000000000000000e+00
0.000000000000000000e+00
2.849872631220002339e-01
1.157536685876126015e+00
-5.053273160120368424e-01
-1.704416326513370772e-01
2.240526241937990104e-02
-4.480023258462127039e-02
-1.575621383097242312e+00
1.143693992041765917e+00
-1.815300102084496103e-01
-3.408832653026742099e-01
4.481052475402980823e-02
-8.960046519618036776e-02
-1.561527327110032282e+00
1.203107362590260410e+00
-9.800255832959364755e-02
-5.516694224707575644e-01
-2.086259099925836247e-01
1.432285235875922491e-01
-1.437705759997249366e+00
7.054712426751948984e-01
2.350746585526855559e-01
-6.582753367252748289e-01
-3.380279895544510138e-01
2.532608928277753080e-01
-2.676662996838012454e+00
6.036761864722777204e-01
5.435698760040800215e-01
-6.778424128906945789e-01
-3.503627498261004392e-01
1.706068136002898417e-01
-2.676662996838012898e+00
6.036761864722773874e-01
5.435698760040803545e-01
-6.778424126644029268e-01
-3.503627492094348872e-01
1.706068140297480051e-01
-3.133984678652792066e+00
3.509675670562849348e+00
-1.996408463892201945e+00
-6.954269921876535809e-01
-4.107213430758547834e-01
1.510491673903089915e-01
-3.133984678652792066e+00
3.509675670562849348e+00
-1.996408463892201945e+00
-7.649542457931768347e-01
-5.397166218316327146e-01
3.342081218875068982e-02
-2.426599560558565294e+00
1.461802340074180306e-01
1.396896150833577988e+00
-7.186352170600640576e-01
-3.659742261618230130e-01
-1.292858334122717889e-02
-2.426599560558565294e+00
1.461802340074180306e-01
1.396896150833577988e+00
-7.194022526367384041e-01
-3.383428078163163155e-01
-1.715255903868537213e-02
-2.458766253358083187e+00
-1.427292667717720565e-01
1.172378200176388940e+00
-6.835150713122256638e-01
-2.703160370082783315e-01
5.377530393134388742e-02
-2.458766253358083187e+00
-1.427292667717720565e-01
1.172378200176388940e+00
-6.818692597931061972e-01
-2.562029183471773441e-01
5.894515517904636015e-02
