-2.221441471072811424e+00
nan
-2.221441467085554233e+00
2.610459999999999864e-02
2.799937000000000120e-01
-1.333499999999999686e-01
1.571088265903906045e+00
-9.260084340692621430e-01
-1.571088272701639088e+00
8.860460000000003333e-02
2.799937001121810543e-01
-1.333500001121810108e-01
-7.331549358616930023e-01
-2.832712336170839507e+00
-7.317800642238651010e-01
2.073546000000000833e-01
2.799937003253250012e-01
-1.333500007516129071e-01
-1.204871990993766628e+00
-1.020866128329080968e-01
-1.149449144803051270e+00
1.079015132358768919e-01
1.231630100444962017e-01
-2.201729131602998824e-01
-2.763449275451249409e+00
5.602478153589218746e-01
-1.244351572587947929e+00
8.448426471753645028e-03
-3.366768041454781812e-02
-3.069958252470718074e-01
-7.695082669854005353e-01
-1.725086271521834691e+00
-2.300379281686604660e+00
-6.245468080434597724e-02
-2.258490306783162704e-01
-3.407941682447497844e-01
-1.671654634699721864e-01
6.207763348238388712e-01
-1.761848510283016367e+00
-9.375148183797499257e-02
-3.225646448471498617e-01
-3.615465830682529913e-01
1.349411354605000612e+00
-5.173431554952777622e-01
-2.425898371108988094e+00
-4.755439007907105720e-03
-3.389119647984454864e-01
-4.123061338050227342e-01
1.349411353982748585e+00
-5.173431620775739148e-01
-2.425898368458418997e+00
-4.755438862991206994e-03
-3.389119646723113832e-01
-4.123061335915657044e-01
-4.603358736181290545e-01
3.026540835747009717e-01
-7.623478618815782148e-01
9.805449620917242037e-02
-3.834468691823375575e-01
-4.520266637479012362e-01
-4.603358736181290545e-01
3.026540835747009717e-01
-7.623478618815782148e-01
5.986356852416617469e-02
-3.885275130791034925e-01
-4.315234633937399256e-01
-1.709413435797797920e+00
-2.254210354435448149e+00
1.309549978987758712e+00
7.973024411445037152e-02
-3.426716132936224457e-01
-4.974292446958922254e-01
-1.709413435797797920e+00
-2.254210354435448149e+00
1.309549978987758712e+00
6.131264926054974529e-02
-3.640782406418994754e-01
-4.641532829520211290e-01
1.423520669250030179e+00
-2.085619892820769650e+00
-9.368470880518606214e-02
1.022423492928387911e-01
-3.231243479528603801e-01
-4.642952264195796541e-01
1.423520669250030179e+00
-2.085619892820769650e+00
-9.368470880518606214e-02
1.378394285210511883e-01
-3.169894312298118799e-01
-4.887891414155869363e-01
-2.221441471072811424e+00
nan
-2.221441467085554233e+00
2.610459999999999864e-02
2.799937000000000120e-01
1.333500000000000241e-01
1.570920239137497676e+00
-9.261664745569604396e-01
-1.570920245934042336e+00
8.860460000000003333e-02
2.799937001121810543e-01
1.333499998878189818e-01
-7.346978010628465450e-01
-2.832217696660332074e+00
-7.312853806926624678e-01
2.073546000000000833e-01
2.799937003253250012e-01
1.333499992483870855e-01
-1.205397025743368378e+00
-9.988387054327282910e-02
-1.148037471584828051e+00
1.077033701697588386e-01
1.232382395355619553e-01
4.661847149803841073e-02
-2.765597981806709349e+00
5.585571401279344483e-01
-1.241241177822620667e+00
8.052140339517593892e-03
-3.351722143233806794e-02
-4.011305593035187356e-02
-7.690817890698840031e-01
-1.726623825470561258e+00
-2.299118049726437629e+00
-6.271062357307724544e-02
-2.257948981046184467e-01
-7.365670356981399158e-02
-1.682372446267897670e-01
6.196204813266061873e-01
-1.761745625615023902e+00
-9.394580635582897021e-02
-3.225555939439243569e-01
-9.429147028091160176e-02
1.349601743802188114e+00
-5.175682147851967674e-01
-2.425872326102269660e+00
-4.943568921071825328e-03
-3.389180975233617721e-01
-1.450352650564309120e-01
1.349601743179302815e+00
-5.175682213677398336e-01
-2.425872323451733870e+00
-4.943568776174522839e-03
-3.389180973972319433e-01
-1.450352648429587554e-01
-4.616579953166832784e-01
3.009470001216452695e-01
-7.697331347290341519e-01
9.786704722716732530e-02
-3.834692355853719925e-01
-1.847358228782640943e-01
-4.616579953166832784e-01
3.009470001216452695e-01
-7.697331347290341519e-01
5.959713742227862321e-02
-3.882363420913336749e-01
-1.643047234536980650e-01
1.385385342029626266e+00
-1.819899655092463320e+00
2.544407819429296835e-01
7.955560821537363547e-02
-3.426947110474494185e-01
-2.301442297472978682e-01
1.385385342029626266e+00
-1.819899655092463320e+00
2.544407819429296835e-01
1.126896142567520298e-01
-3.387300922280394588e-01
-2.582718063559693578e-01
1.423078098968349137e+00
-2.086042883306668649e+00
-9.342878261262624329e-02
1.020648328782273184e-01
-3.231481118243620387e-01
-1.970078616166595631e-01
1.423078098968349137e+00
-2.086042883306668649e+00
-9.342878261262624329e-02
1.376702531108181249e-01
-3.170321655244964232e-01
-2.214943961923763749e-01
0.000000000000000000e+00
0.000000000000000000e+00
0.000000000000000000e+00
0.000000000000000000e+00
0.000000000000000000e+00
0.000000000000000000e+00
2.672627646961570624e-01
4.797089292118520564e-10
-1.439127028070697978e-09
0.000000000000000000e+00
-0.000000000000000000e+00
0.000000000000000000e+00
2.672627548885634918e-01
6.440810939892748221e-01
-1.163421945189013540e+00
0.000000000000000000e+00
0.000000000000000000e+00
0.000000000000000000e+00
7.459685029890661401e-01
1.398967196010171499e+00
-7.455100589411989276e-01
-2.383812631593797693e-01
1.389104344159620974e-01
2.214085058811743334e-02
-5.376750914407109061e-01
1.562061878377352997e+00
4.302632827759056422e-01
-4.767625263187594831e-01
2.778208687458882387e-01
4.428170112860457808e-02
-9.697977834645065132e-01
2.266854125697542743e-01
1.437295456731617072e-01
-4.468690508149592566e-01
2.291413378884403773e-01
2.583678671393704329e-01
-1.265692347473711843e+00
4.491242012858142618e-01
-4.466957615933535020e-01
-4.376724292470563493e-01
2.045174169974841305e-01
3.592569836411352857e-01
-2.741436495793010852e+00
7.201976227319496493e-01
3.950058162481285828e-01
-4.677720504649891531e-01
1.005172869379792333e-01
3.399773847515422109e-01
-2.741436495793010408e+00
7.201976227319498713e-01
3.950058162481291379e-01
-4.677720503610813818e-01
1.005172875804007937e-01
3.399773843013855212e-01
-4.973424848647137964e+00
-8.014816205509002200e-01
-4.139545596794027560e+00
-4.787871354458118067e-01
3.223649889917280104e-02
3.880235260296295285e-01
-4.973424848647137964e+00
-8.014816205509002200e-01
-4.139545596794027560e+00
-5.162516307638808088e-01
2.923007115532961775e-01
3.826824000216117461e-01
-4.250399326179419290e+00
-1.155229897917329440e+00
-1.646649497453128941e+00
-5.275924295454980095e-01
-9.946997967065829283e-02
2.894378342079667599e-01
-4.250399326179419290e+00
-1.155229897917329440e+00
-1.646649497453128941e+00
-6.012830275991778439e-01
7.229346901393424174e-02
3.591479924419029857e-01
-2.227452984122292534e+00
9.895094207256787122e-01
1.209433287047108285e+00
-5.114506718526869999e-01
2.572397657508371238e-04
2.196370829776850275e-01
-2.227452984122292534e+00
9.895094207256787122e-01
1.209433287047108285e+00
-5.431074039898070582e-01
-1.124951174469001475e-02
1.707481991689543954e-01
0.000000000000000000e+00
0.000000000000000000e+00
0.000000000000000000e+00
0.000000000000000000e+00
0.000000000000000000e+00
0.000000000000000000e+00
2.620215006089924858e-01
4.703014040527500606e-10
-1.410904447878241745e-09
0.000000000000000000e+00
-0.000000000000000000e+00
0.000000000000000000e+00
2.620214907876713961e-01
6.446775821140803275e-01
-1.165167190481750659e+00
0.000000000000000000e+00
0.000000000000000000e+00
0.000000000000000000e+00
7.439264586835157012e-01
1.402733809959143763e+00
-7.457408169975774381e-01
-2.385601914442354587e-01
1.388358676887920806e-01
2.316961437641233690e-02
-5.311402201155400737e-01
1.564118758517020868e+00
4.275809614883381293e-01
-4.771203828884709175e-01
2.776717352932241423e-01
4.633922870614892719e-02
-9.632782340924604947e-01
2.254368234104177915e-01
1.420994527860788281e-01
-4.473723575261615015e-01
2.295985442712024649e-01
2.591470026573693963e-01
-1.259806011473427967e+00
4.473304256281626090e-01
-4.495466911772754703e-01
-4.382745518553608499e-01
2.052830202517242630e-01
3.593960352602009745e-01
-2.741416678739683199e+00
7.197152623622857792e-01
3.951797955180689215e-01
-4.683295045137942925e-01
1.013450212023818409e-01
3.401962068787831028e-01
-2.741416678739682755e+00
7.197152623622858902e-01
3.951797955180690325e-01
-4.683295044099989868e-01
1.013450218448584822e-01
3.401962064287239462e-01
-4.962971491225149911e+00
-7.952412712668249783e-01
-4.119538650677687208e+00
-4.792968922730216352e-01
3.313792810088704577e-02
3.883350702440540592e-01
-4.962971491225149911e+00
-7.952412712668249783e-01
-4.119538650677687208e+00
-5.151828252559986776e-01
2.921912646785826961e-01
3.815602722042693573e-01
-2.263373128286516156e+00
1.313872976900185119e+00
1.042057661985327455e+00
-5.280912840054642343e-01
-9.858174656920173917e-02
2.897341307407167443e-01
-2.263373128286516156e+00
1.313872976900185119e+00
1.042057661985327455e+00
-5.691787082349045734e-01
-1.277174027614025875e-01
2.372268438867506934e-01
-2.227531679739607640e+00
9.890158545328882056e-01
1.209673134262626126e+00
-5.119669552066419271e-01
1.154036496524877414e-03
2.199485250841075046e-01
-2.227531679739607640e+00
9.890158545328882056e-01
1.209673134262626126e+00
-5.435828220541338851e-01
-1.031957470842741892e-02
1.711107358322322969e-01
