-2.221441471072811424e+00
nan
-2.221441467085554233e+00
2.610459999999999864e-02
2.799937000000000120e-01
-1.333499999999999686e-01
1.452115040271878543e+00
-1.031207164026892498e+00
-1.452115046240156859e+00
8.860460000000003333e-02
2.799937001121810543e-01
-1.333500001121810108e-01
-3.730448116075939513e-01
3.035008405412086496e+00
5.144153008810866679e-01
2.073546000000000833e-01
2.799937003253250012e-01
-1.333500007516129071e-01
-6.792512631589476824e-01
-1.188592006780599730e+00
-1.358704801138995499e+00
2.569992874579001829e-01
9.220453780445683756e-02
-1.988910981403385070e-01
-1.166149082556133143e+00
8.364273143592647619e-01
-1.311527329373040951e+00
3.066439749158002548e-01
-9.558462483765989282e-02
-2.644321951816612226e-01
-4.382642843466953986e-01
1.769723687028558756e-01
3.101631513000826068e+00
3.529867616274563469e-01
-1.206757501960249168e-01
-4.652456199023426997e-01
1.147411083975377499e+00
1.107148059663036976e+00
-1.263013329308357413e+00
3.816169147542034512e-01
-1.323067293565836910e-01
-5.642865061852595510e-01
-1.181988889871472992e+00
-1.237619791716776607e+00
1.141238236040612142e+00
4.853369813474360805e-01
-1.341995111749063052e-01
-5.626654994352364714e-01
-1.181988889852628732e+00
-1.237619787530553683e+00
1.141238240471712073e+00
4.853369813424948664e-01
-1.341995114614552564e-01
-5.626654994536650634e-01
4.408478779942890391e-01
-2.165223618247581694e+00
1.637127120338078834e+00
6.004207094304431225e-01
-1.370795065790318956e-01
-5.923033492856274451e-01
4.408478779942890391e-01
-2.165223618247581694e+00
1.637127120338078834e+00
6.388870187828562530e-01
-1.463760887014378953e-01
-5.739006937637790573e-01
-2.654510047086229285e-01
2.206127429327597866e+00
1.950040894674634373e+00
5.999406148563186658e-01
-1.157934893330790915e-01
-5.322494647870797957e-01
-2.654510047086229285e-01
2.206127429327597866e+00
1.950040894674634373e+00
6.328938660244013414e-01
-1.198862297605018667e-01
-5.605703729267740298e-01
-4.377553962029036017e-01
1.646236759612288214e+00
2.108726299523471237e+00
5.991942007615838062e-01
-1.602664595281533266e-01
-5.351393466232836627e-01
-4.377553962029036017e-01
1.646236759612288214e+00
2.108726299523471237e+00
6.387793557774659181e-01
-1.562718581819375896e-01
-5.530781254853857076e-01
-2.221441471072811424e+00
nan
-2.221441467085554233e+00
2.610459999999999864e-02
2.799937000000000120e-01
1.333500000000000241e-01
1.452192234630125700e+00
-1.031143067974279237e+00
-1.452192240598934925e+00
8.860460000000003333e-02
2.799937001121810543e-01
1.333499998878189818e-01
-3.730415752897615067e-01
3.034967585539235291e+00
5.145783446882747914e-01
2.073546000000000833e-01
2.799937003253250012e-01
1.333499992483870855e-01
-6.792663887197279982e-01
-1.188422590769818488e+00
-1.358607879574170063e+00
2.569995174225094825e-01
9.221172883482611771e-02
6.778847579709949833e-02
-1.166317599735263721e+00
8.364756819231303764e-01
-1.311477984806437957e+00
3.066444348450188540e-01
-9.557024277695913561e-02
2.226952693201625366e-03
-4.380474476851337062e-01
1.770680377864428945e-01
3.101655888718457987e+00
3.529589604687020654e-01
-1.206744789532024353e-01
-1.985913533504971018e-01
1.147351087470040998e+00
1.107125893623326807e+00
-1.263067849760823425e+00
3.815751580838279144e-01
-1.323117915075172346e-01
-2.976355288004712829e-01
-1.181965063352439449e+00
-1.237592383033063292e+00
1.141248327549192032e+00
4.852952709550512056e-01
-1.342050397078868029e-01
-2.960180315879539226e-01
-1.181965063333523469e+00
-1.237592378846878338e+00
1.141248331980289743e+00
4.852952709501080486e-01
-1.342050399944356709e-01
-2.960180316063832362e-01
4.406082514034968534e-01
-2.165345484391004494e+00
1.637238729631977918e+00
6.003779850029443699e-01
-1.370854545920646150e-01
-3.256597778966895396e-01
4.406082514034968534e-01
-2.165345484391004494e+00
1.637238729631977918e+00
6.388397482756882351e-01
-1.463841050532959376e-01
-3.072486673880522878e-01
-5.365815795045995040e-01
2.044034722670296844e+00
1.801581295375008107e+00
5.999000137112918685e-01
-1.157996224215029346e-01
-2.656058108619378522e-01
-5.365815795045995040e-01
2.044034722670296844e+00
1.801581295375008107e+00
6.393620713868366501e-01
-1.188215545387040772e-01
-2.840002408585701188e-01
-4.376587317483621731e-01
1.646295298183420464e+00
2.108801341630667459e+00
5.991533041848812191e-01
-1.602725802871570737e-01
-2.684958061150344855e-01
-4.376587317483621731e-01
1.646295298183420464e+00
2.108801341630667459e+00
6.387364122892971174e-01
-1.562773051454082740e-01
-2.864389511555743839e-01
0.000000000000000000e+00
0.000000000000000000e+00
0.000000000000000000e+00
0.000000000000000000e+00
0.000000000000000000e+00
0.000000000000000000e+00
-3.492175843109601718e-01
-6.268093261035144839e-10
1.880428292473945343e-09
0.000000000000000000e+00
-0.000000000000000000e+00
0.000000000000000000e+00
-3.492175905231444943e-01
2.740247373195304759e-01
-7.851390697488085380e-01
-0.000000000000000000e+00
0.000000000000000000e+00
0.000000000000000000e+00
-6.030206088132505915e-01
1.234076229660155510e+00
-4.500674014008317902e-01
-1.654004903661215053e-01
-6.186608783899946729e-02
5.197540642193554383e-02
-1.123568952651028630e+00
1.145343768863633205e+00
-5.901240366999275233e-01
-3.308009807322429552e-01
-1.237321755566797021e-01
1.039508128862132313e-01
-1.428942222382500571e+00
1.269401440532886616e+00
4.662600890650842045e-01
-5.756082616220639103e-01
-3.767078972145680438e-01
7.906400033397556482e-02
-1.443687516996327691e+00
5.319149587434246484e-01
5.486051720151012834e-01
-6.959078439619361678e-01
-5.048825036195876415e-01
5.934083992237910998e-02
-2.672359659006528609e+00
5.543369316064566954e-01
5.294026596504449733e-01
-6.940072163283471651e-01
-4.456409114348144351e-01
6.903170463084491032e-03
-2.672359659006528165e+00
5.543369316064560293e-01
5.294026596504448623e-01
-6.940072161868632294e-01
-4.456409114866783927e-01
6.903171231585382428e-03
-2.583966996153964857e+00
1.283051375154001805e+00
7.127682695998693863e-01
-7.089118938471006270e-01
-4.639182740250596404e-01
-4.919560670417177928e-02
-2.583966996153964857e+00
1.283051375154001805e+00
7.127682695998693863e-01
-6.786740326207272300e-01
-3.889488547600001289e-01
-7.452779643455265113e-02
-2.654748928136057895e+00
1.428699459632840174e+00
4.235371268694957392e-01
-6.868906819265000463e-01
-3.036868590689287273e-01
-1.058133663400723928e-01
-2.654748928136057895e+00
1.428699459632840174e+00
4.235371268694957392e-01
-7.256193205603392871e-01
-3.649148342758832264e-01
-1.420284602142175556e-01
-2.681448596099170523e+00
-8.230368894104972410e-02
3.675793557370830023e-01
-6.649485414524592963e-01
-3.118048163142489448e-01
1.344817002442677545e-02
-2.681448596099170523e+00
-8.230368894104972410e-02
3.675793557370830023e-01
-6.649404467662789475e-01
-3.453560439322753695e-01
5.994856137751136682e-03
0.000000000000000000e+00
0.000000000000000000e+00
0.000000000000000000e+00
0.000000000000000000e+00
0.000000000000000000e+00
0.000000000000000000e+00
-3.485571174619163659e-01
-6.256238566450400008e-10
1.876871883504352374e-09
0.000000000000000000e+00
-0.000000000000000000e+00
0.000000000000000000e+00
-3.485571236744492984e-01
2.741259175641895252e-01
-7.851542006637961535e-01
-0.000000000000000000e+00
0.000000000000000000e+00
0.000000000000000000e+00
-6.026223188582945367e-01
1.235127884060037928e+00
-4.496334257538224799e-01
-1.654099164976846337e-01
-6.183085149378620554e-02
5.184378531980196603e-02
-1.124684917395843531e+00
1.146118465343540116e+00
-5.900113520290521940e-01
-3.308198329953693229e-01
-1.236617028664872275e-01
1.036875706818791848e-01
-1.429807808140000969e+00
1.270202401819745308e+00
4.660564572278194095e-01
-5.757931860590642659e-01
-3.768451186926308760e-01
7.883999344111339291e-02
-1.444566596878821496e+00
5.321032246099129948e-01
5.485161324928246040e-01
-6.961756909411608296e-01
-5.051224904219552281e-01
5.913075085535716979e-02
-2.672343515941860925e+00
5.545143713526772267e-01
5.293691636489485930e-01
-6.942765382778670613e-01
-4.458937528043654397e-01
6.675867449529904879e-03
-2.672343515941860925e+00
5.545143713526765605e-01
5.293691636489485930e-01
-6.942765381363964483e-01
-4.458937528562320063e-01
6.675868218027902756e-03
-2.583836001701962370e+00
1.284096813125022551e+00
7.129527148178500529e-01
-7.091885097798520388e-01
-4.641854412677244301e-01
-4.944169334534237459e-02
-2.583836001701962370e+00
1.284096813125022551e+00
7.129527148178500529e-01
-6.789173633591412127e-01
-3.891927325622099865e-01
-7.480413316206985241e-02
-2.685291415859904607e+00
-8.833007648503266029e-02
6.072015025800414634e-01
-6.871557851760443647e-01
-3.039536351187299701e-01
-1.060597069774542878e-01
-2.685291415859904607e+00
-8.833007648503266029e-02
6.072015025800414634e-01
-6.836960820452837595e-01
-3.293866193728315350e-01
-9.445925203108501700e-02
-2.681312251399170510e+00
-7.313307484192713148e-02
3.698299826267625878e-01
-6.652157165666913174e-01
-3.120719801919302760e-01
1.320137477320271202e-02
-2.681312251399170510e+00
-7.313307484192713148e-02
3.698299826267625878e-01
-6.653810517338039077e-01
-3.455441346351928456e-01
5.383628995397404804e-03
