-2.221441471072811424e+00
nan
-2.221441467085554233e+00
2.610459999999999864e-02
2.799937000000000120e-01
-1.333499999999999686e-01
1.486192666822931052e+00
-1.002402967829732372e+00
-1.486192673026407451e+00
8.860460000000003333e-02
2.799937001121810543e-01
-1.333500001121810108e-01
-5.087820449820137370e-01
2.979208655838151643e+00
5.791661918763336692e-01
2.073546000000000555e-01
2.799937003253250012e-01
-1.333500007516129071e-01
-5.023497235073025591e-01
-1.243277518686285887e+00
-1.423900436369023970e+00
2.753891802688812063e-01
1.006968817559096285e-01
-2.057996159232848288e-01
-9.966811587255561822e-01
7.645424420341239147e-01
-1.261207078082183353e+00
3.434237605377623570e-01
-7.859993695135839009e-02
-2.782492307538018683e-01
-6.256016704690244845e-01
-5.387616296714862335e-02
2.981309038608733086e+00
4.166368683006386187e-01
-7.752840370503794043e-02
-4.725220869849376393e-01
1.340620343208107412e+00
1.157006706491227943e+00
-1.200820183990395140e+00
4.584095013523887818e-01
-7.596412494201691679e-02
-5.674781961084447435e-01
-1.030191432942900942e+00
-1.355222827092704252e+00
8.520578566506145091e-01
5.615568447151635390e-01
-8.516700023850563850e-02
-5.611540247414488203e-01
-1.030191432882851421e+00
-1.355222823637268093e+00
8.520578614686983299e-01
5.615568446974162908e-01
-8.516700050678092937e-02
-5.611540248423830812e-01
3.496513341416537801e-01
-2.475454658210799685e+00
1.342439041193219440e+00
6.781178661211092473e-01
-8.712199004509275924e-02
-5.844062781897574332e-01
3.496513341416537801e-01
-2.475454658210799685e+00
1.342439041193219440e+00
7.135356370777485857e-01
-1.046521228816502114e-01
-5.658855582305959420e-01
-2.919540647489557439e-01
1.790467763488993613e+00
2.100664225435294519e+00
6.745764447729757363e-01
-8.394068290498314655e-02
-5.208678513594110493e-01
-2.919540647489557439e-01
1.790467763488993613e+00
2.100664225435294519e+00
7.115145288205977359e-01
-8.272312446247753748e-02
-5.440807060511523296e-01
-3.247037116193266515e-01
1.293894674871273409e+00
2.260165433594926387e+00
6.718444728765922136e-01
-1.255704005358631026e-01
-5.365604154752773303e-01
-3.247037116193266515e-01
1.293894674871273409e+00
2.260165433594926387e+00
7.119813503949774525e-01
-1.182799262020962083e-01
-5.520723841341170779e-01
-2.221441471072811424e+00
nan
-2.221441467085554233e+00
2.610459999999999864e-02
2.799937000000000120e-01
1.333500000000000241e-01
1.486227946997988880e+00
-1.002372612144490027e+00
-1.486227953201709751e+00
8.860460000000003333e-02
2.799937001121810543e-01
1.333499998878189818e-01
-5.087838837190641339e-01
2.979184885133109972e+00
5.792389995601754382e-01
2.073546000000000833e-01
2.799937003253250012e-01
1.333499992483870855e-01
-5.023586530380548254e-01
-1.243206492716401046e+00
-1.423856058447640516e+00
2.753899242875864628e-01
1.007007534318165587e-01
6.089150186316281965e-02
-9.967376057149686108e-01
7.645777029013707260e-01
-1.261165740889879316e+00
3.434252485751728701e-01
-7.859219359956159945e-02
-1.156699518091347523e-02
-6.255038793959353249e-01
-5.387366604855546581e-02
2.981332490492992537e+00
4.166255912610379863e-01
-7.752043055546839478e-02
-2.058446602756157096e-01
1.340608858996604091e+00
1.157016636486165151e+00
-1.200833909318841375e+00
4.583919640073040314e-01
-7.595591854513934760e-02
-3.008035193135670249e-01
-1.030179704744717872e+00
-1.355211095520539200e+00
8.520642385484672454e-01
5.615394268255059496e-01
-8.515861255372783600e-02
-2.944810326863008254e-01
-1.030179704684638375e+00
-1.355211092065121026e+00
8.520642433665497339e-01
5.615394268077575912e-01
-8.515861282200293259e-02
-2.944810327872354749e-01
3.493839296424218754e-01
-2.475560344017576853e+00
1.342521216454647837e+00
6.781000767447512567e-01
-8.711332990540590626e-02
-3.177351711834324188e-01
3.493839296424218754e-01
-2.475560344017576853e+00
1.342521216454647837e+00
7.135123861950041224e-01
-1.046470929880913558e-01
-2.992074455763917284e-01
-3.995451236729902766e-01
1.721483408835783768e+00
2.008662769294406125e+00
6.745596745610475953e-01
-8.393217074972045277e-02
-2.541966801471807758e-01
-3.995451236729902766e-01
1.721483408835783768e+00
2.008662769294406125e+00
7.142187524570200452e-01
-8.381271070670398560e-02
-2.724143746870866245e-01
-3.245892996585142964e-01
1.293974586419735839e+00
2.260315586960629730e+00
6.718275283069701231e-01
-1.255618586621422561e-01
-2.698892927454926149e-01
-3.245892996585142964e-01
1.293974586419735839e+00
2.260315586960629730e+00
7.119612690005755473e-01
-1.182676572371255674e-01
-2.854076241029461780e-01
0.000000000000000000e+00
0.000000000000000000e+00
0.000000000000000000e+00
0.000000000000000000e+00
0.000000000000000000e+00
0.000000000000000000e+00
-5.144267556380867079e-01
-9.233426451515789175e-10
2.770028398243745121e-09
0.000000000000000000e+00
-0.000000000000000000e+00
0.000000000000000000e+00
-5.144267621261420231e-01
3.258410152293441664e-01
-8.063846530846745519e-01
-0.000000000000000000e+00
0.000000000000000000e+00
0.000000000000000000e+00
-8.713867713553594685e-01
1.266565479282368623e+00
-4.262600888359313056e-01
-1.681892590017965983e-01
-9.213206235793132415e-02
7.006662513066824749e-02
-9.778997058908835971e-01
1.245224634388894192e+00
-4.734683072369401668e-01
-3.363785180035933076e-01
-1.842641245403634775e-01
1.401332503322515188e-01
-1.464911850336043431e+00
1.226987269414914428e+00
6.335909072281227239e-01
-5.777845273434116802e-01
-4.089075797114175570e-01
4.791863293932033252e-02
-1.532160301379793754e+00
4.440626140380085074e-01
5.911096264459996252e-01
-6.952855771917483274e-01
-5.215431487556795309e-01
-5.627386522296246030e-03
-2.672629722933609564e+00
5.458160643621255970e-01
5.211851493316802530e-01
-6.870373409441592472e-01
-4.508821168439786642e-01
-3.733098525921718647e-02
-2.672629722933608676e+00
5.458160643621250419e-01
5.211851493316801420e-01
-6.870373408594298015e-01
-4.508821171229884794e-01
-3.733098453253011484e-02
-2.640523935318071835e+00
7.297994067925066553e-01
6.339311443563433457e-01
-6.987098827545776825e-01
-4.522769071874031543e-01
-9.572689935592293420e-02
-2.640523935318071835e+00
7.297994067925066553e-01
6.339311443563433457e-01
-6.740805751452139116e-01
-3.809200747628208039e-01
-7.528603224575605712e-02
-2.605663521972758190e+00
1.400416856107774555e+00
6.725723705532908880e-01
-6.656876387231653869e-01
-2.843079553063503906e-01
-1.022963907138748352e-01
-2.605663521972758190e+00
1.400416856107774555e+00
6.725723705532908880e-01
-6.990142078798232683e-01
-3.199493092658689530e-01
-1.571976538659973222e-01
-2.665297245416736960e+00
6.864630373610144387e-01
6.062604823081542138e-01
-6.525561017085517168e-01
-3.276722317722426947e-01
1.045558413218039551e-02
-2.665297245416736960e+00
6.864630373610144387e-01
6.062604823081542138e-01
-6.676244213153924578e-01
-3.446828363869995915e-01
-3.652817987884765527e-02
0.000000000000000000e+00
0.000000000000000000e+00
0.000000000000000000e+00
0.000000000000000000e+00
0.000000000000000000e+00
0.000000000000000000e+00
-5.141570541219950830e-01
-9.228585589166772776e-10
2.768576139296411480e-09
0.000000000000000000e+00
-0.000000000000000000e+00
0.000000000000000000e+00
-5.141570606100809293e-01
3.258837106113638971e-01
-8.063740394137910439e-01
-0.000000000000000000e+00
0.000000000000000000e+00
0.000000000000000000e+00
-8.713027576345239167e-01
1.267066915212794020e+00
-4.260092700366004959e-01
-1.681902218181413333e-01
-9.211696730041833703e-02
7.001313063139957826e-02
-9.782574076795271800e-01
1.245635640097218833e+00
-4.734049242334841257e-01
-3.363804436362826666e-01
-1.842339344254330380e-01
1.400262613336859252e-01
-1.465144073614622400e+00
1.227397522050623024e+00
6.335670064837263249e-01
-5.778722494504296980e-01
-4.089409021340747463e-01
4.779684547968124364e-02
-1.532418112912687036e+00
4.441689417328479328e-01
5.910732042572974798e-01
-6.954157409213573837e-01
-5.216075159382002058e-01
-5.759332434160824299e-03
-2.672613735760971831e+00
5.458958417765044091e-01
5.211842184246282539e-01
-6.871680228915487687e-01
-4.509511215529642958e-01
-3.747185685019574497e-02
-2.672613735760971831e+00
5.458958417765039650e-01
5.211842184246280318e-01
-6.871680228068279828e-01
-4.509511218319739445e-01
-3.747185612351139339e-02
-2.640463503770344111e+00
7.301252448903993164e-01
6.340810082021683947e-01
-6.988435925660525516e-01
-4.523508802864577016e-01
-9.587762651225331667e-02
-2.640463503770344111e+00
7.301252448903993164e-01
6.340810082021683947e-01
-6.741982061969028495e-01
-3.809748241342119646e-01
-7.543578611816709190e-02
-2.659058318817650868e+00
7.188834755154301925e-01
5.518280765380931818e-01
-6.658161644648492583e-01
-2.843822381384685793e-01
-1.024469453370800143e-01
-2.659058318817650868e+00
7.188834755154301925e-01
5.518280765380931818e-01
-6.789784854373362988e-01
-3.109391576818752445e-01
-1.312748523118230926e-01
-2.664760288825635204e+00
6.965128098373793986e-01
6.122905798850746262e-01
-6.526859600709805642e-01
-3.277464816287456451e-01
1.030459767232719259e-02
-2.664760288825635204e+00
6.965128098373793986e-01
6.122905798850746262e-01
-6.679608474690701403e-01
-3.445256034166807035e-01
-3.708636512354046566e-02
