-2.221441471072811424e+00
nan
-2.221441467085554233e+00
2.610459999999999864e-02
2.799937000000000120e-01
-1.333499999999999686e-01
1.548856142292864835e+00
-9.466777215473558549e-01
-1.548856148933785537e+00
8.860460000000003333e-02
2.799937001121810543e-01
-1.333500001121810108e-01
-6.796894972524984979e-01
2.873955540846276691e+00
6.934924962514726898e-01
2.073546000000000833e-01
2.799937003253250012e-01
-1.333500007516129071e-01
-2.411797431650235524e-01
-1.270490999258621745e+00
-1.524425090277527595e+00
2.991832884574167073e-01
1.168806829802278013e-01
-2.169360973752068600e-01
-7.814753379200189976e-01
6.670843467454397047e-01
-1.233045069346165423e+00
3.910119769148333035e-01
-4.623233453267491799e-02
-3.005221936713388664e-01
-8.236021995862600198e-01
-3.256500292053655099e-01
2.768054669512359123e+00
4.976439110086425810e-01
-1.807444305282954536e-02
-4.764199303788441142e-01
1.592857604213008704e+00
1.231566186353540093e+00
-1.113188620035779008e+00
5.555884424085868467e-01
-3.089672181783967991e-03
-5.611663192268838696e-01
-8.203976121825142798e-01
-1.463602527670581077e+00
4.848951980617408619e-01
6.570895179708546863e-01
-2.271560707565903683e-02
-5.524246466612834361e-01
-8.203976120954172835e-01
-1.463602525172766011e+00
4.848952032646783317e-01
6.570895179466136327e-01
-2.271560728697426604e-02
-5.524246468542409749e-01
3.143021258238535287e-01
-2.763072752546607003e+00
8.725178376195460439e-01
7.749307408254680896e-01
-2.609488243378969147e-02
-5.676885806544864632e-01
3.143021258238535287e-01
-2.763072752546607003e+00
8.725178376195460439e-01
8.080387790435170636e-01
-5.163184757933544922e-02
-5.551800898935117523e-01
-2.727041165109420073e-01
1.263760542273177689e+00
2.176022866636511122e+00
7.660409440172550877e-01
-4.573455335212019135e-02
-5.077298539894847806e-01
-2.727041165109420073e-01
1.263760542273177689e+00
2.176022866636511122e+00
8.069721167709055232e-01
-4.226179870511821701e-02
-5.224716380328952026e-01
-2.287373066909640096e-01
8.037731125199785165e-01
2.320772540166399445e+00
7.623037998700115114e-01
-7.851651976068019234e-02
-5.376986721345295983e-01
-2.287373066909640096e-01
8.037731125199785165e-01
2.320772540166399445e+00
8.042661555938754869e-01
-7.032424220745721322e-02
-5.464615720657659548e-01
-2.221441471072811424e+00
nan
-2.221441467085554233e+00
2.610459999999999864e-02
2.799937000000000120e-01
1.333500000000000241e-01
1.548863505228348147e+00
-9.466709560524150247e-01
-1.548863511869320364e+00
8.860460000000003333e-02
2.799937001121810543e-01
1.333499998878189818e-01
-6.796910556396201786e-01
2.873948675118957574e+00
6.935069443270721612e-01
2.073546000000000833e-01
2.799937003253250012e-01
1.333499992483870855e-01
-2.411805340368952111e-01
-1.270478607191152465e+00
-1.524416610616947221e+00
2.991836728310474092e-01
1.168817396156678068e-01
4.976226296822759687e-02
-7.814819169612560179e-01
6.670923097348878672e-01
-1.233031402318478298e+00
3.910127456620947628e-01
-4.623022126179837654e-02
-3.382547298447176332e-02
-8.235830768295921978e-01
-3.256596791010835101e-01
2.768060568460215087e+00
4.976423390200760410e-01
-1.807063219460785380e-02
-2.097243569032692379e-01
1.592859160026887322e+00
1.231572891060320307e+00
-1.113187199627330592e+00
5.555857300017441602e-01
-3.084984770854779998e-03
-2.944713704957051537e-01
-8.203949564298869124e-01
-1.463600325871638574e+00
4.848970200540149711e-01
6.570868637861843053e-01
-2.271077102029837869e-02
-2.857300402442879972e-01
-8.203949563427841429e-01
-1.463600323373827061e+00
4.848970252569519968e-01
6.570868637619430297e-01
-2.271077123161353156e-02
-2.857300404372455360e-01
3.141900521863723594e-01
-2.763103758735189874e+00
8.725366504576926863e-01
7.749280420207999009e-01
-2.608985883596538075e-02
-3.009943602283938757e-01
3.141900521863723594e-01
-2.763103758735189874e+00
8.725366504576926863e-01
8.080338007854060978e-01
-5.162887165112800547e-02
-2.884840170813550708e-01
-2.898410324934468929e-01
1.251903160148896799e+00
2.150722144849245066e+00
7.660384703535797479e-01
-4.572957854051254434e-02
-2.410356161633270822e-01
-2.898410324934468929e-01
1.251903160148896799e+00
2.150722144849245066e+00
8.073781485859398144e-01
-4.295463464920502156e-02
-2.547495439250965776e-01
-2.287077609048114579e-01
8.037955856048378811e-01
2.320844732664443466e+00
7.623012782199795057e-01
-7.851153295946475263e-02
-2.710044414394419121e-01
-2.287077609048114579e-01
8.037955856048378811e-01
2.320844732664443466e+00
8.042627132866728701e-01
-7.031666871319382228e-02
-2.797693311557398199e-01
0.000000000000000000e+00
0.000000000000000000e+00
0.000000000000000000e+00
0.000000000000000000e+00
0.000000000000000000e+00
0.000000000000000000e+00
-7.563446751794079548e-01
-1.357560207303418830e-09
4.072681302333657291e-09
0.000000000000000000e+00
-0.000000000000000000e+00
0.000000000000000000e+00
-7.563446820770307610e-01
4.247691672983923694e-01
-8.289103555059871287e-01
-0.000000000000000000e+00
0.000000000000000000e+00
0.000000000000000000e+00
-1.232328217587125074e+00
1.270246894005931271e+00
-3.956513565715770175e-01
-1.707108658557056624e-01
-1.393376504717177555e-01
8.436366771634251638e-02
-8.484015820683474818e-01
1.345087627281327025e+00
-1.199119362190854132e-01
-3.414217317114112693e-01
-2.786753006957615186e-01
1.687273355596038416e-01
-1.506070150956575038e+00
1.175010959547881262e+00
8.419568532175161213e-01
-5.746431337362696290e-01
-4.406936604806249158e-01
1.408840657733750890e-03
-1.646814501401597131e+00
3.383552606504008908e-01
5.977876384990082892e-01
-6.868375999435936130e-01
-5.195408718073559751e-01
-8.924473491087223098e-02
-2.673173858452591034e+00
5.368089419994768186e-01
5.093935270667661053e-01
-6.721476677705946479e-01
-4.444688703943435182e-01
-9.126788360224241670e-02
-2.673173858452591034e+00
5.368089419994764855e-01
5.093935270667657722e-01
-6.721476677665333410e-01
-4.444688709225005918e-01
-9.126788302434740707e-02
-2.738128163823143169e+00
2.830723294019643066e-01
1.632963447493768205e-01
-6.786201030346277197e-01
-4.252444635783471094e-01
-1.454927152188840167e-01
-2.738128163823143169e+00
2.830723294019643066e-01
1.632963447493768205e-01
-6.709092023533559379e-01
-3.855881911159705355e-01
-8.494120123560763846e-02
-2.564429736522790826e+00
1.315389312055077475e+00
9.947379750493683392e-01
-6.364294011704336729e-01
-2.694927678224030565e-01
-8.822033791218447663e-02
-2.564429736522790826e+00
1.315389312055077475e+00
9.947379750493683392e-01
-6.592750672671618961e-01
-2.665812452913598474e-01
-1.509664003666358889e-01
-2.663917502744792554e+00
6.526693649446722034e-01
6.620346896515576507e-01
-6.358180092388091564e-01
-3.515083060947779003e-01
1.417690115630712566e-03
-2.663917502744792554e+00
6.526693649446722034e-01
6.620346896515576507e-01
-6.469608574994903938e-01
-3.470714134477030921e-01
-4.779340550762002648e-02
0.000000000000000000e+00
0.000000000000000000e+00
0.000000000000000000e+00
0.000000000000000000e+00
0.000000000000000000e+00
0.000000000000000000e+00
-7.560732826128616635e-01
-1.357073085808428779e-09
4.071219937604536718e-09
0.000000000000000000e+00
-0.000000000000000000e+00
0.000000000000000000e+00
-7.560732895102174611e-01
4.247620150035059106e-01
-8.288747691936301232e-01
-0.000000000000000000e+00
0.000000000000000000e+00
0.000000000000000000e+00
-1.232239974842964880e+00
1.270556046835309205e+00
-3.954423720671194631e-01
-1.707042840778796033e-01
-1.393132562801520091e-01
8.431909468059253787e-02
-8.483380408073399881e-01
1.345393716354933211e+00
-1.197268074439337832e-01
-3.414085681557592622e-01
-2.786265123127202314e-01
1.686381894880610299e-01
-1.505943004359359350e+00
1.175320202172473349e+00
8.420749759937660173e-01
-5.746903635960070034e-01
-4.406146476683863722e-01
1.290553987551318338e-03
-1.646727698690381825e+00
3.384195705562909051e-01
5.978299065796829348e-01
-6.869142794395898255e-01
-5.194461403583772174e-01
-8.937901491917832342e-02
-2.673165199517478108e+00
5.368867445236444880e-01
5.094325774820331887e-01
-6.722231602497569236e-01
-4.443711363818847460e-01
-9.141065919994967315e-02
-2.673165199517478996e+00
5.368867445236441549e-01
5.094325774820328556e-01
-6.722231602457027222e-01
-4.443711369100413755e-01
-9.141065862205466352e-02
-2.738406143296925777e+00
2.820334340221703484e-01
1.618121353061076073e-01
-6.786969538979177319e-01
-4.251430501961159791e-01
-1.456451657982083536e-01
-2.738406143296925777e+00
2.820334340221703484e-01
1.618121353061076073e-01
-6.710360966621311540e-01
-3.855277361508825384e-01
-8.504590704171965942e-02
-2.650754720453617708e+00
6.973394805364351301e-01
6.094542019942469357e-01
-6.365007859609854712e-01
-2.693920595617474989e-01
-8.837225736311185575e-02
-2.650754720453617708e+00
6.973394805364351301e-01
6.094542019942469357e-01
-6.477552504373476072e-01
-2.805496777044158563e-01
-1.245557427260865213e-01
-2.663978827287026618e+00
6.518671214657243418e-01
6.609144540198725881e-01
-6.358904554661314323e-01
-3.514075277814431297e-01
1.265771280067357063e-03
-2.663978827287026618e+00
6.518671214657243418e-01
6.609144540198725881e-01
-6.470201031245501611e-01
-3.470240894621725580e-01
-4.791845345398615397e-02
