-2.221441471072811424e+00
nan
-2.221441467085554233e+00
2.610459999999999864e-02
2.799937000000000120e-01
-1.333499999999999686e-01
1.520885980108057645e+00
-9.720040345372981117e-01
-1.520885986552909852e+00
8.860460000000003333e-02
2.799937001121810543e-01
-1.333500001121810108e-01
-1.421210293615875919e+00
-2.500858601283235672e+00
-5.506364528434707362e-01
2.073546000000000833e-01
2.799937003253250012e-01
-1.333500007516129071e-01
-1.258451350267451474e+00
6.667690207777551281e-01
-9.827125823317238718e-01
3.123452139798418847e-02
1.847825622686932456e-01
-1.774131044005930469e-01
-2.971779772328764224e+00
7.030434715843707494e-01
-3.509130936439386894e-01
-1.448855572040317619e-01
8.957142405752198389e-02
-2.214762077156457454e-01
7.130738190735247395e-01
1.872237860725039837e+00
2.245765952303112822e+00
-2.375440531141964351e-01
-9.574183709675947174e-02
-2.347671210037205469e-01
-9.842203760977269456e-02
3.575046635633874481e-01
-2.210039878788438106e+00
-2.825717922829075746e-01
-1.884123750669562947e-01
-2.469628824669846123e-01
3.870905559770628779e-01
-1.397793331409174167e+00
-1.555592221702891687e+00
-2.035583413219487214e-01
-2.485700661328355543e-01
-2.769960187145094066e-01
3.870905554435862816e-01
-1.397793334366169260e+00
-1.555592216482086565e+00
-2.035583411848939095e-01
-2.485700659019515757e-01
-2.769960188164059534e-01
-1.491292511283961009e+00
-1.561577505121448661e+00
-1.773005346708898866e+00
-1.011855832617568757e-01
-3.086586377240621570e-01
-2.833318657802978424e-01
-1.491292511283961009e+00
-1.561577505121448661e+00
-1.773005346708898866e+00
-1.203172174590387833e-01
-3.055340128965096103e-01
-3.224337636528875617e-01
1.086076263325825186e+00
2.326281431452235926e-01
-1.230125923166681456e+00
-1.387845193067809013e-01
-3.366014457253453385e-01
-3.265211416904774677e-01
1.086076263325825186e+00
2.326281431452235926e-01
-1.230125923166681456e+00
-1.783937008469810293e-01
-3.185252255682825551e-01
-3.295384463086540316e-01
9.206162799460981816e-01
-1.051460169980257708e+00
4.302679226570717552e-01
-1.174842102183716597e-01
-3.007741768525792336e-01
-3.423153579374698108e-01
9.206162799460981816e-01
-1.051460169980257708e+00
4.302679226570717552e-01
-1.037441903230151286e-01
-3.185658600792820594e-01
-3.797240332126766149e-01
-2.221441471072811424e+00
nan
-2.221441467085554233e+00
2.610459999999999864e-02
2.799937000000000120e-01
1.333500000000000241e-01
1.519384413966653913e+00
-9.733427420342856129e-01
-1.519384420401017621e+00
8.860460000000003333e-02
2.799937001121810543e-01
1.333499998878189818e-01
-1.422722105206868370e+00
-2.501658587563995617e+00
-5.479981291911241170e-01
2.073546000000000833e-01
2.799937003253250012e-01
1.333499992483870855e-01
-1.257933197513622092e+00
6.696053808266062557e-01
-9.794929510404025708e-01
3.116754416304898245e-02
1.847904124822505878e-01
8.953841014943056398e-02
-2.969902362731811962e+00
7.046161630261101871e-01
-3.455105979033203933e-01
-1.450195116739021184e-01
8.958712448535383066e-02
4.572682138473245506e-02
7.131511024646212116e-01
1.869648130176321033e+00
2.246036504295494396e+00
-2.378861162434104948e-01
-9.560179467251600505e-02
3.215818192196557429e-02
-9.632639062935723084e-02
3.583142006851397499e-01
-2.210022564177108961e+00
-2.830336252275540421e-01
-1.881951594319219434e-01
1.981987834901500350e-02
3.873801978501142385e-01
-1.397867847364751892e+00
-1.555381333743894867e+00
-2.040004137105657644e-01
-2.483352001870035575e-01
-1.019660837558570426e-02
3.873801973165366119e-01
-1.397867850322089600e+00
-1.555381328523212536e+00
-2.040004135735458135e-01
-2.483351999560904355e-01
-1.019660847746300947e-02
-1.494461655483381168e+00
-1.554995104186379651e+00
-1.769352663995534591e+00
-1.016123859267192564e-01
-3.083999666991925070e-01
-1.651139872334079703e-02
-1.494461655483381168e+00
-1.554995104186379651e+00
-1.769352663995534591e+00
-1.209625567628273418e-01
-3.051378156749605108e-01
-5.549434863632887738e-02
7.539589850608910959e-01
-7.273167887616535099e-01
5.415519071138104046e-01
-1.391966202088315563e-01
-3.363528257634603169e-01
-5.970696641170991636e-02
7.539589850608910959e-01
-7.273167887616535099e-01
5.415519071138104046e-01
-1.307071604545317345e-01
-3.630325446239842102e-01
-9.318625552025476544e-02
9.205480590031375199e-01
-1.051676235269723980e+00
4.308230706183053815e-01
-1.179017244924764479e-01
-3.005210216612884677e-01
-7.549819372984906130e-02
9.205480590031375199e-01
-1.051676235269723980e+00
4.308230706183053815e-01
-1.041402359678299666e-01
-3.183160192096242125e-01
-1.128973998771825860e-01
0.000000000000000000e+00
0.000000000000000000e+00
0.000000000000000000e+00
0.000000000000000000e+00
0.000000000000000000e+00
0.000000000000000000e+00
-5.577846359415231658e-01
-1.001165541120282501e-09
3.003497125155506784e-09
0.000000000000000000e+00
-0.000000000000000000e+00
0.000000000000000000e+00
-5.577846423151131550e-01
3.600150610528963790e-01
-7.779171161863650541e-01
0.000000000000000000e+00
0.000000000000000000e+00
0.000000000000000000e+00
6.587697679251396377e-01
1.017688683584818232e+00
-4.735499872803388133e-01
-8.992975489620455565e-02
1.124291011404559282e-01
1.165131914358788073e-01
7.234229294718076408e-01
1.021314005506681388e+00
-7.398020198555933513e-01
-1.798595097924090835e-01
2.248582024671714474e-01
2.330263829579574120e-01
-2.951299238538051539e-01
-1.074945824797059135e+00
-1.015677021936932212e+00
-3.305288305874590771e-01
3.030220963245072729e-01
1.935999403059877333e-01
-2.333006790165945699e-01
-1.144812811397183161e+00
-7.130653158004723879e-01
-4.115423837491654080e-01
3.451564021959444006e-01
1.725474089011660717e-01
-2.778835451440438753e+00
7.932558668929284851e-01
2.544964249545455526e-01
-4.200564275842804118e-01
2.818078997544377073e-01
2.770378500077150252e-01
-2.778835451440438753e+00
7.932558668929288181e-01
2.544964249545453860e-01
-4.200564277238694744e-01
2.818078995061641390e-01
2.770378492574069318e-01
-4.594384948314697681e+00
-2.590853750787039278e+00
8.723783494948780248e-01
-4.097900487903609612e-01
2.902551242521753116e-01
3.628063120305747846e-01
-4.594384948314697681e+00
-2.590853750787039278e+00
8.723783494948780248e-01
-3.112086050741211807e-01
9.391592975164621271e-02
2.988833165350234244e-01
-4.281903892262012512e+00
-2.169715022193435150e+00
2.235070939623714281e+00
-4.369388505534504419e-01
1.606704384253727358e-01
4.702803541239812812e-01
-4.281903892262012512e+00
-2.169715022193435150e+00
2.235070939623714281e+00
-4.707937937681503926e-01
5.922129943388107498e-02
3.069390804715101950e-01
-2.229192152255864645e+00
1.607796114777972019e+00
6.897977277240219252e-02
-4.585856170983569902e-01
1.222017629039406916e-01
3.538256741010370465e-01
-2.229192152255864645e+00
1.607796114777972019e+00
6.897977277240219252e-02
-5.175038735986088323e-01
3.975842100443172100e-02
3.713956041206990522e-01
0.000000000000000000e+00
0.000000000000000000e+00
0.000000000000000000e+00
0.000000000000000000e+00
0.000000000000000000e+00
0.000000000000000000e+00
-5.608252937340141298e-01
-1.006623206333743013e-09
3.019870123531327457e-09
0.000000000000000000e+00
-0.000000000000000000e+00
0.000000000000000000e+00
-5.608253000716268977e-01
3.562571925813659002e-01
-7.741525837331555415e-01
0.000000000000000000e+00
0.000000000000000000e+00
0.000000000000000000e+00
6.637578355033024735e-01
1.017964946187133402e+00
-4.696413783603637926e-01
-8.931006499853004488e-02
1.118250168934762923e-01
1.161603183540461659e-01
7.295018609977677038e-01
1.022432989213898580e+00
-7.437382306467715809e-01
-1.786201299970600342e-01
2.236500339744131316e-01
2.323206367943597694e-01
-2.928418607105563454e-01
-1.074299416706310017e+00
-1.023133206763120029e+00
-3.302252336724045834e-01
3.026168258824089019e-01
1.921748557406761648e-01
-2.300167663677716301e-01
-1.146159991943806133e+00
-7.137376742865191304e-01
-4.117055475521167462e-01
3.451955697504079379e-01
1.707881263988636489e-01
-2.779010707349368836e+00
7.934878673286442918e-01
2.543596715432783206e-01
-4.202260641896952698e-01
2.818822939567643404e-01
2.752060491781779250e-01
-2.779010707349367948e+00
7.934878673286444029e-01
2.543596715432780986e-01
-4.202260643292685116e-01
2.818822937084985991e-01
2.752060484277440988e-01
-4.572100166724075265e+00
-2.550405261033145798e+00
8.645829364017437735e-01
-4.099587194339988638e-01
2.903768090827495985e-01
3.608830206438004007e-01
-4.572100166724075265e+00
-2.550405261033145798e+00
8.645829364017437735e-01
-3.133567989968390477e-01
9.541302976482300691e-02
2.966173618997300920e-01
-2.390498554134127041e+00
1.559594227903116526e+00
-2.576357884867851444e-01
-4.371237982668101374e-01
1.607759504795339134e-01
4.683869491901218041e-01
-2.390498554134127041e+00
1.559594227903116526e+00
-2.576357884867851444e-01
-4.962115547200331434e-01
7.855656961449319908e-02
5.189246661200874744e-01
-2.229523251466051459e+00
1.608151535463883341e+00
6.892331144278940336e-02
-4.587681114762138801e-01
1.223085233601978739e-01
3.519127405395849340e-01
-2.229523251466051459e+00
1.608151535463883341e+00
6.892331144278940336e-02
-5.176852121090308456e-01
3.987461102784639611e-02
3.694565424322021063e-01
