-2.221441471072811424e+00
nan
-2.221441467085554233e+00
2.610459999999999864e-02
2.799937000000000120e-01
-1.333499999999999686e-01
1.426874086181047829e+00
-1.051890383416319574e+00
-1.426874091976287229e+00
8.860460000000003333e-02
2.799937001121810543e-01
-1.333500001121810108e-01
-2.014653344555443759e-01
3.080512811231215231e+00
4.660152706866620975e-01
2.073546000000000833e-01
2.799937003253250012e-01
-1.333500007516129071e-01
-8.659379350478662030e-01
-1.084733301879722944e+00
-1.294107963953247342e+00
2.340543737244182299e-01
8.583472592447374816e-02
-1.934700036015336577e-01
-1.392602103079120690e+00
9.062367429805618935e-01
-1.394561584325731740e+00
2.607541474488364042e-01
-1.083242485852138060e-01
-2.535900060999651817e-01
1.541174187799982109e-01
-4.570501326904852779e-01
-3.019447682905923358e+00
2.726579710722052963e-01
-1.697977179012492011e-01
-4.515358612053304022e-01
9.094531944670237733e-01
1.051518277697912618e+00
-1.339868852417940071e+00
2.842664297057216349e-01
-1.999333501260778800e-01
-5.501317528974482007e-01
-1.355430630991804053e+00
-1.044073659484614724e+00
1.507254912655792145e+00
3.876364153249926559e-01
-1.948722958475885281e-01
-5.574183366416937124e-01
-1.355430631052926049e+00
-1.044073654398503637e+00
1.507254916485565088e+00
3.876364153444676885e-01
-1.948722961207192128e-01
-5.574183365551218516e-01
5.892936767908958373e-01
-1.660704179196071939e+00
1.864797322398820789e+00
5.004147174667958886e-01
-2.014940624763112142e-01
-5.944070884385909137e-01
5.892936767908958373e-01
-1.660704179196071939e+00
1.864797322398820789e+00
5.427839553862044975e-01
-2.020431809194654649e-01
-5.839530331644908756e-01
1.617229440073340019e-01
-2.666685305169036457e+00
-1.601645758199405911e+00
5.018343627332610968e-01
-1.597631059653699392e-01
-5.462790722696344581e-01
1.617229440073340019e-01
-2.666685305169036457e+00
-1.601645758199405911e+00
5.290006975197716343e-01
-1.740364098690545258e-01
-5.773113808294288996e-01
-6.593502627810819972e-01
2.024823335628146204e+00
1.822323748890422923e+00
5.048754088194632450e-01
-2.021631889725814812e-01
-5.328724086771081669e-01
-6.593502627810819972e-01
2.024823335628146204e+00
1.822323748890422923e+00
5.451262760987881650e-01
-2.019156548755452474e-01
-5.497409455058606120e-01
-2.221441471072811424e+00
nan
-2.221441467085554233e+00
2.610459999999999864e-02
2.799937000000000120e-01
1.333500000000000241e-01
1.427034867809056085e+00
-1.051760353374040058e+00
-1.427034873605394605e+00
8.860460000000003333e-02
2.799937001121810543e-01
1.333499998878189818e-01
-2.014433119410767581e-01
3.080448881788845572e+00
4.663612158738076330e-01
2.073546000000000833e-01
2.799937003253250012e-01
1.333499992483870855e-01
-8.659359464041948007e-01
-1.084363897514962094e+00
-1.293920088525202683e+00
2.340520293128469931e-01
8.584800679768486709e-02
7.318608188293276862e-02
-1.393071304248006959e+00
9.062074947978693285e-01
-1.394539478379542397e+00
2.607494586256939306e-01
-1.082976868388708380e-01
1.302216486894309383e-02
1.537082233099995865e-01
-4.574653190463288666e-01
-3.019426880445581940e+00
2.725996745085488837e-01
-1.698288766513023074e-01
-1.849089723070866664e-01
9.092355078906861898e-01
1.051349749925474919e+00
-1.340013849242367883e+00
2.841814050651768064e-01
-1.999929537587662454e-01
-2.834993089003281508e-01
-1.355387630987631375e+00
-1.044014456750846920e+00
1.507265043971582896e+00
3.875511051658114825e-01
-1.949348014275180119e-01
-2.907919556145706630e-01
-1.355387631048592834e+00
-1.044014451664810661e+00
1.507265047801352731e+00
3.875511051852840172e-01
-1.949348017006493072e-01
-2.907919555280001900e-01
5.893937121737528040e-01
-1.660605740943760900e+00
1.864667779139281834e+00
5.003270497506170367e-01
-2.015597096842676739e-01
-3.277873323576198095e-01
5.893937121737528040e-01
-1.660605740943760900e+00
1.864667779139281834e+00
5.426979690633177977e-01
-2.021106718001235425e-01
-3.173401910283614735e-01
-7.987866242273765627e-01
2.373296224566032731e+00
1.459378980489437261e+00
5.017506938619119561e-01
-1.598288336306131208e-01
-2.796593645468041789e-01
-7.987866242273765627e-01
2.373296224566032731e+00
1.459378980489437261e+00
5.423471869033190673e-01
-1.645168829859020299e-01
-2.949788968696711589e-01
-6.590006470589407916e-01
2.025067264531145383e+00
1.822519143977475053e+00
5.047913340055510956e-01
-2.022290134563058672e-01
-2.662529150814978984e-01
-6.590006470589407916e-01
2.025067264531145383e+00
1.822519143977475053e+00
5.450361565730948987e-01
-2.019843745410851432e-01
-2.831359104590390752e-01
0.000000000000000000e+00
0.000000000000000000e+00
0.000000000000000000e+00
0.000000000000000000e+00
0.000000000000000000e+00
0.000000000000000000e+00
-1.417148561279978347e-01
-2.543634612320951334e-10
7.630905111859174660e-10
0.000000000000000000e+00
-0.000000000000000000e+00
0.000000000000000000e+00
-1.417148620894419786e-01
2.360681098065061656e-01
-7.623875595261772053e-01
-0.000000000000000000e+00
0.000000000000000000e+00
0.000000000000000000e+00
-2.711008360709757925e-01
1.176954286726313637e+00
-4.710485706898092095e-01
-1.622168020879130590e-01
-2.887547324235362201e-02
2.121224716525937221e-02
-1.316398623349170460e+00
1.060275560691452901e+00
-5.584569667459898801e-01
-3.244336041758261180e-01
-5.775094643489600554e-02
4.242449434594244839e-02
-1.409853112189763946e+00
1.302884006340570888e+00
2.352942926387601441e-01
-5.686410438938019896e-01
-3.249743708266589759e-01
1.107267514594293123e-01
-1.362179781768792619e+00
6.323339134079891677e-01
4.458595063402281400e-01
-6.900093120027862570e-01
-4.612486915151164379e-01
1.380890912475357390e-01
-2.672438936431145606e+00
5.681828696805220069e-01
5.382200975294277878e-01
-6.968733851793287304e-01
-4.250858378110882740e-01
6.583067789938196190e-02
-2.672438936431145162e+00
5.681828696805213408e-01
5.382200975294278988e-01
-6.968733849831356686e-01
-4.250858375692484481e-01
6.583067861824157263e-02
-2.599534272142195235e+00
2.152533465661983225e+00
3.259657258202304231e-01
-7.143257924404619041e-01
-4.632364695451390846e-01
1.944824551731433315e-02
-2.599534272142195235e+00
2.152533465661983225e+00
3.259657258202304231e-01
-6.916440948191973082e-01
-4.222498751863970057e-01
-7.032550480636251544e-02
-2.748890121967908495e+00
1.449618105973583093e+00
6.587716912947493009e-02
-7.094407175848689295e-01
-3.338532035882582072e-01
-9.288180563846851201e-02
-2.748890121967908495e+00
1.449618105973583093e+00
6.587716912947493009e-02
-7.534854290880066419e-01
-4.173679688187784675e-01
-9.302687230924952533e-02
-2.615344398675153670e+00
-4.227412103778137031e-01
6.599151316063076589e-01
-6.790027041806286912e-01
-2.963879616748499313e-01
1.870195680582698028e-02
-2.615344398675153670e+00
-4.227412103778137031e-01
6.599151316063076589e-01
-6.720350300005618616e-01
-3.139428386058695786e-01
3.507027024408071458e-02
0.000000000000000000e+00
0.000000000000000000e+00
0.000000000000000000e+00
0.000000000000000000e+00
0.000000000000000000e+00
0.000000000000000000e+00
-1.407398214834232331e-01
-2.526133752228259753e-10
7.578402522809484898e-10
0.000000000000000000e+00
-0.000000000000000000e+00
0.000000000000000000e+00
-1.407398274460011645e-01
2.362842488525448981e-01
-7.624764399418864080e-01
-0.000000000000000000e+00
0.000000000000000000e+00
0.000000000000000000e+00
-2.702918342825841869e-01
1.178396087957330529e+00
-4.705248779777790880e-01
-1.622473032537264381e-01
-2.882362020654913662e-02
2.101584937498439387e-02
-1.318916654194487004e+00
1.061265850600341176e+00
-5.578738485602430242e-01
-3.244946065074529318e-01
-5.764724036363319537e-02
4.203169876529754684e-02
-1.412033544401787521e+00
1.303784448532399054e+00
2.347905553616725927e-01
-5.688788048300167377e-01
-3.253128391095901351e-01
1.106099803225999434e-01
-1.364292480387589768e+00
6.323843396553547880e-01
4.458161958483510823e-01
-6.903371120398259508e-01
-4.618064205836702185e-01
1.381025888474372021e-01
-2.672431832244296590e+00
5.683736298140548149e-01
5.381043427885394692e-01
-6.972038738468905317e-01
-4.256718371931848544e-01
6.583241011874843562e-02
-2.672431832244296590e+00
5.683736298140544818e-01
5.381043427885396913e-01
-6.972038736507132350e-01
-4.256718369513530775e-01
6.583241083760557610e-02
-2.599240315445610516e+00
2.158255841597381153e+00
3.251056941483034812e-01
-7.146661785091430463e-01
-4.638542341040161054e-01
1.943815285040983998e-02
-2.599240315445610516e+00
2.158255841597381153e+00
3.251056941483034812e-01
-6.919394537861531802e-01
-4.229245760449924507e-01
-7.057704832626204849e-02
-2.596201535471061028e+00
-3.104837933238533410e-01
1.009059299922725028e+00
-7.097670763817778283e-01
-3.344694518262906202e-01
-9.289393047391797387e-02
-2.596201535471061028e+00
-3.104837933238533410e-01
1.009059299922725028e+00
-7.002800900737756740e-01
-3.332777763179364250e-01
-6.811825638421131757e-02
-2.615358029225501202e+00
-4.225521584884355808e-01
6.597951932501140426e-01
-6.793314831370427243e-01
-2.970054478516822583e-01
1.868944010974726844e-02
-2.615358029225501202e+00
-4.225521584884355808e-01
6.597951932501140426e-01
-6.723589485788570297e-01
-3.146071848864425147e-01
3.505515840246342663e-02
