-2.221441471072811424e+00
nan
-2.221441467085554233e+00
2.610459999999999864e-02
2.799937000000000120e-01
-1.333499999999999686e-01
1.577495273223691985e+00
-9.199612263665919443e-01
-1.577495280066778749e+00
8.860460000000003333e-02
2.799937001121810543e-01
-1.333500001121810108e-01
-8.035187911172061437e-01
-2.795971283845383404e+00
-7.361274556177922479e-01
2.073546000000000833e-01
2.799937003253250012e-01
-1.333500007516129071e-01
-1.214907884478824807e+00
-2.507201512345011429e-02
-1.138674864627249317e+00
9.851592670322446843e-02
1.287947962119883882e-01
-2.188955125562879189e-01
-2.823913398753507664e+00
5.328527614744786867e-01
-1.169882030320789523e+00
-1.032274659355111868e-02
-2.240410808253937014e-02
-3.044410240407133816e-01
-7.776191705547473854e-01
-1.766846992782741044e+00
-2.266458341023872336e+00
-7.996304747485845354e-02
-2.162516044529166070e-01
-3.304530720972886360e-01
-2.092324313362090293e-01
5.940924246463038516e-01
-1.796340768229722995e+00
-1.108643832708579163e-01
-3.138058127217916438e-01
-3.475512122024533301e-01
1.267109611183319995e+00
-6.192636858148822254e-01
-2.363985199359941003e+00
-2.305115777696652157e-02
-3.342903554621279860e-01
-3.988667404281115991e-01
1.267109610564795652e+00
-6.192636920977461212e-01
-2.363985196379988274e+00
-2.305115762838221005e-02
-3.342903553113634185e-01
-3.988667402340315138e-01
-6.112112070633761718e-01
2.287524479109507014e-01
-9.540351159392742586e-01
7.937870770616210769e-02
-3.813856511845627462e-01
-4.365644428075697303e-01
-6.112112070633761718e-01
2.287524479109507014e-01
-9.540351159392742586e-01
4.037900143417112730e-02
-3.766442717489842940e-01
-4.175569875240157658e-01
1.773307828241100559e+00
2.049402029370868572e+00
-1.425858063768912221e+00
5.906652331801694189e-02
-3.460773322138833707e-01
-4.855596654441366455e-01
1.773307828241100559e+00
2.049402029370868572e+00
-1.425858063768912221e+00
3.788865075607280447e-02
-3.605097906062997848e-01
-4.502334289744640561e-01
1.405884502790299972e+00
-1.995935351971236171e+00
-1.193959331289828722e-02
8.214862130146603769e-02
-3.227063364260082112e-01
-4.554304945699559903e-01
1.405884502790299972e+00
-1.995935351971236171e+00
-1.193959331289828722e-02
1.164019984833811472e-01
-3.171455727585813511e-01
-4.818979308583177246e-01
-2.221441471072811424e+00
nan
-2.221441467085554233e+00
2.610459999999999864e-02
2.799937000000000120e-01
1.333500000000000241e-01
1.577185835955440929e+00
-9.202542288901165435e-01
-1.577185842796335669e+00
8.860460000000003333e-02
2.799937001121810543e-01
1.333499998878189818e-01
-8.051648952662433523e-01
-2.795525152821257020e+00
-7.353404962415234225e-01
2.073546000000000833e-01
2.799937003253250012e-01
1.333499992483870855e-01
-1.215503963255859965e+00
-2.279751009755471777e-02
-1.137153652908404755e+00
9.831233782521764386e-02
1.288676777803113571e-01
4.793506864764224273e-02
-2.825805152665127995e+00
5.314470162071973647e-01
-1.166434592535091630e+00
-1.072992434956479557e-02
-2.225834494574999156e-02
-3.747986163277194915e-02
-7.771696550644485724e-01
-1.768049118906637629e+00
-2.265445057394554595e+00
-8.023931847201576373e-02
-2.161798587752577772e-01
-6.328956141409142200e-02
-2.100565777785848576e-01
5.931259010630358652e-01
-1.796244896379697087e+00
-1.110847872516044499e-01
-3.137677364035681427e-01
-8.029619822944548957e-02
1.267326988352342809e+00
-6.194801304139194720e-01
-2.363933323178012191e+00
-2.326360134000127200e-02
-3.342649752254381879e-01
-1.315930305464498296e-01
1.267326987733226051e+00
-6.194801366970511536e-01
-2.363933320198125632e+00
-2.326360119143935923e-02
-3.342649750746763404e-01
-1.315930303523505096e-01
-6.122271192459699529e-01
2.267241346505854127e-01
-9.604296397014674413e-01
7.916872964162535720e-02
-3.813735982645284350e-01
-1.692673744929207580e-01
-6.122271192459699529e-01
2.267241346505854127e-01
-9.604296397014674413e-01
4.014399213993880694e-02
-3.763687175821360253e-01
-1.503792259100268924e-01
1.354873352734710323e+00
-1.716828140325788343e+00
3.129023113914912724e-01
5.886993768839371421e-02
-3.460664130206671518e-01
-2.182689640564756117e-01
1.354873352734710323e+00
-1.716828140325788343e+00
3.129023113914912724e-01
9.028568376114629035e-02
-3.434130769350175472e-01
-2.484476292177931755e-01
1.405486838084648804e+00
-1.996366160638125109e+00
-1.164641195031573470e-02
8.194855692041903839e-02
-3.226958378304033426e-01
-1.881368021921251410e-01
1.405486838084648804e+00
-1.996366160638125109e+00
-1.164641195031573470e-02
1.162119486456638928e-01
-3.171526672873890562e-01
-2.145949648725435088e-01
0.000000000000000000e+00
0.000000000000000000e+00
0.000000000000000000e+00
0.000000000000000000e+00
0.000000000000000000e+00
0.000000000000000000e+00
1.740905168579992002e-01
3.124744126733546892e-10
-9.374233946355138045e-10
0.000000000000000000e+00
-0.000000000000000000e+00
0.000000000000000000e+00
1.740905070912711350e-01
6.529808387230675581e-01
-1.154122339197793945e+00
0.000000000000000000e+00
0.000000000000000000e+00
0.000000000000000000e+00
7.028162691003171370e-01
1.387487732886259817e+00
-7.385520793258699701e-01
-2.303616129466378171e-01
1.405058057499173618e-01
4.474727428609930058e-02
-3.328674819333012347e-01
1.528189238790536919e+00
3.304523576719273770e-01
-4.607232258932756341e-01
2.810116114440823765e-01
8.949454854065494458e-02
-7.779799203239227134e-01
1.229881237161835755e-01
8.416543711946317119e-02
-4.364171956078448655e-01
2.493402448923516257e-01
2.604436349294861341e-01
-1.111334817375652095e+00
3.440286982730782483e-01
-5.745218064867497754e-01
-4.303093711966227142e-01
2.334374107808027676e-01
3.401393474156426122e-01
-2.746362181210025177e+00
7.254380791985546306e-01
3.809412462533454669e-01
-4.597322020735243320e-01
1.259580646474269816e-01
3.326942633231743662e-01
-2.746362181210025177e+00
7.254380791985549637e-01
3.809412462533457999e-01
-4.597322019901637358e-01
1.259580652370431431e-01
3.326942628013316305e-01
-4.816280695945325263e+00
-1.085743003307169552e+00
-3.414344143966594469e+00
-4.691390102327031020e-01
6.144628112467757225e-02
3.877284775395243299e-01
-4.816280695945325263e+00
-1.085743003307169552e+00
-3.414344143966594469e+00
-4.735875207073049764e-01
2.861499398120921356e-01
3.225490050759468597e-01
-4.201133473639019122e+00
-1.276871300877723936e+00
-1.309224868831977640e+00
-5.181324054638808407e-01
-8.085009421930258733e-02
3.054942776632131873e-01
-4.201133473639019122e+00
-1.276871300877723936e+00
-1.309224868831977640e+00
-5.821347964257602703e-01
9.528673773817797343e-02
3.390855440345038052e-01
-2.214596179763518968e+00
1.089443908757431023e+00
1.145614167019308072e+00
-5.051785338786851653e-01
1.068844439271856434e-02
2.245644258691878448e-01
-2.214596179763518968e+00
1.089443908757431023e+00
1.145614167019308072e+00
-5.403838107603164964e-01
-8.685084731763721699e-03
1.749324467695284602e-01
0.000000000000000000e+00
0.000000000000000000e+00
0.000000000000000000e+00
0.000000000000000000e+00
0.000000000000000000e+00
0.000000000000000000e+00
1.691578453347440669e-01
3.036207791443270400e-10
-9.108624896108970560e-10
0.000000000000000000e+00
-0.000000000000000000e+00
0.000000000000000000e+00
1.691578355569443026e-01
6.531601924318757302e-01
-1.155646913700438372e+00
0.000000000000000000e+00
0.000000000000000000e+00
0.000000000000000000e+00
7.015134849087999447e-01
1.390973131724523082e+00
-7.386423526533800743e-01
-2.304379540417055561e-01
1.404629585298699523e-01
4.565791407524344425e-02
-3.262804310647456907e-01
1.530064692919968827e+00
3.273611945347529861e-01
-4.608759080834111121e-01
2.809259170055534716e-01
9.131582811986127535e-02
-7.714804847716161262e-01
1.215554343408674909e-01
8.190032384184087189e-02
-4.368840400404570556e-01
2.497500387439403613e-01
2.609424930179020108e-01
-1.105145776631185406e+00
3.419149677888672079e-01
-5.773926984525833417e-01
-4.309588103844283480e-01
2.341034964471944146e-01
3.399790705133745594e-01
-2.746297899466032533e+00
7.249556511052781538e-01
3.812131782425303150e-01
-4.603329211879541027e-01
1.267057073426924307e-01
3.326041294778191437e-01
-2.746297899466031645e+00
7.249556511052783758e-01
3.812131782425306481e-01
-4.603329211047130221e-01
1.267057079323807567e-01
3.326041289560813241e-01
-4.805206102853664341e+00
-1.077112159362622279e+00
-3.395187536272129769e+00
-4.696867218222711138e-01
6.228929014703525613e-02
3.877195447757931235e-01
-4.805206102853664341e+00
-1.077112159362622279e+00
-3.395187536272129769e+00
-4.730388678153663040e-01
2.855470393611814206e-01
3.216360422977055378e-01
-2.260936390661339779e+00
1.393037232993619812e+00
9.452089279715554238e-01
-5.186702653911217098e-01
-8.002183933682734118e-02
3.054712200416246359e-01
-2.260936390661339779e+00
1.393037232993619812e+00
9.452089279715554238e-01
-5.632182265599494642e-01
-1.185594379547806887e-01
2.557088919473071709e-01
-2.214644365490748168e+00
1.088956510599093042e+00
1.145966664079212771e+00
-5.057349556131784940e-01
1.152792728449840431e-02
2.245576830553264180e-01
-2.214644365490748168e+00
1.088956510599093042e+00
1.145966664079212771e+00
-5.408990327781102447e-01
-7.802788901509496999e-03
1.749701881508731183e-01
