-2.221441471072811424e+00
nan
-2.221441467085554233e+00
2.610459999999999864e-02
2.799937000000000120e-01
-1.333499999999999686e-01
1.492829070422526438e+00
-9.966731244488292729e-01
-1.492829076672022248e+00
8.860460000000003333e-02
2.799937001121810543e-01
-1.333500001121810108e-01
-3.516363332527136509e-01
-3.016967891096477228e+00
-6.012794648912052065e-01
2.073546000000000833e-01
2.799937003253250012e-01
-1.333500007516129071e-01
-1.157893334097385596e+00
-5.358274730036021172e-01
-1.193028579876503459e+00
1.602083754176004127e-01
9.573201538244582864e-02
-2.098344107293141081e-01
-2.275240066648925197e+00
8.091184460189274619e-01
-1.511458585435614843e+00
1.130621508352007559e-01
-8.852966970149614423e-02
-2.863188203671752086e-01
-6.207928671112434849e-01
-1.318640330298409991e+00
-2.602239859271773703e+00
4.236855140597352298e-02
-2.535422853346254168e-01
-3.906092882041406478e-01
1.942073098124760255e-01
8.171698731487994083e-01
-1.603413586747681530e+00
1.218759120237681084e-02
-3.364960752051178172e-01
-4.451238815467595811e-01
-1.681769694489394507e+00
-1.193073122128486818e-01
2.542665387477664130e+00
1.076892408837612086e-01
-3.349293055058868429e-01
-4.856336660542549533e-01
-1.681769694974642571e+00
-1.193073046672925436e-01
2.542665388726154774e+00
1.076892409955888252e-01
-3.349293055399303887e-01
-4.856336657919384514e-01
3.968982902646886468e-01
1.619315472908841869e-01
7.355682981933836517e-01
2.132860411696107239e-01
-3.646230350016622657e-01
-5.314436997236131610e-01
3.968982902646886468e-01
1.619315472908841869e-01
7.355682981933836517e-01
2.175920738727792070e-01
-4.055536348678889791e-01
-5.459655867070628554e-01
-7.725854325080350193e-01
-2.656142457410903379e+00
2.475990895758854449e-01
2.054858387466498848e-01
-3.034971146696911481e-01
-5.476477970477581225e-01
-7.725854325080350193e-01
-2.656142457410903379e+00
2.475990895758854449e-01
2.073795832732085731e-01
-3.470377412467597900e-01
-5.453307529060994474e-01
1.396778426005607310e+00
-2.509520785986872227e+00
-6.800588300198684433e-01
2.228597516387082478e-01
-3.088104110101145272e-01
-5.069455899599598636e-01
1.396778426005607310e+00
-2.509520785986872227e+00
-6.800588300198684433e-01
2.632772791106807175e-01
-3.043766140953221289e-01
-5.228045319984669925e-01
-2.221441471072811424e+00
nan
-2.221441467085554233e+00
2.610459999999999864e-02
2.799937000000000120e-01
1.333500000000000241e-01
1.493289260423506404e+00
-9.962743210577493791e-01
-1.493289266676196103e+00
8.860460000000003333e-02
2.799937001121810543e-01
1.333499998878189818e-01
-3.523229937424726121e-01
-3.016527996196564754e+00
-6.022177862290603034e-01
2.073546000000000833e-01
2.799937003253250012e-01
1.333499992483870855e-01
-1.157802889023690884e+00
-5.341948706456670637e-01
-1.192263590797937756e+00
1.601120822638661401e-01
9.580312611991703697e-02
5.675380553203328293e-02
-2.277850080046527559e+00
8.072079267824378013e-01
-1.510518737657791544e+00
1.128695645277321968e-01
-8.838744822677602198e-02
-1.984238784457280358e-02
-6.211520220964356076e-01
-1.321325288222814143e+00
-2.600845700980118025e+00
4.220622326911607769e-02
-2.536406506265004301e-01
-1.237717932061167952e-01
1.926318387251823028e-01
8.156209674825989353e-01
-1.603516140574927640e+00
1.203725271270192354e-02
-3.367123977011781677e-01
-1.781131269542591267e-01
-1.681738957481549779e+00
-1.191402061539632851e-01
2.542588205021709236e+00
1.075392221160596656e-01
-3.351599795929262049e-01
-2.186227102413938472e-01
-1.681738957966240511e+00
-1.191401986085466741e-01
2.542588206270087969e+00
1.075392222278820364e-01
-3.351599796269738030e-01
-2.186227099790756245e-01
3.959435069590163669e-01
1.635556433968781698e-01
7.268559657655431216e-01
2.131322062366549364e-01
-3.648696194445700813e-01
-2.644312246372889641e-01
3.959435069590163669e-01
1.635556433968781698e-01
7.268559657655431216e-01
2.170696155653658865e-01
-4.058695390124109625e-01
-2.788619047258628081e-01
1.430546302002066561e+00
-2.357218205141237366e+00
-2.089714519864862008e-01
2.053401647178288436e-01
-3.037433327141209061e-01
-2.806378659881615389e-01
1.430546302002066561e+00
-2.357218205141237366e+00
-2.089714519864862008e-01
2.451937571153626760e-01
-2.991562988966939840e-01
-2.978248208778159767e-01
1.396203559896728397e+00
-2.509798391853397703e+00
-6.799699537037680042e-01
2.227132589236008597e-01
-3.090572562030218795e-01
-2.399353913229587132e-01
1.396203559896728397e+00
-2.509798391853397703e+00
-6.799699537037680042e-01
2.631311568790118960e-01
-3.046420363027881328e-01
-2.557985714173964253e-01
0.000000000000000000e+00
0.000000000000000000e+00
0.000000000000000000e+00
0.000000000000000000e+00
0.000000000000000000e+00
0.000000000000000000e+00
6.088224390515044604e-01
1.092773101593769312e-09
-3.278319852490636131e-09
0.000000000000000000e+00
-0.000000000000000000e+00
0.000000000000000000e+00
6.088224308790600725e-01
4.201933283082139869e-01
-1.012304734552901930e+00
0.000000000000000000e+00
0.000000000000000000e+00
0.000000000000000000e+00
8.343288316916238623e-01
1.301540451624845662e+00
-6.464700555625795264e-01
-2.186672148565919349e-01
9.429177076803231528e-02
-9.237211792035006364e-02
-1.603781079861419379e+00
1.474029840569509586e+00
4.408690687118530516e-01
-4.373344297131838143e-01
1.885835413291623575e-01
-1.847442359265824008e-01
-1.852827252173324446e+00
7.895147122685155505e-01
-8.972510732042526804e-03
-5.183127332119410458e-01
-9.842159141910875042e-03
1.841043500602235761e-01
-1.793981518485056492e+00
6.797273923494356884e-01
1.255098930616387054e-01
-5.620971104591507839e-01
-1.105774843389315670e-01
3.616317047144613772e-01
-2.696260125465240964e+00
6.649248974723387384e-01
5.082374366201493077e-01
-5.898293657444709792e-01
-1.712648872244699472e-01
2.939058615273221209e-01
-2.696260125465241408e+00
6.649248974723386274e-01
5.082374366201497518e-01
-5.898293655527478974e-01
-1.712648864603614485e-01
2.939058615447556755e-01
-4.757621079657427643e+00
2.830537826428370263e+00
-6.206876381105446150e+00
-6.051981327226483298e-01
-2.411124072608105129e-01
3.037539387396571144e-01
-4.757621079657427643e+00
2.830537826428370263e+00
-6.206876381105446150e+00
-9.003540567145810192e-01
-3.369290555712376456e-01
4.862978350180848786e-01
-3.839761940771515114e+00
4.713324033009059777e-01
-2.195050809115014712e+00
-6.470391215351053438e-01
-2.887672236296243700e-01
1.441291059125492935e-01
-3.839761940771515114e+00
4.713324033009059777e-01
-2.195050809115014712e+00
-7.415209111486323890e-01
-2.840271911746753974e-01
3.104221635615813657e-01
-2.319455583867330528e+00
3.660661248893886666e-01
1.384993828944381722e+00
-6.172747945482933707e-01
-1.701934126880439158e-01
1.469027877215679512e-01
-2.319455583867330528e+00
3.660661248893886666e-01
1.384993828944381722e+00
-6.292209973709551596e-01
-1.509994982236158578e-01
1.218233050505436038e-01
0.000000000000000000e+00
0.000000000000000000e+00
0.000000000000000000e+00
0.000000000000000000e+00
0.000000000000000000e+00
0.000000000000000000e+00
6.079561219099035574e-01
1.091218152220901271e-09
-3.273655003592675463e-09
0.000000000000000000e+00
-0.000000000000000000e+00
0.000000000000000000e+00
6.079561137138578264e-01
4.220860295414952668e-01
-1.014988657214247469e+00
0.000000000000000000e+00
0.000000000000000000e+00
0.000000000000000000e+00
8.347911346425748169e-01
1.306477353055736756e+00
-6.472119179497084485e-01
-2.192815268679951524e-01
9.451774389748718308e-02
-9.203937893985521257e-02
-1.604838179253696095e+00
1.478027786776367147e+00
4.449605979617203833e-01
-4.385630537359903047e-01
1.890354875884226737e-01
-1.840787579656056328e-01
-1.855539356877463852e+00
7.877097402940791415e-01
-6.610539967247586191e-03
-5.186424389686266068e-01
-9.196792663323800909e-03
1.855682723761059860e-01
-1.797329787841778215e+00
6.795133312633546696e-01
1.264730905946518380e-01
-5.619967859667958088e-01
-1.098298429525814829e-01
3.634755604796734429e-01
-2.696428972835078763e+00
6.648981587833815432e-01
5.078488192794072820e-01
-5.897199269703726765e-01
-1.705604944592875594e-01
2.957904917990407112e-01
-2.696428972835078319e+00
6.648981587833813212e-01
5.078488192794077261e-01
-5.897199267786666921e-01
-1.705604936951762851e-01
2.957904918164972474e-01
-4.764447943420533349e+00
2.837825169205975051e+00
-6.230050520463970010e+00
-6.050899183289316641e-01
-2.404546275690784551e-01
3.056918447452821597e-01
-4.764447943420533349e+00
2.837825169205975051e+00
-6.230050520463970010e+00
-9.014732357356536330e-01
-3.337391106768589077e-01
4.898601479162065231e-01
-2.307684360916768096e+00
7.306970796080820563e-01
1.426841816381555272e+00
-6.469085968661822950e-01
-2.881118639450300778e-01
1.460500682625061053e-01
-2.307684360916768096e+00
7.306970796080820563e-01
1.426841816381555272e+00
-6.660120262752696751e-01
-2.709091587898403430e-01
1.063437384822648046e-01
-2.319666550405275807e+00
3.660255391928781687e-01
1.384618591970014023e+00
-6.171469266337822335e-01
-1.695376266120602049e-01
1.488273471676194171e-01
-2.319666550405275807e+00
3.660255391928781687e-01
1.384618591970014023e+00
-6.290666512426621448e-01
-1.503715419027732425e-01
1.237915263601914589e-01
