-2.221441471072811424e+00
nan
-2.221441467085554233e+00
2.610459999999999864e-02
2.799937000000000120e-01
-1.333499999999999686e-01
1.421839874034158013e+00
-1.055950700159937750e+00
-1.421839879795001815e+00
8.860460000000003333e-02
2.799937001121810543e-01
-1.333500001121810108e-01
-7.935051408173460219e-02
3.099499510413373571e+00
4.576953842700590136e-01
2.073546000000000555e-01
2.799937003253250012e-01
-1.333500007516129071e-01
-9.720307992502238426e-01
-9.892652424190281346e-01
-1.259674543405233882e+00
2.178441647991597452e-01
8.400032759853962028e-02
-1.925240396327274339e-01
-1.568605890687581716e+00
9.336380292174671913e-01
-1.454972056217868071e+00
2.283337295983194348e-01
-1.119930452345963279e-01
-2.516980781615926754e-01
-4.878718762910732448e-02
-6.493536178215091326e-01
-2.944143830634465608e+00
2.160630126903165249e-01
-1.999735729722640354e-01
-4.393469690337882261e-01
7.441896097608731164e-01
1.012890896584013323e+00
-1.396774452957957768e+00
2.156122518819614253e-01
-2.436425338356275616e-01
-5.334579735540231349e-01
-1.463231661365949954e+00
-8.736346767132677771e-01
1.765158262404435519e+00
3.179694629534005057e-01
-2.358244867688252810e-01
-5.484893401498498466e-01
-1.463231661503987535e+00
-8.736346710068025878e-01
1.765158265728350218e+00
3.179694629942134698e-01
-2.358244870081112610e-01
-5.484893399963869376e-01
6.787159292813853551e-01
-1.234752257661132280e+00
1.887516876004928790e+00
4.289482322900757816e-01
-2.466706365422301483e-01
-5.896844221181561929e-01
6.787159292813853551e-01
-1.234752257661132280e+00
1.887516876004928790e+00
4.725798691272472540e-01
-2.457135658918696286e-01
-5.900090870059991888e-01
2.672598445736113631e-02
-2.738932680534463593e+00
-1.174986917249914553e+00
4.301644355131956088e-01
-1.936801166099017257e-01
-5.543245619461818485e-01
2.672598445736113631e-02
-2.738932680534463593e+00
-1.174986917249914553e+00
4.527498348723265065e-01
-2.166332339432930909e-01
-5.837829268885567080e-01
-8.514157066723597733e-01
2.258082145336183011e+00
1.590696376050536820e+00
4.365162351440184385e-01
-2.308339986919995257e-01
-5.305338638336956070e-01
-8.514157066723597733e-01
2.258082145336183011e+00
1.590696376050536820e+00
4.774052131716738923e-01
-2.314527330431784824e-01
-5.457801672632677237e-01
-2.221441471072811424e+00
nan
-2.221441467085554233e+00
2.610459999999999864e-02
2.799937000000000120e-01
1.333500000000000241e-01
1.422075339511681413e+00
-1.055761262788085020e+00
-1.422075345274133262e+00
8.860460000000003333e-02
2.799937001121810543e-01
1.333499998878189818e-01
-7.929733003050347395e-02
3.099421720967856952e+00
4.582068885198866681e-01
2.073546000000000833e-01
2.799937003253250012e-01
1.333499992483870855e-01
-9.719929800705479073e-01
-9.887114163984525028e-01
-1.259407498235377121e+00
2.178374061991263100e-01
8.401955014083653528e-02
7.411113334382110618e-02
-1.569421847959706406e+00
9.334261020822942623e-01
-1.454967143920824935e+00
2.283202123982525367e-01
-1.119546001501188492e-01
1.487226779146925276e-02
-4.934029772849430479e-02
-6.501577647546283867e-01
-2.944009161362536986e+00
2.159809277549228357e-01
-2.000420470533659234e-01
-1.727219585390832313e-01
7.437767932577775687e-01
1.012519186469071686e+00
-1.396985591119791259e+00
2.154957126054094230e-01
-2.437638164986266343e-01
-2.668082696732442805e-01
-1.463178262969310195e+00
-8.735492716451284112e-01
1.765160448611391653e+00
3.178523478287423321e-01
-2.359514484942513146e-01
-2.818465086632919725e-01
-1.463178263107104637e+00
-8.735492659387625869e-01
1.765160451935297914e+00
3.178523478695525206e-01
-2.359514487335388488e-01
-2.818465085098307843e-01
6.791914201653730387e-01
-1.234201505799647824e+00
1.886683812742944388e+00
4.288277694855833211e-01
-2.468038628578031746e-01
-3.230489585580947898e-01
6.791914201653730387e-01
-1.234201505799647824e+00
1.886683812742944388e+00
4.724594830067286866e-01
-2.458648593261771875e-01
-3.234136120735017772e-01
-1.019215023246399454e+00
2.567355728094554035e+00
1.192906745075972497e+00
4.300492417225607045e-01
-1.938132574554703724e-01
-2.876894080939195741e-01
-1.019215023246399454e+00
2.567355728094554035e+00
1.192906745075972497e+00
4.714509972850793318e-01
-1.974776428533511485e-01
-3.010013591382728615e-01
-8.510048579502131894e-01
2.258371599097788174e+00
1.590850810655789926e+00
4.364005929582357446e-01
-2.309673854369631019e-01
-2.638989742934200744e-01
-8.510048579502131894e-01
2.258371599097788174e+00
1.590850810655789926e+00
4.772841943267007170e-01
-2.315936216346082821e-01
-2.791593835926234335e-01
0.000000000000000000e+00
0.000000000000000000e+00
0.000000000000000000e+00
0.000000000000000000e+00
0.000000000000000000e+00
0.000000000000000000e+00
1.930354255943398170e-02
3.464785579730493666e-11
-1.039435847577831766e-10
0.000000000000000000e+00
-0.000000000000000000e+00
0.000000000000000000e+00
1.930353663170121525e-02
2.294030262961564426e-01
-7.598175441325832891e-01
-0.000000000000000000e+00
0.000000000000000000e+00
0.000000000000000000e+00
-2.987727790143163836e-02
1.148327109762593334e+00
-4.823773004441400669e-01
-1.624939067290220307e-01
-6.827887137529746638e-03
-6.189703159458980267e-03
-1.441796136516788618e+00
1.058075687338539295e+00
-4.337366148336010974e-01
-3.249878134580440614e-01
-1.365577428185914786e-02
-1.237940632097090515e-02
-1.439398285631113827e+00
1.290375511417783727e+00
6.689287947417012214e-02
-5.616949189181663638e-01
-2.788849609497924820e-01
1.274539258864784974e-01
-1.351598445550389105e+00
6.824278922864054353e-01
3.485694413269930791e-01
-6.802123119702103704e-01
-4.143783322036654893e-01
1.908926039971045041e-01
-2.673363426448228886e+00
5.814714428105047794e-01
5.426733414443971615e-01
-6.931952680927279120e-01
-3.990161080501223312e-01
1.104743279225779695e-01
-2.673363426448228886e+00
5.814714428105044464e-01
5.426733414443972725e-01
-6.931952678736396090e-01
-3.990161076177121680e-01
1.104743285385448026e-01
-2.729330368656392114e+00
2.812879675253753931e+00
-4.008040117870450558e-01
-7.112631155021958973e-01
-4.489203139484087002e-01
7.493904291704742149e-02
-2.729330368656392114e+00
2.812879675253753931e+00
-4.008040117870450558e-01
-7.117927610102497971e-01
-4.672941667716085656e-01
-5.040366353126402021e-02
-2.858325168403955896e+00
1.441714539060403366e+00
-2.694116326704584785e-01
-7.194589091069731879e-01
-3.537305559333633331e-01
-6.743106246141346294e-02
-2.858325168403955896e+00
1.441714539060403366e+00
-2.694116326704584785e-01
-7.681132989570078617e-01
-4.440169111840397420e-01
-3.438528812059628292e-02
-2.548440123610502539e+00
-3.381739393997764687e-01
9.150260497565848583e-01
-6.854628762129134634e-01
-2.866824213799279986e-01
2.820137695165914060e-02
-2.548440123610502539e+00
-3.381739393997764687e-01
9.150260497565848583e-01
-6.797408156716426841e-01
-2.881222327333606836e-01
4.360577117570285655e-02
0.000000000000000000e+00
0.000000000000000000e+00
0.000000000000000000e+00
0.000000000000000000e+00
0.000000000000000000e+00
0.000000000000000000e+00
2.044234251848907682e-02
3.669188355240910031e-11
-1.100756690475837944e-10
0.000000000000000000e+00
-0.000000000000000000e+00
0.000000000000000000e+00
2.044233658828756642e-02
2.297479651676675450e-01
-7.600527390983344844e-01
-0.000000000000000000e+00
0.000000000000000000e+00
0.000000000000000000e+00
-2.878755872663359833e-02
1.150091880717545756e+00
-4.818521223627069139e-01
-1.625606985406030935e-01
-6.756504729153252516e-03
-6.414572934171129670e-03
-1.445227592877160294e+00
1.059374389034603681e+00
-4.323910729567370659e-01
-3.251213970812061316e-01
-1.351300946550658584e-02
-1.282914587051869372e-02
-1.442655814017566263e+00
1.291112253106093677e+00
6.629324511263418040e-02
-5.619421416670689062e-01
-2.792939650964160747e-01
1.275491851103072449e-01
-1.354683815030529814e+00
6.822632192865071277e-01
3.487708079235340985e-01
-6.805196728433436926e-01
-4.150602953604182188e-01
1.912511172245776603e-01
-2.673367686034060053e+00
5.816147030869449619e-01
5.425118688136429945e-01
-6.935044360897755222e-01
-3.997333479636206999e-01
1.108336612691823431e-01
-2.673367686034059609e+00
5.816147030869446288e-01
5.425118688136433276e-01
-6.935044358707038725e-01
-3.997333475312226936e-01
1.108336618851502448e-01
-2.729545353763680460e+00
2.823801578350983110e+00
-4.055292047537013556e-01
-7.115808231542853912e-01
-4.496771627023892215e-01
7.530121822726182357e-02
-2.729545353763680460e+00
2.823801578350983110e+00
-4.055292047537013556e-01
-7.122297389712015647e-01
-4.683664350973733015e-01
-5.046913600682362278e-02
-2.518889308684616246e+00
-1.368306458920138247e-01
1.220724749450679880e+00
-7.197632210761620852e-01
-3.544854199127860928e-01
-6.707258013115491302e-02
-2.518889308684616246e+00
-1.368306458920138247e-01
1.220724749450679880e+00
-7.134685322699616528e-01
-3.374766033902666940e-01
-5.217736997485034056e-02
-2.548469948360249759e+00
-3.380359264658114871e-01
9.148601932186073427e-01
-6.857697995795941637e-01
-2.874391595254403020e-01
2.856002575420346634e-02
-2.548469948360249759e+00
-3.380359264658114871e-01
9.148601932186073427e-01
-6.800383144151123105e-01
-2.889270745767109072e-01
4.397609595032553331e-02
