-2.221441471072811424e+00
nan
-2.221441467085554233e+00
2.610459999999999864e-02
2.799937000000000120e-01
-1.333499999999999686e-01
1.582013958307864510e+00
-9.156715902933133533e-01
-1.582013965182982540e+00
8.860460000000003333e-02
2.799937001121810543e-01
-1.333500001121810108e-01
-8.897817773077799641e-01
-2.750745577015642596e+00
-7.338547109173519933e-01
2.073546000000000833e-01
2.799937003253250012e-01
-1.333500007516129071e-01
-1.227360078946616362e+00
6.904918702990008039e-02
-1.124168419769143057e+00
8.729437132566057744e-02
1.359109145578981104e-01
-2.161189099878900732e-01
-2.886097206663281067e+00
5.108768002939955144e-01
-1.071307277882244335e+00
-3.276585734867892841e-02
-8.171871392812141144e-03
-2.988878189051105139e-01
-7.838069415638994064e-01
-1.808435115150274886e+00
-2.237692814432945099e+00
-1.013170424144117510e-01
-2.032556647479929479e-01
-3.174969187284976679e-01
-2.487964617599566497e-01
5.643383100144777620e-01
-1.842872770706746266e+00
-1.319835167207239202e-01
-3.014222414225382618e-01
-3.311699972999429531e-01
1.163047983573570088e+00
-7.400478045525173965e-01
-2.281617784506291713e+00
-4.560698793591566602e-02
-3.272516144846147057e-01
-3.825120002050427792e-01
1.163047982960909055e+00
-7.400478104523359191e-01
-2.281617781145066637e+00
-4.560698778389810082e-02
-3.272516143063079475e-01
-3.825120000389955477e-01
-7.877265700135808180e-01
1.081839867124691767e-01
-1.155930888227711284e+00
5.643007020005175178e-02
-3.773358648509532731e-01
-4.173109602320998479e-01
-7.877265700135808180e-01
1.081839867124691767e-01
-1.155930888227711284e+00
1.787740939725820932e-02
-3.626666286048723098e-01
-4.030544888036077800e-01
1.778471578322974977e+00
1.761641454391282169e+00
-1.509582221588479323e+00
3.364521970673672868e-02
-3.493906486925332233e-01
-4.698438979589818487e-01
1.778471578322974977e+00
1.761641454391282169e+00
-1.509582221588479323e+00
9.510484896439640873e-03
-3.551416498677656408e-01
-4.339387216506957468e-01
1.375296836056429939e+00
-1.881036843941537473e+00
7.964130147550955996e-02
5.726102303530504478e-02
-3.217433923220728298e-01
-4.440625737623387081e-01
1.375296836056429939e+00
-1.881036843941537473e+00
7.964130147550955996e-02
8.963779370661406620e-02
-3.173630471256326246e-01
-4.729986830631325301e-01
-2.221441471072811424e+00
nan
-2.221441467085554233e+00
2.610459999999999864e-02
2.799937000000000120e-01
1.333500000000000241e-01
1.581539651951281655e+00
-9.161228185923560030e-01
-1.581539658823035710e+00
8.860460000000003333e-02
2.799937001121810543e-01
1.333499998878189818e-01
-8.915328450362182133e-01
-2.750369189461900010e+00
-7.327418988059112293e-01
2.073546000000000833e-01
2.799937003253250012e-01
1.333499992483870855e-01
-1.227994794259225531e+00
7.142266216325589279e-02
-1.122506327478399069e+00
8.708964487098887208e-02
1.359825413153234186e-01
5.075383318474364913e-02
-2.887637970221345718e+00
5.098549544499604291e-01
-1.067478291655281408e+00
-3.317531025802232525e-02
-8.028617877742172393e-03
-3.184233255971713472e-02
-7.833616008587662716e-01
-1.809249379872847285e+00
-2.237037323924849108e+00
-1.016162576386686334e-01
-2.031639820524485385e-01
-5.031599949523238302e-02
-2.492868689124346504e-01
5.636156495915852771e-01
-1.842799365050087346e+00
-1.322384463678196731e-01
-3.013524752153693420e-01
-6.393083948075228840e-02
1.163297844450315477e+00
-7.402481302335333080e-01
-2.281534596530080172e+00
-4.585162125144491563e-02
-3.271905780236074590e-01
-1.152511219194121278e-01
1.163297843837130863e+00
-7.402481361336554766e-01
-2.281534593168974112e+00
-4.585162109945452313e-02
-3.271905778453003677e-01
-1.152511217533403465e-01
-7.883419896632222201e-01
1.059625253256594457e-01
-1.161069388873169794e+00
5.619030569069119463e-02
-3.772835596740581887e-01
-1.500232274361762985e-01
-7.883419896632222201e-01
1.059625253256594457e-01
-1.161069388873169794e+00
1.765484849486359531e-02
-3.624277960302305091e-01
-1.359141541187230406e-01
1.308495699175546978e+00
-1.587952398604144388e+00
3.756272984993312414e-01
3.341951307454278652e-02
-3.493400821668750100e-01
-2.025631849237677085e-01
1.308495699175546978e+00
-1.587952398604144388e+00
3.756272984993312414e-01
6.250042110983877741e-02
-3.488559231585806608e-01
-2.351025073277046018e-01
1.374958167717950985e+00
-1.881468558151435211e+00
7.998106020042605735e-02
5.703109415626382572e-02
-3.216927773182159389e-01
-1.767780457458105192e-01
1.374958167717950985e+00
-1.881468558151435211e+00
7.998106020042605735e-02
8.941996082487480013e-02
-3.173278742887352677e-01
-2.057029495844782674e-01
0.000000000000000000e+00
0.000000000000000000e+00
0.000000000000000000e+00
0.000000000000000000e+00
0.000000000000000000e+00
0.000000000000000000e+00
6.838049845654139980e-02
1.227358989975749636e-10
-3.682077585092434809e-10
0.000000000000000000e+00
-0.000000000000000000e+00
0.000000000000000000e+00
6.838048882700718811e-02
6.518839514193293105e-01
-1.134789082529988224e+00
0.000000000000000000e+00
0.000000000000000000e+00
0.000000000000000000e+00
6.633291977920436899e-01
1.365874491267285773e+00
-7.246344789075336301e-01
-2.174592958769953899e-01
1.419028152189491798e-01
6.841288495420311255e-02
-1.063805082215506792e-01
1.478001411915265129e+00
1.966772160722812801e-01
-4.349185917539908353e-01
2.838056304160810894e-01
1.368257698958732782e-01
-5.748714786114402786e-01
-2.168695482485868964e-02
-1.220606748259145391e-02
-4.240543301895119410e-01
2.683435286821394539e-01
2.588976312944029634e-01
-9.309094860973172736e-01
1.876340032814411141e-01
-7.165018540253620394e-01
-4.249560306116407782e-01
2.608575828414382847e-01
3.146657339346033977e-01
-2.751245390439904348e+00
7.319732569622403595e-01
3.655014658993591126e-01
-4.530963298405022988e-01
1.511738822832546514e-01
3.225033684525887012e-01
-2.751245390439904348e+00
7.319732569622405816e-01
3.655014658993596677e-01
-4.530963297841314463e-01
1.511738827956539688e-01
3.225033678507502888e-01
-4.647394569137684783e+00
-1.325692476968294065e+00
-2.644865549992581499e+00
-4.602623710230387966e-01
9.272809824146553692e-02
3.856090336319861755e-01
-4.647394569137684783e+00
-1.325692476968294065e+00
-2.644865549992581499e+00
-4.403639103519420561e-01
2.609501505511642727e-01
2.663263323751778322e-01
-4.126419151608599734e+00
-1.362532382416543841e+00
-8.943435784221301921e-01
-5.089290940195561053e-01
-6.013080078148946850e-02
3.254027877162757876e-01
-4.126419151608599734e+00
-1.362532382416543841e+00
-8.943435784221301921e-01
-5.629944304065384042e-01
1.096137514734160101e-01
3.162494713866129681e-01
-2.200918055945803697e+00
1.205784990665437428e+00
1.052991295579617459e+00
-5.001629669100384756e-01
1.943155930894455846e-02
2.320522645905445103e-01
-2.200918055945803697e+00
1.205784990665437428e+00
1.052991295579617459e+00
-5.396661585566757680e-01
-1.016198842412806280e-02
1.833720596347424847e-01
0.000000000000000000e+00
0.000000000000000000e+00
0.000000000000000000e+00
0.000000000000000000e+00
0.000000000000000000e+00
0.000000000000000000e+00
6.379176980349636483e-02
1.144996072301882261e-10
-3.434988790789675553e-10
0.000000000000000000e+00
-0.000000000000000000e+00
0.000000000000000000e+00
6.379176016646945224e-02
6.515420323292304694e-01
-1.136000937380691633e+00
0.000000000000000000e+00
0.000000000000000000e+00
0.000000000000000000e+00
6.630115282544378763e-01
1.369077188943875090e+00
-7.244657962478606716e-01
-2.174116855283504679e-01
1.418900565768053124e-01
6.917094796587833216e-02
-9.971958649519188644e-02
1.479702743771455165e+00
1.932342904283219087e-01
-4.348233710567009913e-01
2.837801131332494675e-01
1.383418959200787557e-01
-5.685214449293737315e-01
-2.348660950327344232e-02
-1.519830542397002104e-02
-4.244520630749313850e-01
2.687127888020485189e-01
2.590729713716292681e-01
-9.244435661838865670e-01
1.851548523028199722e-01
-7.193620369323293628e-01
-4.256245953529515513e-01
2.614378656780546595e-01
3.141760239912338437e-01
-2.751150520337490857e+00
7.315187458821208466e-01
3.658395121684785978e-01
-4.537137449346219098e-01
1.518517582830635759e-01
3.220669520493757987e-01
-2.751150520337489969e+00
7.315187458821210686e-01
3.658395121684789308e-01
-4.537137448783691296e-01
1.518517587955561521e-01
3.220669514476424133e-01
-4.635544790080837529e+00
-1.314065384422345328e+00
-2.627077132197771281e+00
-4.608241999838608161e-01
9.351943087063036009e-02
3.852347021581631892e-01
-4.635544790080837529e+00
-1.314065384422345328e+00
-2.627077132197771281e+00
-4.403372078865683825e-01
2.601582905581640293e-01
2.657320340224195165e-01
-2.260862936997769079e+00
1.478349754961356899e+00
8.151295404359517605e-01
-5.094809919734019088e-01
-5.935635617224735427e-02
3.250152511315442250e-01
-2.260862936997769079e+00
1.478349754961356899e+00
8.151295404359517605e-01
-5.579801435857993930e-01
-1.092185969880583307e-01
2.809288807060444371e-01
-2.200952826199564338e+00
1.205336912616180589e+00
1.053428664379364665e+00
-5.007331558181533637e-01
2.022049219862738501e-02
2.316810398300319651e-01
-2.200952826199564338e+00
1.205336912616180589e+00
1.053428664379364665e+00
-5.401955240772642330e-01
-9.322496097162763506e-03
1.830345976177288336e-01
