-2.221441471072811424e+00
nan
-2.221441467085554233e+00
2.610459999999999864e-02
2.799937000000000120e-01
-1.333499999999999686e-01
1.421924864211483008e+00
-1.055882328993898778e+00
-1.421924869972907235e+00
8.860460000000003333e-02
2.799937001121810543e-01
-1.333500001121810108e-01
-1.038441494436835033e-01
3.096468058931419964e+00
4.574363233611206669e-01
2.073546000000000833e-01
2.799937003253250012e-01
-1.333500007516129071e-01
-9.526475774702941601e-01
-1.009791536841516013e+00
-1.265857326741944178e+00
2.210890448128967345e-01
8.419123776251230540e-02
-1.924918698463571054e-01
-1.532139838312307267e+00
9.299641323808712778e-01
-1.443366208524814898e+00
2.348234896257933857e-01
-1.116112249066929518e-01
-2.516337385888647304e-01
-8.370427808521416213e-03
-6.110307594551303012e-01
-2.959954626436735126e+00
2.273188943334304712e-01
-1.943126684512767322e-01
-4.419161662724001571e-01
7.770365734814154157e-01
1.020808834824121103e+00
-1.385130412962790603e+00
2.292527345455429577e-01
-2.352846959219832279e-01
-5.372136779239311544e-01
-1.442873196873398101e+00
-9.099750751133514060e-01
1.713916161866801069e+00
3.318621268414661540e-01
-2.278515551010071027e-01
-5.506346886979710531e-01
-1.442873196994713059e+00
-9.099750695293873370e-01
1.713916165297080907e+00
3.318621268778351729e-01
-2.278515553485657985e-01
-5.506346885570231331e-01
6.638590990491796129e-01
-1.323508574811129490e+00
1.894128378878215058e+00
4.432047486809278514e-01
-2.377626621067850388e-01
-5.910766410074264066e-01
6.638590990491796129e-01
-1.323508574811129490e+00
1.894128378878215058e+00
4.867824094040809624e-01
-2.366130129239711610e-01
-5.889773751204515628e-01
5.662635619270806053e-02
-2.728218471516750121e+00
-1.260575586116233104e+00
4.445690450611785582e-01
-1.867445387750852892e-01
-5.529310796475733758e-01
5.662635619270806053e-02
-2.728218471516750121e+00
-1.260575586116233104e+00
4.681056028002263392e-01
-2.079150929034601913e-01
-5.829740357655058824e-01
-8.114333658732559851e-01
2.213520924364488884e+00
1.638156232272370616e+00
4.502312750600125923e-01
-2.251811047486147743e-01
-5.310833526124142390e-01
-8.114333658732559851e-01
2.213520924364488884e+00
1.638156232272370616e+00
4.910038472665408937e-01
-2.257555379905863691e-01
-5.466399752125788991e-01
-2.221441471072811424e+00
nan
-2.221441467085554233e+00
2.610459999999999864e-02
2.799937000000000120e-01
1.333500000000000241e-01
1.422144470884637801e+00
-1.055705636157289851e+00
-1.422144476647561717e+00
8.860460000000003333e-02
2.799937001121810543e-01
1.333499998878189818e-01
-1.037993703377362853e-01
3.096392876657734217e+00
4.579125219485156717e-01
2.073546000000000833e-01
2.799937003253250012e-01
1.333499992483870855e-01
-9.526182816909984918e-01
-1.009277795024017710e+00
-1.265607456094672845e+00
2.210834682074624691e-01
8.420910599887135306e-02
7.414771211209369994e-02
-1.532876741190993375e+00
9.297994908128550673e-01
-1.443360691234781612e+00
2.348123364149248549e-01
-1.115754884340833808e-01
1.494542532800410828e-02
-8.895644713678986862e-03
-6.117460794800441137e-01
-2.959850100757585700e+00
2.272415936848904972e-01
-1.943731742250203176e-01
-1.752925232579206627e-01
7.766689503183796806e-01
1.020484929626456649e+00
-1.385329631754627533e+00
2.291422524036126340e-01
-2.353927282448388114e-01
-2.705702550972657328e-01
-1.442821438057583006e+00
-9.098949322789232630e-01
1.713920549872370414e+00
3.317511209196445932e-01
-2.279646685756284985e-01
-2.839980818540540630e-01
-1.442821438178671922e+00
-9.098949266950537851e-01
1.713920553302643146e+00
3.317511209560107810e-01
-2.279646688231885543e-01
-2.839980817131078084e-01
6.642632335405136423e-01
-1.323068749216531392e+00
1.893488384720606987e+00
4.430905779186707361e-01
-2.378813672654864486e-01
-3.244473759025560122e-01
6.642632335405136423e-01
-1.323068749216531392e+00
1.893488384720606987e+00
4.866700977217598423e-01
-2.367443458070313533e-01
-3.223800683431502501e-01
-9.737500845894216939e-01
2.530831069167085001e+00
1.247158585496353833e+00
4.444599060736841301e-01
-1.868631959099262274e-01
-2.863020590694428380e-01
-9.737500845894216939e-01
2.530831069167085001e+00
1.247158585496353833e+00
4.857280994317402234e-01
-1.908558714238906273e-01
-2.999305543573418942e-01
-8.110345255665828423e-01
2.213801381609086238e+00
1.638319794441018162e+00
4.501216943770626755e-01
-2.252999740650051264e-01
-2.644545908576573234e-01
-8.110345255665828423e-01
2.213801381609086238e+00
1.638319794441018162e+00
4.908887175412245951e-01
-2.258809859154740918e-01
-2.800255051587606236e-01
0.000000000000000000e+00
0.000000000000000000e+00
0.000000000000000000e+00
0.000000000000000000e+00
0.000000000000000000e+00
0.000000000000000000e+00
-1.431401990426847855e-02
-2.569218038584669972e-11
7.707655403473011654e-11
0.000000000000000000e+00
-0.000000000000000000e+00
0.000000000000000000e+00
-1.431402582411277213e-02
2.291876044164683768e-01
-7.587771252799674349e-01
-0.000000000000000000e+00
0.000000000000000000e+00
0.000000000000000000e+00
-7.905786292041203089e-02
1.152195626859830568e+00
-4.799838018075746060e-01
-1.621250129646862048e-01
-1.126794079395449129e-02
-3.450429991089427623e-04
-1.417872049913572408e+00
1.053700626232349391e+00
-4.648051535404920109e-01
-3.242500259293723541e-01
-2.253588158286706083e-02
-6.900859966949821935e-04
-1.429328102229530106e+00
1.296418554660627276e+00
9.973646278461313630e-02
-5.631907963052860122e-01
-2.888438428179264661e-01
1.244775760518588154e-01
-1.349079154132723390e+00
6.744215801555053513e-01
3.687851026878943839e-01
-6.826498535302758519e-01
-4.248623799116588162e-01
1.805329799883284292e-01
-2.673083962389295021e+00
5.785091715505122911e-01
5.419610888027659445e-01
-6.944425044247449774e-01
-4.051275704997122640e-01
1.013030961660039558e-01
-2.673083962389295021e+00
5.785091715505117360e-01
5.419610888027663886e-01
-6.944425042090381917e-01
-4.051275701032362453e-01
1.013030968067094306e-01
-2.691951924144507569e+00
2.682427601417222363e+00
-2.185649968175480407e-01
-7.124671104070808836e-01
-4.528889360635606209e-01
6.338358943406441348e-02
-2.691951924144507569e+00
2.682427601417222363e+00
-2.185649968175480407e-01
-7.065847085791630011e-01
-4.567623644970998931e-01
-5.660513082468357493e-02
-2.832285858291509584e+00
1.446547458506443062e+00
-1.944483400072385959e-01
-7.180493909759850801e-01
-3.501832522045105200e-01
-7.378139580378935414e-02
-2.832285858291509584e+00
1.446547458506443062e+00
-1.944483400072385959e-01
-7.656245319016969919e-01
-4.398501365404455243e-01
-4.786708251320784258e-02
-2.562618613004454815e+00
-3.610034605403523167e-01
8.661730884680816089e-01
-6.845791573637601823e-01
-2.887137351169478672e-01
2.568712028361608279e-02
-2.562618613004454815e+00
-3.610034605403523167e-01
8.661730884680816089e-01
-6.784656041554633088e-01
-2.932633209546991471e-01
4.187821326310903203e-02
0.000000000000000000e+00
0.000000000000000000e+00
0.000000000000000000e+00
0.000000000000000000e+00
0.000000000000000000e+00
0.000000000000000000e+00
-1.321090008200083779e-02
-2.371219477380686880e-11
7.113659620622108873e-11
0.000000000000000000e+00
-0.000000000000000000e+00
0.000000000000000000e+00
-1.321090600394288217e-02
2.295010972317094999e-01
-7.589703282455314559e-01
-0.000000000000000000e+00
0.000000000000000000e+00
0.000000000000000000e+00
-7.803020759517212412e-02
1.153875960599409334e+00
-4.794534136711393058e-01
-1.621816876777726624e-01
-1.120191946043330548e-02
-5.642984446952211547e-04
-1.421130897822818984e+00
1.054912975429605382e+00
-4.636402566946371540e-01
-3.243633753555453803e-01
-2.240383891621368362e-02
-1.128596887983466211e-03
-1.432357580191012225e+00
1.297204502745489929e+00
9.913980559942797699e-02
-5.634361960317791906e-01
-2.892467644873779054e-01
1.245242273972951424e-01
-1.351959915688609071e+00
6.743018292338304187e-01
3.689195119198558359e-01
-6.829642281738548260e-01
-4.255301149749852185e-01
1.808133534855280722e-01
-2.673085255846563868e+00
5.786629456476495292e-01
5.418075122196428506e-01
-6.947589924662688210e-01
-4.058295848133909312e-01
1.015815668254386045e-01
-2.673085255846563868e+00
5.786629456476490851e-01
5.418075122196432947e-01
-6.947589922505785776e-01
-4.058295844169262923e-01
1.015815674661440376e-01
-2.691986889746540434e+00
2.692271900932607043e+00
-2.222271380193894252e-01
-7.127925582631592372e-01
-4.536294421353153083e-01
6.366172972610459335e-02
-2.691986889746540434e+00
2.692271900932607043e+00
-2.222271380193894252e-01
-7.069741271858064335e-01
-4.577488292504209300e-01
-5.672703375540999460e-02
-2.534571984327954386e+00
-1.765477904497390060e-01
1.182487477332065495e+00
-7.183613053619986033e-01
-3.509218458480447556e-01
-7.350657136843519179e-02
-2.534571984327954386e+00
-1.765477904497390060e-01
1.182487477332065495e+00
-7.112339358354521357e-01
-3.366651263352796741e-01
-5.610103951501149711e-02
-2.562644594358801875e+00
-3.608541335441062814e-01
8.660150355702579406e-01
-6.848936499016817780e-01
-2.894541012581767214e-01
2.596194650288513595e-02
-2.562644594358801875e+00
-3.608541335441062814e-01
8.660150355702579406e-01
-6.787716561147170147e-01
-2.940519656055180509e-01
4.216182220182396190e-02
