-2.221441471072811424e+00
nan
-2.221441467085554233e+00
2.610459999999999864e-02
2.799937000000000120e-01
-1.333499999999999686e-01
1.501438836747453820e+00
-9.891799310878944818e-01
-1.501438843056760009e+00
8.860460000000003333e-02
2.799937001121810543e-01
-1.333500001121810108e-01
-3.838010762907773654e-01
-3.003721243588943324e+00
-6.177914365331749202e-01
2.073546000000000833e-01
2.799937003253250012e-01
-1.333500007516129071e-01
-1.162561106744882444e+00
-4.982134156101568623e-01
-1.189898733894232175e+00
1.558083386555639271e-01
9.768546593009144741e-02
-2.116551130566449168e-01
-2.326190154064909255e+00
7.867205171151900878e-01
-1.500033297067741689e+00
1.042620773111277849e-01
-8.462276861035716857e-02
-2.899602250235902567e-01
-6.448918561026213414e-01
-1.364732947583328304e+00
-2.572834892029100651e+00
3.216638277323703721e-02
-2.534960012138675056e-01
-3.868482642190443355e-01
1.566491744136505604e-01
7.983140216687402146e-01
-1.616898323361696921e+00
1.216272863698034112e-03
-3.384083843003324876e-01
-4.377996174411606933e-01
-1.686770677096853799e+00
-5.983265226007453141e-02
2.586992839298056790e+00
9.615522974563200931e-02
-3.380283886918361569e-01
-4.796387446967311785e-01
-1.686770677606117541e+00
-5.983264460854650219e-02
2.586992840391977744e+00
9.615522986126087690e-02
-3.380283887105749452e-01
-4.796387444345229234e-01
3.318861772664514764e-01
2.197064068631546241e-01
5.916259593497716907e-01
2.014655066487098245e-01
-3.690419570872710553e-01
-5.252333182855296601e-01
3.318861772664514764e-01
2.197064068631546241e-01
5.916259593497716907e-01
1.998690394323485442e-01
-4.113538085741081374e-01
-5.358115809402820284e-01
-8.509810731150541097e-01
-2.632389080443184870e+00
3.426180868612343500e-01
1.927751483308355329e-01
-3.089591493056682570e-01
-5.445808748688795164e-01
-8.509810731150541097e-01
-2.632389080443184870e+00
3.426180868612343500e-01
1.928015240804714647e-01
-3.522337726274694103e-01
-5.389198320951448240e-01
1.408392759712979503e+00
-2.478095903638889208e+00
-6.173814772474288670e-01
2.107392181211883153e-01
-3.118974124129929582e-01
-5.038941149158006061e-01
1.408392759712979503e+00
-2.478095903638889208e+00
-6.173814772474288670e-01
2.508970039908602900e-01
-3.070613761516441942e-01
-5.202863725984536725e-01
-2.221441471072811424e+00
nan
-2.221441467085554233e+00
2.610459999999999864e-02
2.799937000000000120e-01
1.333500000000000241e-01
1.501883496665060047e+00
-9.887911003187132009e-01
-1.501883502977458651e+00
8.860460000000003333e-02
2.799937001121810543e-01
1.333499998878189818e-01
-3.845757602103010431e-01
-3.003244608576818742e+00
-6.186845781369406660e-01
2.073546000000000833e-01
2.799937003253250012e-01
1.333499992483870855e-01
-1.162500768837326115e+00
-4.964954245903801522e-01
-1.189081145493877223e+00
1.556997154301022201e-01
9.776103919528703057e-02
5.494062405934929672e-02
-2.328874033266750576e+00
7.846909118400732241e-01
-1.498921844207767640e+00
1.040448308602043570e-01
-8.447162208018013652e-02
-2.346875079169388756e-02
-6.451563850180803694e-01
-1.367461672152188390e+00
-2.571342570872011901e+00
3.199821252226084378e-02
-2.535805940457975804e-01
-1.199813944545774502e-01
1.550194038404135999e-01
7.967134557696523567e-01
-1.616969262235499416e+00
1.069099654423311119e-03
-3.386083960306116580e-01
-1.707526990157153812e-01
-1.686745322704616079e+00
-5.965770011023830560e-02
2.586905332520484269e+00
9.600862961356720904e-02
-3.382433252271622171e-01
-2.125906587466260544e-01
-1.686745323213202807e+00
-5.965769245885638866e-02
2.586905333614143654e+00
9.600862972919022020e-02
-3.382433252459052242e-01
-2.125906584844155511e-01
3.306901839490666850e-01
2.211040806859219943e-01
5.824267749900828850e-01
2.013152094477264065e-01
-3.692734120821084542e-01
-2.581825323665153382e-01
3.306901839490666850e-01
2.211040806859219943e-01
5.824267749900828850e-01
1.993305879606242781e-01
-4.115988442064744124e-01
-2.686400749864919502e-01
1.435763361217784251e+00
-2.312480907727969548e+00
-1.565843993959870895e-01
1.926333543629143719e-01
-3.091902746542586344e-01
-2.775328825822721557e-01
1.435763361217784251e+00
-2.312480907727969548e+00
-1.565843993959870895e-01
2.320801646349451020e-01
-3.042578331924757906e-01
-2.955429160413887146e-01
1.407824588870255189e+00
-2.478389353105408421e+00
-6.172818587306161398e-01
2.105965125865212895e-01
-3.121291894805978129e-01
-2.368457672350619825e-01
1.407824588870255189e+00
-2.478389353105408421e+00
-6.172818587306161398e-01
2.507552338579608353e-01
-3.073121452617121330e-01
-2.532413250311886244e-01
0.000000000000000000e+00
0.000000000000000000e+00
0.000000000000000000e+00
0.000000000000000000e+00
0.000000000000000000e+00
0.000000000000000000e+00
6.209216635304330989e-01
1.114489954016811315e-09
-3.343470420644476727e-09
0.000000000000000000e+00
-0.000000000000000000e+00
0.000000000000000000e+00
6.209216550766383236e-01
4.477784250963223744e-01
-1.042507842712224964e+00
0.000000000000000000e+00
0.000000000000000000e+00
0.000000000000000000e+00
8.677274716889278317e-01
1.320678447859213289e+00
-6.675794463581261606e-01
-2.251211040129874885e-01
1.023587216474712153e-01
-9.011782691037296955e-02
-1.561055024231112975e+00
1.507268740189149581e+00
4.968108114767609829e-01
-4.502422080259749215e-01
2.047174430850171589e-01
-1.802356539109132849e-01
-1.843334601776223769e+00
7.328278191050991985e-01
3.211047584215409589e-02
-5.123804730770502580e-01
1.765196220370229829e-02
1.920523409821341954e-01
-1.810199496197990587e+00
6.759438099205901107e-01
1.067821263047119690e-01
-5.469924651134696614e-01
-7.726225295450955821e-02
3.712553763907638915e-01
-2.700169129163498383e+00
6.723816846518406720e-01
4.989873263778007439e-01
-5.753139409334138143e-01
-1.428616363489024765e-01
3.063941083070453875e-01
-2.700169129163497939e+00
6.723816846518406720e-01
4.989873263778014101e-01
-5.753139407477594336e-01
-1.428616355831986429e-01
3.063941082798967708e-01
-4.932299269231677386e+00
2.500894749949548856e+00
-6.477985459998403250e+00
-5.904955195589594030e-01
-2.134262028987769233e-01
3.193272868783563201e-01
-4.932299269231677386e+00
2.500894749949548856e+00
-6.477985459998403250e+00
-8.910461998131592454e-01
-2.552594686456002293e-01
5.320145975265865301e-01
-3.933771038873120851e+00
3.050087812603290982e-01
-2.303568222467967885e+00
-6.334850218645822206e-01
-2.700042565721830767e-01
1.629367818790085076e-01
-3.933771038873120851e+00
3.050087812603290982e-01
-2.303568222467967885e+00
-7.314444012308751741e-01
-2.477957687977489221e-01
3.331611969852020794e-01
-2.308604631057346257e+00
4.249857499873440636e-01
1.385256188142874434e+00
-6.046618336121873938e-01
-1.511792802256414214e-01
1.587918777059261488e-01
-2.308604631057346257e+00
4.249857499873440636e-01
1.385256188142874434e+00
-6.183274586945521900e-01
-1.333937008472199648e-01
1.305608952513613863e-01
0.000000000000000000e+00
0.000000000000000000e+00
0.000000000000000000e+00
0.000000000000000000e+00
0.000000000000000000e+00
0.000000000000000000e+00
6.192995208561248299e-01
1.111578376243506716e-09
-3.334735685865249651e-09
0.000000000000000000e+00
-0.000000000000000000e+00
0.000000000000000000e+00
6.192995123778830546e-01
4.497535473615544843e-01
-1.045280429945260270e+00
0.000000000000000000e+00
0.000000000000000000e+00
0.000000000000000000e+00
8.676008571772978462e-01
1.325732948687011303e+00
-6.683721591688474017e-01
-2.257491290137477180e-01
1.025527277724212621e-01
-8.962463060329324549e-02
-1.560976677256264322e+00
1.511222867154345284e+00
5.004366715122845477e-01
-4.514982580274954360e-01
2.051054553355227128e-01
-1.792492612966507526e-01
-1.844803620156448609e+00
7.309489161362564547e-01
3.452404665886155133e-02
-5.127220410470263445e-01
1.839669964266040653e-02
1.936043969899031714e-01
-1.812511601411717965e+00
6.757351339670344403e-01
1.073199516414935217e-01
-5.468977672837898041e-01
-7.633418494755886408e-02
3.730715954332355366e-01
-2.700354477830246847e+00
6.723211143489092878e-01
4.985746205710677170e-01
-5.752083259884357425e-01
-1.419770665751492744e-01
3.082559243709373509e-01
-2.700354477830246402e+00
6.723211143489090658e-01
4.985746205710681611e-01
-5.752083258028014567e-01
-1.419770658094413329e-01
3.082559243438144359e-01
-4.937750242961564950e+00
2.505420697076557346e+00
-6.496027353661679271e+00
-5.903898914858223268e-01
-2.125880985728352823e-01
3.212483212547784794e-01
-4.937750242961564950e+00
2.505420697076557346e+00
-6.496027353661679271e+00
-8.915376000419036329e-01
-2.513326767185257160e-01
5.352130457599680868e-01
-2.300348774609352720e+00
7.914289493002009124e-01
1.407314826044543610e+00
-6.333554679517309216e-01
-2.691694560303006245e-01
1.648395465446310104e-01
-2.300348774609352720e+00
7.914289493002009124e-01
1.407314826044543610e+00
-6.545506278069047612e-01
-2.550847334926579224e-01
1.222738632653489199e-01
-2.308835054147935661e+00
4.249109499097806775e-01
1.384859423222944308e+00
-6.045353928774194197e-01
-1.503438471168730695e-01
1.606986478017765341e-01
-2.308835054147935661e+00
4.249109499097806775e-01
1.384859423222944308e+00
-6.181729739934775925e-01
-1.325843021115419296e-01
1.325130068492231250e-01
