-2.221441471072811424e+00
nan
-2.221441467085554233e+00
2.610459999999999864e-02
2.799937000000000120e-01
-1.333499999999999686e-01
1.531429531846838499e+00
-9.625443859779985178e-01
-1.531429538365443488e+00
8.860460000000003333e-02
2.799937001121810543e-01
-1.333500001121810108e-01
-5.023003828767852452e-01
-2.949730024473606438e+00
-6.728448807802038800e-01
2.073546000000000833e-01
2.799937003253250012e-01
-1.333500007516129071e-01
-1.176456386460670744e+00
-3.607128815932249544e-01
-1.178228428168103470e+00
1.395044635468583594e-01
1.056826006492807002e-01
-2.172368263741038252e-01
-2.499997095629907573e+00
7.002573783752007452e-01
-1.438716018225167703e+00
7.165432709371662157e-02
-6.862849918632479840e-02
-3.011236516650374617e-01
-7.104698759124685736e-01
-1.517976806382804078e+00
-2.466651975796888774e+00
-2.478783513683580075e-03
-2.489863009684741835e-01
-3.723879151354606565e-01
2.750710865013265144e-02
7.302183115273845893e-01
-1.664370412255192333e+00
-3.472526569802900087e-02
-3.397182558511400718e-01
-4.110135445789348529e-01
1.609802294301294623e+00
-1.540952527710027775e-01
-2.600265883791097909e+00
5.817553965404290151e-02
-3.442413373032718327e-01
-4.569814094316103081e-01
1.609802293669934548e+00
-1.540952602727603815e-01
-2.600265882369998671e+00
5.817553978182932184e-02
-3.442413372687407325e-01
-4.569814091767523401e-01
6.790284646294503235e-02
3.512345026003458326e-01
6.733547940424036704e-02
1.625282152506066780e-01
-3.799638451678085116e-01
-5.013140443011061542e-01
6.790284646294503235e-02
3.512345026003458326e-01
6.733547940424036704e-02
1.414349416998559317e-01
-4.177619083668024924e-01
-4.957353926783522047e-01
-1.148510980836841000e+00
-2.527342264072543365e+00
6.805515883593142856e-01
1.505749398179541121e-01
-3.248931045219504155e-01
-5.310483140164998783e-01
-1.148510980836841000e+00
-2.527342264072543365e+00
6.805515883593142856e-01
1.436999701460184575e-01
-3.642966934454464623e-01
-5.135888439051790044e-01
1.434454043518292865e+00
-2.354692528361647330e+00
-4.124301360029630770e-01
1.704266864395808379e-01
-3.195642392440337098e-01
-4.914975241391719707e-01
1.434454043518292865e+00
-2.354692528361647330e+00
-4.124301360029630770e-01
2.093978678894507228e-01
-3.136101818476130232e-01
-5.102201666217770493e-01
-2.221441471072811424e+00
nan
-2.221441467085554233e+00
2.610459999999999864e-02
2.799937000000000120e-01
1.333500000000000241e-01
1.531731897220707017e+00
-9.622715570290101272e-01
-1.531731903741429868e+00
8.860460000000003333e-02
2.799937001121810543e-01
1.333499998878189818e-01
-5.033869733001847813e-01
-2.949168915793511481e+00
-6.733890922885029662e-01
2.073546000000000833e-01
2.799937003253250012e-01
1.333499992483870855e-01
-1.176576125605701684e+00
-3.587554560262470882e-01
-1.177203985201563885e+00
1.393537832696399303e-01
1.057666364763650835e-01
4.941062144169595938e-02
-2.502729554080092900e+00
6.980253765188743076e-01
-1.436903596833468244e+00
7.135296653927974964e-02
-6.846042753229972244e-02
-3.452875603350707978e-02
-7.103871491547448791e-01
-1.520557123934166865e+00
-2.464976659714344542e+00
-2.671059625544244809e-03
-2.490137226854579888e-01
-1.054103556182089257e-01
2.585981528282827943e-02
7.285949208721359538e-01
-1.664338561747244150e+00
-3.486816101192227041e-02
-3.398406877823347827e-01
-1.438534508838873183e-01
1.609909745225810873e+00
-1.543020203218728181e-01
-2.600308424559993448e+00
5.803449103309570728e-02
-3.443806917037777193e-01
-1.898159149975051641e-01
1.609909744593763348e+00
-1.543020278238278198e-01
-2.600308423138781855e+00
5.803449116087333604e-02
-3.443806916692515596e-01
-1.898159147426421445e-01
6.615729756500397796e-02
3.514839106257909851e-01
5.754371552336911416e-02
1.623841279969877871e-01
-3.801217873741018494e-01
-2.341407199328261468e-01
6.615729756500397796e-02
3.514839106257909851e-01
5.754371552336911416e-02
1.409440480574497001e-01
-4.177033038845487378e-01
-2.284228782446342254e-01
1.438993056092811473e+00
-2.147387203147452350e+00
1.046995768785059962e-02
1.504409609221755706e-01
-3.250509220253108844e-01
-2.638788203146336664e-01
1.438993056092811473e+00
-2.147387203147452350e+00
1.046995768785059962e-02
1.881347018143580407e-01
-3.194630596882203633e-01
-2.851555403782322085e-01
1.433911247900928609e+00
-2.355042632165062599e+00
-4.122848918528478901e-01
1.702913381848828456e-01
-3.197228310367071780e-01
-2.243272388298768738e-01
1.433911247900928609e+00
-2.355042632165062599e+00
-4.122848918528478901e-01
2.092657201217256180e-01
-3.137889222426701874e-01
-2.430496159138679502e-01
0.000000000000000000e+00
0.000000000000000000e+00
0.000000000000000000e+00
0.000000000000000000e+00
0.000000000000000000e+00
0.000000000000000000e+00
5.729702267143607086e-01
1.028422100773734301e-09
-3.085266817777135672e-09
0.000000000000000000e+00
-0.000000000000000000e+00
0.000000000000000000e+00
5.729702174236540602e-01
5.425861160108113035e-01
-1.127456919464274065e+00
0.000000000000000000e+00
0.000000000000000000e+00
0.000000000000000000e+00
8.975362627220513367e-01
1.376415895621179608e+00
-7.261782108190947271e-01
-2.420440823681664633e-01
1.245627585465886172e-01
-6.306052667182550364e-02
-1.284487607169053636e+00
1.585841031134076040e+00
6.035358447721209663e-01
-4.840881647363328155e-01
2.491255169032048078e-01
-1.261210534350747925e-01
-1.655962783161815111e+00
5.406210063411662770e-01
1.585737427568046920e-01
-4.882495595414468870e-01
1.128454641053934504e-01
2.231096363771646052e-01
-1.740670848983409513e+00
6.481085439929985537e-01
-2.319720634666314063e-02
-4.947436805283529915e-01
4.376941390008865646e-02
3.907915025558395539e-01
-2.716251955454247913e+00
6.956068716289869336e-01
4.595260607608537828e-01
-5.246407693422551199e-01
-3.840054759049581212e-02
3.384548928946346513e-01
-2.716251955454247469e+00
6.956068716289871556e-01
4.595260607608541159e-01
-5.246407691808422369e-01
-3.840054683951632519e-02
3.384548927119503947e-01
-5.285224735548214703e+00
1.102121746134857805e+00
-6.499605518401210702e+00
-5.390634314754063627e-01
-1.108663797984589389e-01
3.628977865175718187e-01
-5.285224735548214703e+00
1.102121746134857805e+00
-6.499605518401210702e+00
-7.785875783609176315e-01
5.571600492073237182e-02
5.859164005701631428e-01
-4.193040063638202142e+00
-3.246935209534408395e-01
-2.424660594525316348e+00
-5.850532343244775335e-01
-1.971249896296575765e-01
2.216265600793732582e-01
-4.193040063638202142e+00
-3.246935209534408395e-01
-2.424660594525316348e+00
-6.862625404945786878e-01
-1.072472639108962705e-01
3.846151289774936699e-01
-2.276176825141901450e+00
6.316628298931343810e-01
1.355207387576957689e+00
-5.599901855769404690e-01
-8.057268436134674972e-02
1.933430079840386118e-01
-2.276176825141901450e+00
6.316628298931343810e-01
1.355207387576957689e+00
-5.798855654802665960e-01
-7.037469628220377471e-02
1.551738737638375665e-01
0.000000000000000000e+00
0.000000000000000000e+00
0.000000000000000000e+00
0.000000000000000000e+00
0.000000000000000000e+00
0.000000000000000000e+00
5.685936235591073640e-01
1.020566552262969555e-09
-3.061700168307557879e-09
0.000000000000000000e+00
-0.000000000000000000e+00
0.000000000000000000e+00
5.685936142457190812e-01
5.444232333159773063e-01
-1.130021014643590060e+00
0.000000000000000000e+00
0.000000000000000000e+00
0.000000000000000000e+00
8.952550956469373933e-01
1.381373046064996890e+00
-7.267940724927046681e-01
-2.425787909370253070e-01
1.245697461228778419e-01
-6.204317142082980963e-02
-1.280257834543823359e+00
1.589128113640241535e+00
6.044059318832704086e-01
-4.851575818740505586e-01
2.491394920572736482e-01
-1.240863429324667311e-01
-1.652526121996082287e+00
5.389715065176632347e-01
1.599204154021841573e-01
-4.886700419022512176e-01
1.136522083480587808e-01
2.247020888034299557e-01
-1.738522290898286249e+00
6.475674293741083831e-01
-2.462795979761096127e-02
-4.948646888847835767e-01
4.497501538268548760e-02
3.921493414473632422e-01
-2.716434017613468033e+00
6.953564112682615317e-01
4.591820442960530269e-01
-5.247402946525966394e-01
-3.721975580310782350e-02
3.398815078987277305e-01
-2.716434017613468477e+00
6.953564112682615317e-01
4.591820442960535820e-01
-5.247402944912297196e-01
-3.721975505211612412e-02
3.398815077160887710e-01
-5.282622427048416114e+00
1.101495660145690669e+00
-6.493783413470126220e+00
-5.391501625673068565e-01
-1.097096841308642101e-01
3.644096469280158068e-01
-5.282622427048416114e+00
1.101495660145690669e+00
-6.493783413470126220e+00
-7.768982133309568772e-01
5.972275010033686188e-02
5.865547638951706944e-01
-2.281717619939580111e+00
9.956809115825665524e-01
1.308197266835909867e+00
-5.851162938587460838e-01
-1.959753594999917581e-01
2.231180327114680173e-01
-2.281717619939580111e+00
9.956809115825665524e-01
1.308197266835909867e+00
-6.136111441239942010e-01
-1.952119777516524990e-01
1.728371704666464281e-01
-2.276418270981340974e+00
6.313962962829527958e-01
1.354891398052526341e+00
-5.600604118098641004e-01
-7.942116129284955417e-02
1.948415380053678536e-01
-2.276418270981340974e+00
6.313962962829527958e-01
1.354891398052526341e+00
-5.799214533401777505e-01
-6.923506773240714618e-02
1.567251992034454922e-01
