-2.221441471072811424e+00
nan
-2.221441467085554233e+00
2.610459999999999864e-02
2.799937000000000120e-01
-1.333499999999999686e-01
1.401871166240460154e+00
-1.071847424717319752e+00
-1.401871171865245902e+00
8.860460000000003333e-02
2.799937001121810543e-01
-1.333500001121810108e-01
-1.660720364969856089e+00
-2.469138457395857245e+00
-3.294126881885500180e-01
2.073546000000000833e-01
2.799937003253250012e-01
-1.333500007516129071e-01
-1.209647535078343328e+00
9.410329731670346032e-01
-8.632921521233356543e-01
1.748516526708288055e-02
2.054015894391895691e-01
-1.536136319107361259e-01
-2.792940431175367166e+00
1.044838772435155327e+00
1.647919554931316297e-02
-1.723842694658343222e-01
1.308094784565921320e-01
-1.738772627147747440e-01
6.397665848024256530e-01
1.651211065091345187e+00
1.924109538391518548e+00
-3.082754317137704758e-01
-2.502216288632785890e-02
-1.926746449600942879e-01
1.571740295486603323e-01
9.553680753687042448e-02
-2.275669513292148949e+00
-3.760276146165579259e-01
-1.021421322266896359e-01
-2.077150751683328189e-01
-1.397384178769091601e-01
-1.633569826626048549e+00
-9.732543828664371732e-01
-2.972639590265872545e-01
-1.696498169500010311e-01
-2.094648069770620458e-01
-1.397384183292533499e-01
-1.633569827542132424e+00
-9.732543771586681380e-01
-2.972639589339906019e-01
-1.696498168355737857e-01
-2.094648072236519887e-01
6.222502271362884141e-01
2.680428171723421293e+00
9.983054970437733600e-01
-1.916237321839834584e-01
-2.228849277649926353e-01
-1.977547072369077175e-01
6.222502271362884141e-01
2.680428171723421293e+00
9.983054970437733600e-01
-1.810449352466139139e-01
-2.586762182530368825e-01
-2.203780072872614515e-01
2.653144086092359411e-01
-2.340898073291519943e-01
1.188849710762481526e-01
-2.327759426979816582e-01
-2.707868093326750158e-01
-2.062222556688510788e-01
2.653144086092359411e-01
-2.340898073291519943e-01
1.188849710762481526e-01
-2.512423753656177206e-01
-3.074336813712716387e-01
-2.210795353299596089e-01
4.436376950719943535e-01
-5.782182609262899176e-01
4.336880605444665138e-01
-2.183721090765362027e-01
-2.530204757575672536e-01
-2.444798117500191215e-01
4.436376950719943535e-01
-5.782182609262899176e-01
4.336880605444665138e-01
-2.187406515482722136e-01
-2.890034570786002011e-01
-2.691745552454822832e-01
-2.221441471072811424e+00
nan
-2.221441467085554233e+00
2.610459999999999864e-02
2.799937000000000120e-01
1.333500000000000241e-01
1.400276930988315849e+00
-1.073102307751415019e+00
-1.400276936602264488e+00
8.860460000000003333e-02
2.799937001121810543e-01
1.333499998878189818e-01
-1.660693461776175273e+00
-2.471091175996788625e+00
-3.268719534211828037e-01
2.073546000000000833e-01
2.799937003253250012e-01
1.333499992483870855e-01
-1.207852627652125088e+00
9.433223981778334766e-01
-8.586149420191214743e-01
1.754296421673806616e-02
2.052196809827784296e-01
1.132157261638482154e-01
-2.789291435778585626e+00
1.045784672443752727e+00
2.233675492050609876e-02
-1.722686715665239232e-01
1.304456615445611922e-01
9.308145343460798304e-02
6.408539240713142515e-01
1.648570235718711752e+00
1.924068422719131144e+00
-3.083898721822585509e-01
-2.514919875065624311e-02
7.398935578550916436e-02
1.587798416295996273e-01
9.635544567216788869e-02
-2.275340468293627350e+00
-3.762714470195806515e-01
-1.021269527857829734e-01
5.880450539729072112e-02
-1.396118921522211676e-01
-1.633488264087192166e+00
-9.730036897132253726e-01
-2.974911598408248592e-01
-1.696151165048638554e-01
5.705047864170295635e-02
-1.396118926042123620e-01
-1.633488265003287809e+00
-9.730036840055449332e-01
-2.974911597482807757e-01
-1.696151163904259795e-01
5.705047839509819196e-02
6.520580945596936573e-01
2.679502346192454976e+00
1.003726754289299583e+00
-1.918365399312244035e-01
-2.228233372496858933e-01
6.875293666101468804e-02
6.520580945596936573e-01
2.679502346192454976e+00
1.003726754289299583e+00
-1.821042044778593827e-01
-2.586105824024396149e-01
4.574650591633196151e-02
2.240695450078459272e-01
-2.773955530772132527e-01
4.528473250027154617e-01
-2.329776518005039210e-01
-2.707358886786036534e-01
6.029182597206009242e-02
2.240695450078459272e-01
-2.773955530772132527e-01
4.528473250027154617e-01
-2.376759124349480112e-01
-3.121004040361466947e-01
4.719051531791485649e-02
4.436018578878697660e-01
-5.781353826433414111e-01
4.342054719670563889e-01
-2.185819804681363721e-01
-2.529678999636726933e-01
2.203196642035054609e-02
4.436018578878697660e-01
-5.781353826433414111e-01
4.342054719670563889e-01
-2.189319741152652155e-01
-2.889554470812796816e-01
-2.656392810570198243e-03
0.000000000000000000e+00
0.000000000000000000e+00
0.000000000000000000e+00
0.000000000000000000e+00
0.000000000000000000e+00
0.000000000000000000e+00
-7.977830222384458825e-01
-1.431937740285236466e-09
4.295813938557908675e-09
0.000000000000000000e+00
-0.000000000000000000e+00
0.000000000000000000e+00
-7.977830250585455918e-01
9.907947214546918013e-02
-3.647197483556083863e-01
0.000000000000000000e+00
0.000000000000000000e+00
0.000000000000000000e+00
5.987182906132233473e-01
6.477090147175077472e-01
-2.156795033159948638e-01
-2.921292579070139395e-02
5.308315149141521611e-02
7.832048323813960156e-02
6.420961018179717206e-01
7.936171968728720216e-01
-1.159228053091036159e+00
-5.842585158140278789e-02
1.061663032661108730e-01
1.566409665532349504e-01
-6.547701837906467759e-01
-6.825608965796817751e-01
-1.447121756620866950e+00
-2.539881875914149489e-01
2.757648765751659625e-01
1.644276403700535016e-01
-7.841967711849113787e-01
-8.741398084104718968e-01
1.182253509396686830e-01
-3.553241635659072362e-01
3.639625092606072476e-01
1.686785061616140058e-01
-2.777885155680729579e+00
8.346341935060683781e-01
1.625150628672089592e-01
-3.458135336203167487e-01
3.719022360491774926e-01
2.904682613589292250e-01
-2.777885155680729135e+00
8.346341935060688222e-01
1.625150628672084041e-01
-3.458135338447252405e-01
3.719022353792274527e-01
2.904682609637790902e-01
-3.887077514197769368e+00
-1.042303480140903016e+00
2.613267192610198908e+00
-3.273883765869763929e-01
4.215996763955249804e-01
3.501783399203383662e-01
-3.887077514197769368e+00
-1.042303480140903016e+00
2.613267192610198908e+00
-2.102758269986334527e-01
3.613063784465588291e-01
5.003281772440598685e-01
-4.369857471973068286e+00
-1.204423556668059891e+00
7.170738668568947816e+00
-3.266709047490155005e-01
3.913899452226148323e-01
5.175913076897223908e-01
-4.369857471973068286e+00
-1.204423556668059891e+00
7.170738668568947816e+00
-4.599130472790842472e-02
1.940477878819834301e-01
6.554915087794992434e-01
-2.357099896762576918e+00
1.345017915522887408e+00
-5.874504177900305990e-01
-3.614892660322127638e-01
2.874556880186331931e-01
4.562165413225277022e-01
-2.357099896762576918e+00
1.345017915522887408e+00
-5.874504177900305990e-01
-4.158423558632247108e-01
2.294642111038933951e-01
5.415277191066604212e-01
0.000000000000000000e+00
0.000000000000000000e+00
0.000000000000000000e+00
0.000000000000000000e+00
0.000000000000000000e+00
0.000000000000000000e+00
-7.946539497500675342e-01
-1.426321379867305793e-09
4.278964854489137487e-09
0.000000000000000000e+00
-0.000000000000000000e+00
0.000000000000000000e+00
-7.946539525433543583e-01
9.734186109862691394e-02
-3.615050647404338680e-01
0.000000000000000000e+00
0.000000000000000000e+00
0.000000000000000000e+00
6.025451296029430415e-01
6.477516971255460332e-01
-2.132971466067954958e-01
-2.899109431724678637e-02
5.261808799409965071e-02
7.789608790342528177e-02
6.433443357161516829e-01
7.969385565599669263e-01
-1.151968489862752243e+00
-5.798218863449359356e-02
1.052361762705387727e-01
1.557921758828756109e-01
-6.569307936054749053e-01
-6.775743627820408621e-01
-1.442835096148594731e+00
-2.524377936213558771e-01
2.743263030616387432e-01
1.641713369813148082e-01
-7.874386727937267016e-01
-8.705006677135461723e-01
1.185971013187495926e-01
-3.532151334401931186e-01
3.622928258024515902e-01
1.687455792145376998e-01
-2.778292488120452930e+00
8.349903010642335532e-01
1.629230439828758814e-01
-3.436843513878583556e-01
3.702547510024459254e-01
2.904666618745482820e-01
-2.778292488120452486e+00
8.349903010642341084e-01
1.629230439828752153e-01
-3.436843516124153952e-01
3.702547503323833089e-01
2.904666614793329771e-01
-3.860969329522902171e+00
-9.983957764052822093e-01
2.556812970548635988e+00
-3.252440671544624684e-01
4.199811744965704086e-01
3.500740789889976723e-01
-3.860969329522902171e+00
-9.983957764052822093e-01
2.556812970548635988e+00
-2.107732512820461590e-01
3.560378125304516361e-01
4.979642575230958101e-01
-2.565348971316497639e+00
1.107946521739141765e+00
-7.752400336566342975e-01
-3.245029537921851892e-01
3.897708990497091852e-01
5.175415900964914773e-01
-2.565348971316497639e+00
1.107946521739141765e+00
-7.752400336566342975e-01
-3.710859336396413188e-01
3.598037449725737802e-01
6.288614285461261444e-01
-2.357707595610276652e+00
1.345440922837116471e+00
-5.871092959357993024e-01
-3.593443802448322844e-01
2.858192052542973260e-01
4.561566745809546575e-01
-2.357707595610276652e+00
1.345440922837116471e+00
-5.871092959357993024e-01
-4.136897325224911937e-01
2.278167576961482588e-01
5.414756835430993842e-01
