-2.221441471072811424e+00
nan
-2.221441467085554233e+00
2.610459999999999864e-02
2.799937000000000120e-01
-1.333499999999999686e-01
1.501778399046873158e+00
-9.888830187762372992e-01
-1.501778405358540791e+00
8.860460000000003333e-02
2.799937001121810543e-01
-1.333500001121810108e-01
-5.580303562520856353e-01
2.953512659027692333e+00
6.082091231114274965e-01
2.073546000000000833e-01
2.799937003253250012e-01
-1.333500007516129071e-01
-4.317312687938054117e-01
-1.256339884641716420e+00
-1.450709395465700213e+00
2.821491423536944265e-01
1.046546489830912363e-01
-2.087621583159404992e-01
-9.355787500725923911e-01
7.365597062777158310e-01
-1.248391838494645745e+00
3.569436847073887975e-01
-7.068440250452109885e-02
-2.841743155422516987e-01
-6.867829229216634301e-01
-1.345831936833302434e-01
2.926858399404967059e+00
4.398173376468030860e-01
-6.101233714373870826e-02
-4.742839123545492530e-01
1.412086539662872342e+00
1.176966186465478126e+00
-1.177017453385030832e+00
4.862843715967930525e-01
-5.514810892301598433e-02
-5.668608429758750233e-01
-9.720296307180231743e-01
-1.390813757197901346e+00
7.469366444898225543e-01
5.890560297919842370e-01
-6.725979235042373050e-02
-5.594206886518662269e-01
-9.720296306474459636e-01
-1.390813754013036974e+00
7.469366494301594717e-01
5.890560297712175153e-01
-6.725979260603498489e-02
-5.594206887811177253e-01
3.285264325704432831e-01
-2.569416056458938336e+00
1.216996277922199443e+00
7.060572948641724578e-01
-6.933099422507901788e-02
-5.803342029683932202e-01
3.285264325704432831e-01
-2.569416056458938336e+00
1.216996277922199443e+00
7.405814821735253739e-01
-8.958134518742714991e-02
-5.629346368490772967e-01
-2.921219553615300724e-01
1.638814577687328411e+00
2.134974690624681148e+00
7.011246949152490915e-01
-7.282099534169042543e-02
-5.169048452993301179e-01
-2.921219553615300724e-01
1.638814577687328411e+00
2.134974690624681148e+00
7.393475628670580502e-01
-7.041106906651158071e-02
-5.378319986054245216e-01
-2.909508681125460017e-01
1.159106112530799981e+00
2.298453357823186050e+00
6.979248468981911202e-01
-1.124828732281384219e-01
-5.369909112204660495e-01
-2.909508681125460017e-01
1.159106112530799981e+00
2.298453357823186050e+00
7.384090636183900935e-01
-1.042710801758893191e-01
-5.510740847274919751e-01
-2.221441471072811424e+00
nan
-2.221441467085554233e+00
2.610459999999999864e-02
2.799937000000000120e-01
1.333500000000000241e-01
1.501801520848529581e+00
-9.888627972987710235e-01
-1.501801527160358196e+00
8.860460000000003333e-02
2.799937001121810543e-01
1.333499998878189818e-01
-5.580326750356494614e-01
2.953495538964926226e+00
6.082562869849248433e-01
2.073546000000000555e-01
2.799937003253250012e-01
1.333499992483870855e-01
-4.317370622468826857e-01
-1.256295118951796796e+00
-1.450680111193234367e+00
2.821498353873776455e-01
1.046573817653340677e-01
5.793217537911735104e-02
-9.356116222758193990e-01
7.365844588293061213e-01
-1.248359716161411948e+00
3.569450707747552354e-01
-7.067893694004659388e-02
-1.748564815214080637e-02
-6.867188746795063192e-01
-1.345908743584963152e-01
2.926875633503389196e+00
4.398104441528597475e-01
-6.100523021990834904e-02
-2.075987705114354376e-01
1.412082631945177580e+00
1.176977018652636930e+00
-1.177023246015367786e+00
4.862734263609744256e-01
-5.514009752756480337e-02
-3.001776774116016178e-01
-9.720217440645648743e-01
-1.390806204453909123e+00
7.469411458735960574e-01
5.890451893770893843e-01
-6.725157448518913339e-02
-2.927386349688906320e-01
-9.720217439939687898e-01
-1.390806201269057407e+00
7.469411508139324196e-01
5.890451893563217745e-01
-6.725157474080022124e-02
-2.927386350981423524e-01
3.283099775257055097e-01
-2.569493344781452748e+00
1.217052458447245522e+00
7.060462367161712827e-01
-6.932249213620750306e-02
-3.136533955079501279e-01
3.283099775257055097e-01
-2.569493344781452748e+00
1.217052458447245522e+00
7.405659761093417170e-01
-8.957610587163564175e-02
-2.962488027952873693e-01
-3.585637501764142310e-01
1.595305950471230805e+00
2.068780845357004683e+00
7.011143179326357888e-01
-7.281260989299459530e-02
-2.502239912894303475e-01
-3.585637501764142310e-01
1.595305950471230805e+00
2.068780845357004683e+00
7.410300825969329264e-01
-7.153668587077162411e-02
-2.678264023107638780e-01
-2.908048478781456447e-01
1.159213318074008292e+00
2.298686251451029339e+00
6.979143410515549206e-01
-1.124744609864907208e-01
-2.703100895864588016e-01
-2.908048478781456447e-01
1.159213318074008292e+00
2.298686251451029339e+00
7.383941688288071514e-01
-1.042559686046587580e-01
-2.844019684783514745e-01
0.000000000000000000e+00
0.000000000000000000e+00
0.000000000000000000e+00
0.000000000000000000e+00
0.000000000000000000e+00
0.000000000000000000e+00
-5.783203877107903068e-01
-1.038025084584913848e-09
3.114075774023790352e-09
0.000000000000000000e+00
-0.000000000000000000e+00
0.000000000000000000e+00
-5.783203943088958132e-01
3.498909928790430168e-01
-8.135234050682225160e-01
-0.000000000000000000e+00
0.000000000000000000e+00
0.000000000000000000e+00
-9.718289296266668931e-01
1.272383612843440259e+00
-4.167654786015003721e-01
-1.690284567746991873e-01
-1.044594994743832383e-01
7.523221262392065789e-02
-9.318865562423396254e-01
1.280576063100665518e+00
-3.961983027748137709e-01
-3.380569135493983746e-01
-2.089189987532846793e-01
1.504644253319167568e-01
-1.478378743214802338e+00
1.211607707842666581e+00
6.925858303569981667e-01
-5.776746567126758158e-01
-4.189139768746609205e-01
3.532514143518050709e-02
-1.565700216244321874e+00
4.126424525547137678e-01
5.981467056216511757e-01
-6.939030607935420258e-01
-5.235953339248198279e-01
-2.964422540609087942e-02
-2.672740475693726303e+00
5.431076178100553431e-01
5.180025248680113492e-01
-6.835883737242612890e-01
-4.504737539101003607e-01
-5.308890913549427215e-02
-2.672740475693726303e+00
5.431076178100547880e-01
5.180025248680109051e-01
-6.835883736620516071e-01
-4.504737542663134753e-01
-5.308890844103322793e-02
-2.667913914130283004e+00
5.678798883822324672e-01
5.372566864630230477e-01
-6.938737748641640168e-01
-4.457631993927375635e-01
-1.110974024058892229e-01
-2.667913914130283004e+00
5.678798883822324672e-01
5.372566864630230477e-01
-6.731132747406832761e-01
-3.807943043665332761e-01
-7.667680094314172079e-02
-2.591567105933012982e+00
1.382334392395500933e+00
7.629070072651290557e-01
-6.576169781311005380e-01
-2.787880870310843195e-01
-9.909060255343610235e-02
-2.591567105933012982e+00
1.382334392395500933e+00
7.629070072651290557e-01
-6.883838515233743349e-01
-3.038617153617710342e-01
-1.581728731616905970e-01
-2.674058151468076350e+00
5.220611916007089626e-01
5.019426525655457105e-01
-6.479809206585175341e-01
-3.341304577679867771e-01
8.653165649594174447e-03
-2.674058151468076350e+00
5.220611916007089626e-01
5.019426525655457105e-01
-6.594550481880802062e-01
-3.514689275554134240e-01
-3.444088492190991446e-02
0.000000000000000000e+00
0.000000000000000000e+00
0.000000000000000000e+00
0.000000000000000000e+00
0.000000000000000000e+00
0.000000000000000000e+00
-5.779664824015589009e-01
-1.037389861279015479e-09
3.112170103787715082e-09
0.000000000000000000e+00
-0.000000000000000000e+00
0.000000000000000000e+00
-5.779664889995936861e-01
3.499147722137485594e-01
-8.135048886685827263e-01
-0.000000000000000000e+00
0.000000000000000000e+00
0.000000000000000000e+00
-9.716995201840754603e-01
1.272910734229910634e+00
-4.164944626634278224e-01
-1.690267629697765339e-01
-1.044352645064605678e-01
7.516655867898439092e-02
-9.320609818089615750e-01
1.281041375216084521e+00
-3.960857967333536456e-01
-3.380535259395530678e-01
-2.088705288175617125e-01
1.503331174419991201e-01
-1.478457692375328314e+00
1.212068419589226620e+00
6.926262874695877647e-01
-5.777646838197165735e-01
-4.188893497346063421e-01
3.516266098861400846e-02
-1.565815240811468501e+00
4.127658872456120842e-01
5.981457219243092593e-01
-6.940389982757133591e-01
-5.235818639212845849e-01
-2.982500297157529567e-02
-2.672727113855748460e+00
5.432135652573728546e-01
5.180228930478569804e-01
-6.837239871932021540e-01
-4.504612075047362829e-01
-5.328134570773263023e-02
-2.672727113855748016e+00
5.432135652573724105e-01
5.180228930478567584e-01
-6.837239871310012429e-01
-4.504612078609490089e-01
-5.328134501327280725e-02
-2.668076229631307861e+00
5.670834023571232896e-01
5.365756483177644975e-01
-6.940123860792845045e-01
-4.457514340450603463e-01
-1.113029040152026250e-01
-2.668076229631307861e+00
5.670834023571232896e-01
5.365756483177644975e-01
-6.732749345062827295e-01
-3.807922023973399073e-01
-7.684028990713293039e-02
-2.675416748477458473e+00
5.154065377453642682e-01
5.099081821250648350e-01
-6.577487123741430075e-01
-2.787767924110305939e-01
-9.929568647012460003e-02
-2.675416748477458473e+00
5.154065377453642682e-01
5.099081821250648350e-01
-6.674717141933208531e-01
-3.055172026729867651e-01
-1.232821610360487763e-01
-2.674173416353250676e+00
5.201148941983066987e-01
5.003969731795734344e-01
-6.481140065950958817e-01
-3.341191132226942750e-01
8.447889183485185471e-03
-2.674173416353250676e+00
5.201148941983066987e-01
5.003969731795734344e-01
-6.595559114059759143e-01
-3.515472578472956799e-01
-3.458394600804282071e-02
