-2.221441471072811424e+00
nan
-2.221441467085554233e+00
2.610459999999999864e-02
2.799937000000000120e-01
-1.333499999999999686e-01
1.452479282340005895e+00
-1.030904681026328262e+00
-1.452479288310788430e+00
8.860460000000003333e-02
2.799937001121810543e-01
-1.333500001121810108e-01
-1.893961632209641699e-01
-3.071298186904052319e+00
-5.213778130606048222e-01
2.073546000000000555e-01
2.799937003253250012e-01
-1.333500007516129071e-01
-1.119769783026680843e+00
-7.225015323348153995e-01
-1.211073611445373510e+00
1.821671227521130809e-01
8.794426225200552283e-02
-2.004886954485565753e-01
-2.004173428862575435e+00
8.994509082561182867e-01
-1.533300764049309706e+00
1.569796455042261063e-01
-1.041051759427409906e-01
-2.676273897981596983e-01
-4.527176089190537711e-01
-1.070250436958245732e+00
-2.745185324739956911e+00
1.003117255410437558e-01
-2.449877387130867112e-01
-4.092045784773603589e-01
3.938930505198867116e-01
9.060695177716731052e-01
-1.529182130975182075e+00
7.743464590153301130e-02
-3.156694535195674334e-01
-4.816255486392051477e-01
-1.633168614381379502e+00
-4.181753400510553886e-01
2.287323981404680406e+00
1.758071536598488915e-01
-3.092660412237907552e-01
-5.139660577309059786e-01
-1.633168614733802260e+00
-4.181753331096754733e-01
2.287323983448748432e+00
1.758071537486936009e-01
-3.092660413396328689e-01
-5.139660574835973605e-01
6.425598343234827370e-01
-2.644224540571665227e-01
1.384849804455221767e+00
2.830967156122664585e-01
-3.319099127822483508e-01
-5.598699351670011204e-01
6.425598343234827370e-01
-2.644224540571665227e-01
1.384849804455221767e+00
3.131421827262879098e-01
-3.539861908510636979e-01
-5.825558113268192173e-01
-4.103695649837169612e-01
-2.742142437948401845e+00
-2.589536539765285861e-01
2.796543772376756665e-01
-2.683147255301697176e-01
-5.579734834149449041e-01
-4.103695649837169612e-01
-2.742142437948401845e+00
-2.589536539765285861e-01
2.903640213078884091e-01
-3.083603560311998226e-01
-5.716260335897044298e-01
1.301879768024754691e+00
-2.643003655312790912e+00
-1.054664356859994268e+00
2.934605131437258985e-01
-2.863204322602942997e-01
-5.196076292540843244e-01
1.301879768024754691e+00
-2.643003655312790912e+00
-1.054664356859994268e+00
3.347269612557436380e-01
-2.843159433362317245e-01
-5.336718892410675652e-01
-2.221441471072811424e+00
nan
-2.221441467085554233e+00
2.610459999999999864e-02
2.799937000000000120e-01
1.333500000000000241e-01
1.452902203931600855e+00
-1.030553323411340427e+00
-1.452902209905291508e+00
8.860460000000003333e-02
2.799937001121810543e-01
1.333499998878189818e-01
-1.897052358149704798e-01
-3.071053483544756713e+00
-5.222787272246401935e-01
2.073546000000000833e-01
2.799937003253250012e-01
1.333499992483870855e-01
-1.119638359223852353e+00
-7.213473956137336218e-01
-1.210543871744421907e+00
1.821243369705557447e-01
8.798935117476144874e-02
6.609850309600730223e-02
-2.006134641186810619e+00
8.983096183327087259e-01
-1.533002927938860838e+00
1.568940739411114338e-01
-1.040149980974363064e-01
-1.152992709104405655e-03
-4.533868142036092674e-01
-1.072311083546746202e+00
-2.744393807669160967e+00
1.001785519899203170e-01
-2.451184728476766550e-01
-1.424909174965168501e-01
3.927744533765625268e-01
9.049651357648076377e-01
-1.529410631236952867e+00
7.727617198980378521e-02
-3.159090237928607880e-01
-2.147974966384424422e-01
-1.633117984879179696e+00
-4.180388265148051175e-01
2.287285818704622553e+00
1.756481674359026690e-01
-3.095172980283920627e-01
-2.471418756509470016e-01
-1.633117985231154590e+00
-4.180388195735528223e-01
2.287285820748617748e+00
1.756481675247438534e-01
-3.095172981442377291e-01
-2.471418754036387444e-01
6.428283760889846876e-01
-2.625497069286098495e-01
1.379692215735980776e+00
2.829334969796221122e-01
-3.321741846368488349e-01
-2.930492230005016796e-01
6.428283760889846876e-01
-2.625497069286098495e-01
1.379692215735980776e+00
3.128146720830036198e-01
-3.544039023217511186e-01
-3.158021601889307584e-01
1.368777640437655485e+00
-2.575414762755320996e+00
-5.332168105849703910e-01
2.794982553346353482e-01
-2.685785694726662287e-01
-2.911542530562186148e-01
1.368777640437655485e+00
-2.575414762755320996e+00
-5.332168105849703910e-01
3.208589984786079374e-01
-2.667157921610178728e-01
-3.049586042497929306e-01
1.301268760984492845e+00
-2.643196080151556160e+00
-1.054617718483766398e+00
2.933038482220509113e-01
-2.865848291753416710e-01
-2.527884630142196443e-01
1.301268760984492845e+00
-2.643196080151556160e+00
-1.054617718483766398e+00
3.345680478748596087e-01
-2.845961638199525634e-01
-2.668615636579094175e-01
0.000000000000000000e+00
0.000000000000000000e+00
0.000000000000000000e+00
0.000000000000000000e+00
0.000000000000000000e+00
0.000000000000000000e+00
4.253594761993871320e-01
7.634761209242861550e-10
-2.290428745435090398e-09
0.000000000000000000e+00
-0.000000000000000000e+00
0.000000000000000000e+00
4.253594693765135326e-01
3.014074170116657347e-01
-8.621723309457839379e-01
0.000000000000000000e+00
0.000000000000000000e+00
0.000000000000000000e+00
5.434895824748527948e-01
1.202125723618618913e+00
-5.472896025669902187e-01
-1.858158122306423632e-01
5.027402552037840006e-02
-7.409835461459900185e-02
-1.642280013027696217e+00
1.270865824370130293e+00
7.608450075439299187e-02
-3.716316244612847264e-01
1.005480508930121780e-01
-1.481967092808480768e-01
-1.709986502953716903e+00
1.061677812311383473e+00
-1.382509723025378001e-01
-5.408382556107010908e-01
-1.362728867746786365e-01
1.551892305603607691e-01
-1.582985071340471839e+00
6.984461304774928214e-01
1.761388559525043362e-01
-6.274978085736032662e-01
-2.569489897786421118e-01
3.003420967488157900e-01
-2.682077032821325702e+00
6.269023731036783564e-01
5.374714501516817400e-01
-6.512138017223441100e-01
-2.908163118966267668e-01
2.214976932898005124e-01
-2.682077032821325258e+00
6.269023731036781344e-01
5.374714501516819620e-01
-6.512138015050439321e-01
-2.908163111855746052e-01
2.214976935448010609e-01
-3.719587427076850084e+00
3.672143409996316610e+00
-3.800032274846986358e+00
-6.678206169381198931e-01
-3.562689708367179353e-01
2.149702201336708973e-01
-3.719587427076850084e+00
3.672143409996316610e+00
-3.800032274846986358e+00
-8.350169767483829331e-01
-5.548248153191348564e-01
1.867536024120738380e-01
-3.353190495422988970e+00
1.110718901110186785e+00
-1.408108231740943905e+00
-7.008123243493216137e-01
-3.530326997467783667e-01
4.656103910295636417e-02
-3.353190495422988970e+00
1.110718901110186785e+00
-1.408108231740943905e+00
-7.723650518305390511e-01
-4.138926392053496328e-01
1.689462625892835801e-01
-2.391303763905434199e+00
6.272796138854030978e-02
1.310231528862950245e+00
-6.670831260224825421e-01
-2.427121195709459611e-01
8.619863222064497177e-02
-2.391303763905434199e+00
6.272796138854030978e-02
1.310231528862950245e+00
-6.705916929674677895e-01
-2.222754360138108898e-01
7.881673014801454658e-02
0.000000000000000000e+00
0.000000000000000000e+00
0.000000000000000000e+00
0.000000000000000000e+00
0.000000000000000000e+00
0.000000000000000000e+00
4.265399234560831032e-01
7.655949012569842283e-10
-2.296785087495139251e-09
0.000000000000000000e+00
-0.000000000000000000e+00
0.000000000000000000e+00
4.265399166198117764e-01
3.025165873906684455e-01
-8.636908266333518380e-01
0.000000000000000000e+00
0.000000000000000000e+00
0.000000000000000000e+00
5.452317950046893236e-01
1.205771414603032721e+00
-5.473165442096614708e-01
-1.861770881479835049e-01
5.047659429347140653e-02
-7.426494600668609447e-02
-1.646432601490700698e+00
1.274025344676505966e+00
8.004819203189350585e-02
-3.723541762959670098e-01
1.009531884388191331e-01
-1.485298920652540766e-01
-1.715352500937492586e+00
1.060996058947240694e+00
-1.375432619470208229e-01
-5.411271965959376651e-01
-1.362901537505553651e-01
1.560444813495358851e-01
-1.588172410734400630e+00
6.980262223189530602e-01
1.775332956783745864e-01
-6.275809553935048912e-01
-2.571713570643258118e-01
3.017745648767362621e-01
-2.682151490428347440e+00
6.269448735504521419e-01
5.372299113531467940e-01
-6.512929242288945098e-01
-2.910755029003183614e-01
2.229571699974093324e-01
-2.682151490428347440e+00
6.269448735504519199e-01
5.372299113531474601e-01
-6.512929240116100971e-01
-2.910755021892722505e-01
2.229571702524265064e-01
-3.725488133046000350e+00
3.689801966991481663e+00
-3.825396882022194411e+00
-6.679023431237980368e-01
-3.565690749352726230e-01
2.164643848181418972e-01
-3.725488133046000350e+00
3.689801966991481663e+00
-3.825396882022194411e+00
-8.368936682365559765e-01
-5.556422264943406963e-01
1.890253155817344100e-01
-2.364707504239088820e+00
3.980894110891298743e-01
1.457476885232382946e+00
-7.008797681288003734e-01
-3.533319930393096775e-01
4.804501795955369581e-02
-2.364707504239088820e+00
3.980894110891298743e-01
1.457476885232382946e+00
-7.090900890399807199e-01
-3.256929188095328831e-01
2.717482059157972502e-02
-2.391411418920045495e+00
6.275792317300818435e-02
1.309993326534759639e+00
-6.671530314383862237e-01
-2.430123546536175627e-01
8.768518857103463349e-02
-2.391411418920045495e+00
6.275792317300818435e-02
1.309993326534759639e+00
-6.706413683516594393e-01
-2.226111020625709536e-01
8.033981606013979038e-02
