-2.221441471072811424e+00
nan
-2.221441467085554233e+00
2.610459999999999864e-02
2.799937000000000120e-01
-1.333499999999999686e-01
1.564511695701212179e+00
-9.321732572688683494e-01
-1.564511702452467068e+00
8.860460000000003333e-02
2.799937001121810543e-01
-1.333500001121810108e-01
-6.798424338128413735e-01
-2.860365334052898945e+00
-7.244482060260878376e-01
2.073546000000000833e-01
2.799937003253250012e-01
-1.333500007516129071e-01
-1.197594868806472812e+00
-1.608245369831886040e-01
-1.156996243788998679e+00
1.151176091862475825e-01
1.189879557723340087e-01
-2.204963589460937623e-01
-2.711623400260859462e+00
5.863308616691466080e-01
-1.296639538730273822e+00
2.288061837249508179e-02
-4.201778895580601803e-02
-3.076427168169810211e-01
-7.610461964747010644e-01
-1.687599562326688618e+00
-2.331846951317319228e+00
-4.905804811178637870e-02
-2.324459917163100853e-01
-3.484493076800718736e-01
-1.297304951935534523e-01
6.428556806775845844e-01
-1.737539220583737221e+00
-8.070409004482598236e-02
-3.282756352238049846e-01
-3.725173353350074157e-01
1.410523383110994011e+00
-4.378336037663467795e-01
-2.469883971403322054e+00
9.191265413868207612e-03
-3.416413688389579040e-01
-4.225597646513765682e-01
1.410523382486393196e+00
-4.378336105686045920e-01
-2.469883969014484038e+00
9.191265555516497932e-03
-3.416413687325940418e-01
-4.225597644253304974e-01
-3.420902812876813748e-01
3.425752568075716153e-01
-5.989248668110433993e-01
1.123202173867379472e-01
-3.841843689501927006e-01
-4.636142819823425576e-01
-3.420902812876813748e-01
3.425752568075716153e-01
-5.989248668110433993e-01
7.578374337320001319e-02
-3.973853092234477802e-01
-4.437255322184679995e-01
-1.585944803861431218e+00
-2.324380199320076112e+00
1.165724009504419456e+00
9.548430646180934567e-02
-3.396039424816897356e-01
-5.059100470608262068e-01
-1.585944803861431218e+00
-2.324380199320076112e+00
1.165724009504419456e+00
7.939611576630140055e-02
-3.660180196609030268e-01
-4.751170645562759476e-01
1.432539021016320691e+00
-2.151152287497389626e+00
-1.600165970043960773e-01
1.174888203077746746e-01
-3.231256605303646223e-01
-4.708241350257179048e-01
1.432539021016320691e+00
-2.151152287497389626e+00
-1.600165970043960773e-01
1.539999071339830938e-01
-3.167670666839931259e-01
-4.938729950338822672e-01
-2.221441471072811424e+00
nan
-2.221441467085554233e+00
2.610459999999999864e-02
2.799937000000000120e-01
1.333500000000000241e-01
1.564455019970287353e+00
-9.322261988449385139e-01
-1.564455026721141895e+00
8.860460000000003333e-02
2.799937001121810543e-01
1.333499998878189818e-01
-6.812967562326542881e-01
-2.859839279450975713e+00
-7.241904930141441765e-01
2.073546000000000833e-01
2.799937003253250012e-01
1.333499992483870855e-01
-1.198044547259020209e+00
-1.586721588519141579e-01
-1.155668321766846862e+00
1.149262856058942822e-01
1.190657118975083362e-01
4.626274852337655674e-02
-2.713949086383708131e+00
5.844481211100558404e-01
-1.293802420635109751e+00
2.249797121178846726e-02
-4.186227670543093971e-02
-4.082450187802608155e-02
-7.606575605831563669e-01
-1.689399040942582086e+00
-2.330427274098528123e+00
-4.929821119646227157e-02
-2.324066204870003371e-01
-8.133883569276781356e-02
-1.309743299530888028e-01
6.415639845305864952e-01
-1.737438714178827670e+00
-8.088077709736239684e-02
-3.282913721827743769e-01
-1.052703718606588790e-01
1.410693509435649418e+00
-4.380613183273999178e-01
-2.469876759578790715e+00
9.019553502516125532e-03
-3.416736084837675436e-01
-1.552994515005736709e-01
1.410693508810395125e+00
-4.380613251298936528e-01
-2.469876757189963801e+00
9.019553644148609051e-03
-3.416736083774086774e-01
-1.552994512745153599e-01
-3.436149322222852853e-01
3.412033817171103989e-01
-6.070323524406265880e-01
1.121480013597421915e-01
-3.842344124933925187e-01
-1.963367783065352312e-01
-3.436149322222852853e-01
3.412033817171103989e-01
-6.070323524406265880e-01
7.547916073620236643e-02
-3.971000747442646750e-01
-1.764719353224610821e-01
1.404172664869118625e+00
-1.896834237013788504e+00
2.055883260447330940e-01
9.532441063963545402e-02
-3.396544588855236468e-01
-2.386379437273909720e-01
1.404172664869118625e+00
-1.896834237013788504e+00
2.055883260447330940e-01
1.296537489385927444e-01
-3.349593183025482701e-01
-2.651745846503081872e-01
1.432065911816290393e+00
-2.151564844470411852e+00
-1.597880942959449546e-01
1.173264665631313791e-01
-3.231769524829909979e-01
-2.035501260851685368e-01
1.432065911816290393e+00
-2.151564844470411852e+00
-1.597880942959449546e-01
1.538446497955544001e-01
-3.168380839230393597e-01
-2.265931763041138802e-01
0.000000000000000000e+00
0.000000000000000000e+00
0.000000000000000000e+00
0.000000000000000000e+00
0.000000000000000000e+00
0.000000000000000000e+00
3.417086110520520803e-01
6.133314982975857366e-10
-1.839994802300930727e-09
0.000000000000000000e+00
-0.000000000000000000e+00
0.000000000000000000e+00
3.417086012624618307e-01
6.310160491217489120e-01
-1.165822761585060263e+00
0.000000000000000000e+00
0.000000000000000000e+00
0.000000000000000000e+00
7.839625525148348206e-01
1.402999460030403212e+00
-7.479771579326605080e-01
-2.426949123890565774e-01
1.373106435145382276e-01
3.185973759749383127e-03
-7.046645813367697908e-01
1.581881231173176250e+00
4.971178342492171276e-01
-4.853898247781131547e-01
2.746212869185017391e-01
6.371947459648863443e-03
-1.128181498764599722e+00
2.993993554814986524e-01
1.750169881922573611e-01
-4.552757492363267988e-01
2.101043335707380999e-01
2.543583835397045800e-01
-1.385663678151257905e+00
5.150631172263426816e-01
-3.451207586307580288e-01
-4.457098856177059698e-01
1.774126351113584910e-01
3.719464189363599349e-01
-2.736936540798658779e+00
7.159717526443277746e-01
4.070980417897499537e-01
-4.760976873798919984e-01
7.704590516792797494e-02
3.441650485319975861e-01
-2.736936540798657891e+00
7.159717526443279967e-01
4.070980417897500647e-01
-4.760976872613498778e-01
7.704590584426644628e-02
3.441650481394705197e-01
-5.093601461385120821e+00
-5.089862945824232821e-01
-4.735247548684565544e+00
-4.881723900701657737e-01
6.665890919939878451e-03
3.867651235992493608e-01
-5.093601461385120821e+00
-5.089862945824232821e-01
-4.735247548684565544e+00
-5.608052111856201005e-01
2.809805047925171273e-01
4.354088877415013270e-01
-4.274449126274824984e+00
-1.025246767450412877e+00
-1.889804378659150963e+00
-5.366035674403198952e-01
-1.159488004136828010e-01
2.768053620455009911e-01
-4.274449126274824984e+00
-1.025246767450412877e+00
-1.889804378659150963e+00
-6.180914119247851168e-01
4.607776996936226166e-02
3.732166256608496768e-01
-2.237907317217300296e+00
9.111022197058150640e-01
1.251428507209631169e+00
-5.181913218218625605e-01
-1.096289120031973541e-02
2.159507396989539807e-01
-2.237907317217300296e+00
9.111022197058150640e-01
1.251428507209631169e+00
-5.471485149421065897e-01
-1.685308878258477347e-02
1.684554637517161058e-01
0.000000000000000000e+00
0.000000000000000000e+00
0.000000000000000000e+00
0.000000000000000000e+00
0.000000000000000000e+00
0.000000000000000000e+00
3.362844965595536695e-01
6.035957756349954972e-10
-1.810787629433513938e-09
0.000000000000000000e+00
-0.000000000000000000e+00
0.000000000000000000e+00
3.362844867542731375e-01
6.319249936036178683e-01
-1.167730251736619040e+00
0.000000000000000000e+00
0.000000000000000000e+00
0.000000000000000000e+00
7.814582940803787015e-01
1.407022168763951253e+00
-7.482812648661341104e-01
-2.429530907956408692e-01
1.372174302479213792e-01
4.290175989442548965e-03
-6.982174911336365142e-01
1.584121859168855506e+00
4.948816608773077275e-01
-4.859061815912818494e-01
2.744348603870184200e-01
8.580351919994066989e-03
-1.121776288524924059e+00
2.981962556615484483e-01
1.739320359860268006e-01
-4.557889220754783866e-01
2.106164298810935254e-01
2.553556475426508876e-01
-1.380121640341950506e+00
5.135336405908671464e-01
-3.479050334695876767e-01
-4.462477864705118868e-01
1.782773800711702494e-01
3.723346913219026666e-01
-2.736961245904999895e+00
7.155078510862029617e-01
4.071693468075032740e-01
-4.765951492416026780e-01
7.795438708745529299e-02
3.446369611737948868e-01
-2.736961245904999451e+00
7.155078510862031838e-01
4.071693468075036071e-01
-4.765951491231621984e-01
7.795438776383657731e-02
3.446369607813558056e-01
-5.083838204151142293e+00
-5.046509258265050590e-01
-4.715217371414242464e+00
-4.886282239906571956e-01
7.627556735298624685e-03
3.873350182305169698e-01
-5.083838204151142293e+00
-5.046509258265050590e-01
-4.715217371414242464e+00
-5.593174295340292979e-01
2.815187587149338144e-01
4.342369991335522372e-01
-2.266323565776345639e+00
1.248503172173904607e+00
1.110316672580515363e+00
-5.370466305506005344e-01
-1.149991441226627525e-01
2.773588241052349357e-01
-2.266323565776345639e+00
1.248503172173904607e+00
1.110316672580515363e+00
-5.753908037910895334e-01
-1.370233221308257976e-01
2.238578285925256484e-01
-2.238020416057603601e+00
9.106240860153937966e-01
1.251555338625374381e+00
-5.186501570690450480e-01
-1.000658429372632170e-02
2.165178838990525767e-01
-2.238020416057603601e+00
9.106240860153937966e-01
1.251555338625374381e+00
-5.475671584007310022e-01
-1.587287395052795758e-02
1.690770294182073474e-01
