-2.221441471072811424e+00
nan
-2.221441467085554233e+00
2.610459999999999864e-02
2.799937000000000120e-01
-1.333499999999999686e-01
1.466040822117791853e+00
-1.019560215687717486e+00
-1.466040828181961464e+00
8.860460000000003333e-02
2.799937001121810543e-01
-1.333500001121810108e-01
-4.347182602255678652e-01
3.012149093292417756e+00
5.410627572987682932e-01
2.073546000000000555e-01
2.799937003253250012e-01
-1.333500007516129071e-01
-6.020471623237431125e-01
-1.216664700572648083e+00
-1.386760874976581404e+00
2.653191392483327249e-01
9.565174362903378080e-02
-2.017835830859554536e-01
-1.088633795927601566e+00
8.050335583812984197e-01
-1.286277481272369627e+00
3.232836784966653942e-01
-8.869021319531431025e-02
-2.702171650753466547e-01
-5.268560180906389778e-01
7.067182625475512681e-02
3.052494825026833336e+00
3.818857014238548619e-01
-1.015035809512482845e-01
-4.689754869529284553e-01
1.234583828941754780e+00
1.128953670353850303e+00
-1.235200316081381589e+00
4.165274648259782997e-01
-1.069252223024714787e-01
-5.666208479971174272e-01
-1.114537588701846271e+00
-1.294715802868393606e+00
1.009836596493187244e+00
5.200749869332320641e-01
-1.119873558532634150e-01
-5.625775857793352541e-01
-1.114537588661994594e+00
-1.294715799011870949e+00
1.009836601109440624e+00
5.200749869216840793e-01
-1.119873561345995500e-01
-5.625775858358238457e-01
3.943840980189091683e-01
-2.315788580217163606e+00
1.513430546127421339e+00
6.358750661513029589e-01
-1.142202083794907341e-01
-5.893416850440260646e-01
3.943840980189091683e-01
-2.315788580217163606e+00
1.513430546127421339e+00
6.728792122147138066e-01
-1.273102413655371745e-01
-5.702606647580986676e-01
-2.824809110120335420e-01
2.017957252791295453e+00
2.029020850496802364e+00
6.341553739780841914e-01
-1.010565271996522740e-01
-5.270235157754656896e-01
-2.824809110120335420e-01
2.017957252791295453e+00
2.029020850496802364e+00
6.689925257032024453e-01
-1.023883298124153851e-01
-5.532788064059600552e-01
-3.798521688881811853e-01
1.491686888944827594e+00
2.188233091080099335e+00
6.323844386358336012e-01
-1.447171137028150645e-01
-5.358195718924655404e-01
-3.798521688881811853e-01
1.491686888944827594e+00
2.188233091080099335e+00
6.720756964309438919e-01
-1.390880603699897744e-01
-5.530723669653894170e-01
-2.221441471072811424e+00
nan
-2.221441467085554233e+00
2.610459999999999864e-02
2.799937000000000120e-01
1.333500000000000241e-01
1.466096202916544078e+00
-1.019513558209306003e+00
-1.466096208981095383e+00
8.860460000000003333e-02
2.799937001121810543e-01
1.333499998878189818e-01
-4.347181862378396433e-01
3.012116440421194419e+00
5.411786453352642745e-01
2.073546000000000555e-01
2.799937003253250012e-01
1.333499992483870855e-01
-6.020604899792603160e-01
-1.216546968303867438e+00
-1.386690446216379158e+00
2.653197325080003388e-01
9.565726751278408324e-02
6.490204127097481956e-02
-1.088740295252095924e+00
8.050795060572289996e-01
-1.286228956783159738e+00
3.232848650160006221e-01
-8.867916542784073930e-02
-3.545916361496120883e-03
-5.267003077120802068e-01
7.071099416798791448e-02
3.052522544329949294e+00
3.818664842665254189e-01
-1.014976055629472351e-01
-2.023099258765219399e-01
1.234552220783394327e+00
1.128952349987011106e+00
-1.235232454150268611e+00
4.164982047495317530e-01
-1.069216113384773570e-01
-2.999587179721435737e-01
-1.114519862382195248e+00
-1.294696629498073737e+00
1.009845062359022938e+00
5.200458251690408540e-01
-1.119838090367773070e-01
-2.959180546700871939e-01
-1.114519862342294498e+00
-1.294696625641579280e+00
1.009845066975274763e+00
5.200458251574913149e-01
-1.119838093181132616e-01
-2.959180547265762851e-01
3.941108315435376541e-01
-2.315913204621537158e+00
1.513536742353190689e+00
6.358452352358388016e-01
-1.142166433196951381e-01
-3.226850505047373918e-01
3.941108315435376541e-01
-2.315913204621537158e+00
1.513536742353190689e+00
6.728439459818460477e-01
-1.273096988638844351e-01
-3.035955658532317747e-01
-4.663136023817404108e-01
1.904403601124196266e+00
1.905068898168934100e+00
6.341271050871776227e-01
-1.010531405013861961e-01
-2.603668004755153031e-01
-4.663136023817404108e-01
1.904403601124196266e+00
1.905068898168934100e+00
6.735153938428983800e-01
-1.027063097073982884e-01
-2.790903382043274927e-01
-3.796972143006113187e-01
1.491792680474030686e+00
2.188395317258410078e+00
6.323559280646262604e-01
-1.447137008077610254e-01
-2.691629379624008722e-01
-3.796972143006113187e-01
1.491792680474030686e+00
2.188395317258410078e+00
6.720432924263626262e-01
-1.390816801389209989e-01
-2.864237194572967771e-01
0.000000000000000000e+00
0.000000000000000000e+00
0.000000000000000000e+00
0.000000000000000000e+00
0.000000000000000000e+00
0.000000000000000000e+00
-4.230599515578536418e-01
-7.593487128106255230e-10
2.278046519025408165e-09
0.000000000000000000e+00
-0.000000000000000000e+00
0.000000000000000000e+00
-4.230599578899160718e-01
2.951018226222791863e-01
-7.949262029302388566e-01
-0.000000000000000000e+00
0.000000000000000000e+00
0.000000000000000000e+00
-7.237639801251074534e-01
1.251416987076587883e+00
-4.399116780668566040e-01
-1.667331265527494388e-01
-7.502903954990088053e-02
6.088225925763415813e-02
-1.054993261401419913e+00
1.189614945285685899e+00
-5.539908079210634773e-01
-3.334662531054988222e-01
-1.500580789538666915e-01
1.217645185694440912e-01
-1.444413005167920927e+00
1.250561443917386439e+00
5.436736220451280355e-01
-5.770106112662722886e-01
-3.922117512094121516e-01
6.556869290965372521e-02
-1.482608418525479532e+00
4.920766362302625985e-01
5.722369479087546784e-01
-6.961745315746784568e-01
-5.144181676130927805e-01
3.007812852671283566e-02
-2.672473002102635053e+00
5.502456153476089629e-01
5.257758214045963330e-01
-6.912881968501435326e-01
-4.491698749965338244e-01
-1.337002602369895266e-02
-2.672473002102635942e+00
5.502456153476082967e-01
5.257758214045961109e-01
-6.912881967333065480e-01
-4.491698751535698753e-01
-1.337002526548158876e-02
-2.605049235763045257e+00
1.013848788836852810e+00
7.130625535648331681e-01
-7.048410452482154476e-01
-4.598113259374164707e-01
-7.112127377632887493e-02
-2.605049235763045257e+00
1.013848788836852810e+00
7.130625535648331681e-01
-6.761617635942784865e-01
-3.837180577395203906e-01
-7.453770201824666541e-02
-2.630474595126047976e+00
1.418661760195766064e+00
5.374514105152402577e-01
-6.774718911367378915e-01
-2.941718735916639682e-01
-1.053546032596727189e-01
-2.630474595126047976e+00
1.418661760195766064e+00
5.374514105152402577e-01
-7.140034887642889849e-01
-3.445124722498321135e-01
-1.512734653076400759e-01
-2.676020559118193365e+00
4.432871307624327017e-01
4.827171743253564351e-01
-6.593562017157619248e-01
-3.186102110735520299e-01
1.230158483313409379e-02
-2.676020559118193365e+00
4.432871307624327017e-01
4.827171743253564351e-01
-6.697213844602186716e-01
-3.456193935826744612e-01
-2.035650139822570148e-02
0.000000000000000000e+00
0.000000000000000000e+00
0.000000000000000000e+00
0.000000000000000000e+00
0.000000000000000000e+00
0.000000000000000000e+00
-4.226646390131026387e-01
-7.586391678137304175e-10
2.275917883679091537e-09
0.000000000000000000e+00
-0.000000000000000000e+00
0.000000000000000000e+00
-4.226646453453158925e-01
2.951717003537153161e-01
-7.949236218191062520e-01
-0.000000000000000000e+00
0.000000000000000000e+00
0.000000000000000000e+00
-7.235862111045645584e-01
1.252140236901295278e+00
-4.395812687080693504e-01
-1.667372849464916484e-01
-7.500838495561797103e-02
6.080282627531845285e-02
-1.055668849772660955e+00
1.190170051012463759e+00
-5.539141361960239207e-01
-3.334745698929833524e-01
-1.500167697654414545e-01
1.216056526047733927e-01
-1.444898214657907687e+00
1.251130993573185135e+00
5.435703895248577000e-01
-5.771378564317412030e-01
-3.922949300904897130e-01
6.541559178629119398e-02
-1.483116035171220037e+00
4.922119545413968233e-01
5.721711786903008745e-01
-6.963609577753675506e-01
-5.145627176600908737e-01
2.992390919059637402e-02
-2.672454612387507922e+00
5.503559003440943176e-01
5.257604863733487122e-01
-6.914756513700193175e-01
-4.493229810980769456e-01
-1.353564086464538463e-02
-2.672454612387507922e+00
5.503559003440936515e-01
5.257604863733484901e-01
-6.914756512531929911e-01
-4.493229812551138846e-01
-1.353564010643154569e-02
-2.604897448536206195e+00
1.014841914225728114e+00
7.134037507405655010e-01
-7.050330894235266044e-01
-4.599738084176784869e-01
-7.129938117319217783e-02
-2.604897448536206195e+00
1.014841914225728114e+00
7.134037507405655010e-01
-6.763196453443309775e-01
-3.838526395363338062e-01
-7.474115662995262088e-02
-2.677313306390398662e+00
4.498926965596261596e-01
5.244096216012048561e-01
-6.776567224649571175e-01
-2.943344386337788943e-01
-1.055326619302832114e-01
-2.677313306390398662e+00
4.498926965596261596e-01
5.244096216012048561e-01
-6.852133675051408357e-01
-3.238076177359239805e-01
-1.188271134584925615e-01
-2.675549073788552779e+00
4.570879923596621874e-01
4.882130669343143214e-01
-6.595427312090899052e-01
-3.187729317246309479e-01
1.212298156482624623e-02
-2.675549073788552779e+00
4.570879923596621874e-01
4.882130669343143214e-01
-6.701820532529224606e-01
-3.455791097925833277e-01
-2.108638381739910694e-02
