-2.221441471072811424e+00
nan
-2.221441467085554233e+00
2.610459999999999864e-02
2.799937000000000120e-01
-1.333499999999999686e-01
1.577176873383695721e+00
-9.202627140153883945e-01
-1.577176880224526956e+00
8.860460000000003333e-02
2.799937001121810543e-01
-1.333500001121810108e-01
-7.390963360415134797e-01
2.824568028912301187e+00
7.429604071919073682e-01
2.073546000000000833e-01
2.799937003253250012e-01
-1.333500007516129071e-01
-1.385671128401956831e-01
-1.266490905573092851e+00
-1.564534877929674606e+00
3.077631465614975026e-01
1.243981840662874705e-01
-2.212883831423029246e-01
-7.026843479975249940e-01
6.348974309040762432e-01
-1.235696380973604791e+00
4.081716931229949497e-01
-3.119733237379362922e-02
-3.092267652126599597e-01
-8.836004590750389243e-01
-4.139185640731066762e-01
2.677393500123591341e+00
5.263922301804216941e-01
4.180562148476854589e-03
-4.761865184378750726e-01
1.683915532864362241e+00
1.261385375661806529e+00
-1.078427599097169232e+00
5.899014941022074909e-01
2.264046768187912700e-02
-5.561231670029157526e-01
-7.414770857867077902e-01
-1.491514361683251133e+00
3.545364529533850395e-01
6.906204057100187033e-01
-7.280117111273971819e-04
-5.475396062384930707e-01
-7.414770856963618373e-01
-1.491514359534406475e+00
3.545364582645032514e-01
6.906204056862479401e-01
-7.280118943410185395e-04
-5.475396064583613054e-01
3.319599347620639240e-01
-2.839357092409592109e+00
6.877315624916823245e-01
8.087333455318782560e-01
-5.270547953253962303e-03
-5.601752620541740058e-01
3.319599347620639240e-01
-2.839357092409592109e+00
6.877315624916823245e-01
8.416817825690364741e-01
-3.234792457509370889e-02
-5.509039462523329655e-01
-2.527501921346501645e-01
1.080339758655475491e+00
2.173925114468872710e+00
7.976859992380918030e-01
-3.241420281384181645e-02
-5.035981270521747710e-01
-2.527501921346501645e-01
1.080339758655475491e+00
2.173925114468872710e+00
8.396438335246368956e-01
-2.946389153549928280e-02
-5.152418777345668666e-01
-1.994961610049712508e-01
6.242821185889725344e-01
2.296171111704353063e+00
7.940227641540635872e-01
-6.083272756859124664e-02
-5.377407952033728122e-01
-1.994961610049712508e-01
6.242821185889725344e-01
2.296171111704353063e+00
8.367473959415983042e-01
-5.406542315780341057e-02
-5.435330792296715341e-01
-2.221441471072811424e+00
nan
-2.221441467085554233e+00
2.610459999999999864e-02
2.799937000000000120e-01
1.333500000000000241e-01
1.577181509868696319e+00
-9.202583245313020743e-01
-1.577181516709560194e+00
8.860460000000003333e-02
2.799937001121810543e-01
1.333499998878189818e-01
-7.390974916920672877e-01
2.824563216463266802e+00
7.429692760912378624e-01
2.073546000000000555e-01
2.799937003253250012e-01
1.333499992483870855e-01
-1.385670497522445976e-01
-1.266483710157600528e+00
-1.564530031020716416e+00
3.077634325877048882e-01
1.243989141849298485e-01
4.541065160298438097e-02
-7.026871620713508459e-01
6.349022002761903760e-01
-1.235686815540618655e+00
4.081722651754097209e-01
-3.119587213651101032e-02
-4.252869572208654858e-02
-8.835889804813117365e-01
-4.139268627943727963e-01
2.677397004847552164e+00
5.263914658870263441e-01
4.183449391030075182e-03
-2.094890927968341976e-01
1.683917393939172946e+00
1.261390546285984460e+00
-1.078425378460284190e+00
5.899000797241885641e-01
2.264408476956420238e-02
-2.894260892997241319e-01
-7.414753877454918207e-01
-1.491513095964652313e+00
3.545377725806087010e-01
6.906190371826176344e-01
-7.242712270349518922e-04
-2.808427306037725724e-01
-7.414753876551425371e-01
-1.491513093815809876e+00
3.545377778917266354e-01
6.906190371588466492e-01
-7.242714102485281469e-04
-2.808427308236408626e-01
3.318733990208537210e-01
-2.839378243932598966e+00
6.877430621937040689e-01
8.087319583189479522e-01
-5.266655238781586812e-03
-2.934786158081598706e-01
3.318733990208537210e-01
-2.839378243932598966e+00
6.877430621937040689e-01
8.416786689449909931e-01
-3.234573712232324122e-02
-2.842061453779977098e-01
-2.621774781614826244e-01
1.073649219196878724e+00
2.156761402466018662e+00
7.976847552051398171e-01
-3.241034269645788612e-02
-2.369014684876890597e-01
-2.621774781614826244e-01
1.073649219196878724e+00
2.156761402466018662e+00
8.398429616528758634e-01
-3.000466437774981440e-02
-2.479304968015053623e-01
-1.994843912059662827e-01
6.242912521040905327e-01
2.296207962834293070e+00
7.940214898671147381e-01
-6.082886072737700434e-02
-2.710441389894168163e-01
-1.994843912059662827e-01
6.242912521040905327e-01
2.296207962834293070e+00
8.367457825931722271e-01
-5.406013373110732378e-02
-2.768372616808609243e-01
0.000000000000000000e+00
0.000000000000000000e+00
0.000000000000000000e+00
0.000000000000000000e+00
0.000000000000000000e+00
0.000000000000000000e+00
-8.594314504433332447e-01
-1.542590271756955928e-09
4.627771588433275547e-09
0.000000000000000000e+00
-0.000000000000000000e+00
0.000000000000000000e+00
-8.594314575100564513e-01
4.720476468904403755e-01
-8.352268470562478342e-01
-0.000000000000000000e+00
0.000000000000000000e+00
0.000000000000000000e+00
-1.368963224055714356e+00
1.261630417215088062e+00
-3.889759979212813468e-01
-1.714686589400019334e-01
-1.594409259111672361e-01
8.632606318849028737e-02
-8.297723128360283695e-01
1.355249708188684732e+00
6.102811991644739587e-02
-3.429373178800038113e-01
-3.188818515470302484e-01
1.726521265325750287e-01
-1.512770329405840330e+00
1.156726247408109476e+00
9.206912469902985841e-01
-5.713685211070278491e-01
-4.502056550191219086e-01
-1.692181917742552333e-02
-1.682375051433021573e+00
3.038872792331762662e-01
5.889936071219276092e-01
-6.808292140769194312e-01
-5.126590218048723280e-01
-1.183102490838896792e-01
-2.673567556638063447e+00
5.338605924827322102e-01
5.045212781527961265e-01
-6.644568941794448680e-01
-4.388954582690691719e-01
-1.096028983789933686e-01
-2.673567556638063891e+00
5.338605924827319882e-01
5.045212781527956825e-01
-6.644568942043888038e-01
-4.388954588688946945e-01
-1.096028978764691797e-01
-2.769010729865096110e+00
2.154956053761553358e-01
-8.609448690475129951e-02
-6.689107666886791037e-01
-4.130872463494100755e-01
-1.605139648903664007e-01
-2.769010729865096110e+00
2.154956053761553358e-01
-8.609448690475129951e-02
-6.692440517243118947e-01
-3.902515521951720467e-01
-9.263666187341434988e-02
-2.555811599837903625e+00
1.265333066241479898e+00
1.114192217048564082e+00
-6.250119124315342001e-01
-2.673980750328705525e-01
-8.204582704875512666e-02
-2.555811599837903625e+00
1.265333066241479898e+00
1.114192217048564082e+00
-6.430323490492365623e-01
-2.504082156862667552e-01
-1.426769019477216183e-01
-2.633565033648702425e+00
1.025741287751116282e+00
1.374264447011727786e+00
-6.289015870471913461e-01
-3.605289849457420370e-01
-4.111324404578314828e-03
-2.633565033648702425e+00
1.025741287751116282e+00
1.374264447011727786e+00
-6.441430377771983906e-01
-3.170683991450880534e-01
-6.575787950132384874e-02
0.000000000000000000e+00
0.000000000000000000e+00
0.000000000000000000e+00
0.000000000000000000e+00
0.000000000000000000e+00
0.000000000000000000e+00
-8.594465472687483620e-01
-1.542617368992003148e-09
4.627852880151998477e-09
0.000000000000000000e+00
-0.000000000000000000e+00
0.000000000000000000e+00
-8.594465543354977699e-01
4.720554843651601495e-01
-8.352276272844791905e-01
-0.000000000000000000e+00
0.000000000000000000e+00
0.000000000000000000e+00
-1.368985959780408823e+00
1.261644137766784191e+00
-3.889664608468462181e-01
-1.714693153933848913e-01
-1.594434003249859400e-01
8.632686271920210486e-02
-8.298178577726298411e-01
1.355261008361702268e+00
6.101348759699359858e-02
-3.429386307867697825e-01
-3.188868003746638258e-01
1.726537255940032989e-01
-1.512810371688166011e+00
1.156729265911904836e+00
9.206822301136037279e-01
-5.713721626779729723e-01
-4.502205536717536205e-01
-1.692254036956980512e-02
-1.682413104697315642e+00
3.038961568372050004e-01
5.889825600176687992e-01
-6.808340049115860770e-01
-5.126788188439039828e-01
-1.183122533011129740e-01
-2.673564188596109670e+00
5.338585406462821314e-01
5.045157880539329343e-01
-6.644620010528501375e-01
-4.389163542853412592e-01
-1.096051290294690894e-01
-2.673564188596109670e+00
5.338585406462816874e-01
5.045157880539322681e-01
-6.644620010777946284e-01
-4.389163548851660046e-01
-1.096051285269456221e-01
-2.768957485993356116e+00
2.156624665624345127e-01
-8.578668002642486634e-02
-6.689160718385085413e-01
-4.131093709725549568e-01
-1.605163655141222945e-01
-2.768957485993356116e+00
2.156624665624345127e-01
-8.578668002642486634e-02
-6.692393725273652061e-01
-3.902606834837050731e-01
-9.264090789759382716e-02
-2.550836000093175571e+00
1.296215618835374173e+00
1.139928627931894756e+00
-6.250174596676728589e-01
-2.674202243883725405e-01
-8.204833104827310986e-02
-2.550836000093175571e+00
1.296215618835374173e+00
1.139928627931894756e+00
-6.420557600137095644e-01
-2.474961204252646707e-01
-1.428309475679189477e-01
-2.633560604075259270e+00
1.025738997809699349e+00
1.374259042748207538e+00
-6.289072248957982003e-01
-3.605510207436931625e-01
-4.113933460476740245e-03
-2.633560604075259270e+00
1.025738997809699349e+00
1.374259042748207538e+00
-6.441514410420261516e-01
-3.170933148146486968e-01
-6.576375942054764334e-02
