-2.221441471072811424e+00
nan
-2.221441467085554233e+00
2.610459999999999864e-02
2.799937000000000120e-01
-1.333499999999999686e-01
1.425421735143592050e+00
-1.053063963466484898e+00
-1.425421740928904724e+00
8.860460000000003333e-02
2.799937001121810543e-01
-1.333500001121810108e-01
-7.286979045622920224e-03
-3.106029808763631106e+00
-4.666374842778636123e-01
2.073546000000000833e-01
2.799937003253250012e-01
-1.333500007516129071e-01
-1.032612863262777125e+00
-9.113788020269832924e-01
-1.240479453697213685e+00
2.063927142929563863e-01
8.404564632402050650e-02
-1.935864922579122738e-01
-1.702272815172388043e+00
9.382706697947573726e-01
-1.491817352386975992e+00
2.054308285859126892e-01
-1.119024077854034460e-01
-2.538229834125013129e-01
-1.888465937958773710e-01
-7.844272181603435534e-01
-2.885359693852824758e+00
1.769477501732652780e-01
-2.181297384052303112e-01
-4.299130696568013166e-01
6.293841856916615463e-01
9.832888788398866931e-01
-1.438829354081252898e+00
1.683580882977468718e-01
-2.711223320809531545e-01
-5.186940655083009943e-01
-1.529271641578648033e+00
-7.371888353641615765e-01
1.942807560823578417e+00
2.696466781480674757e-01
-2.626518458141965939e-01
-5.395011539287942748e-01
-1.529271641780467483e+00
-7.371888292353780958e-01
1.942807563754360700e+00
2.696466782048504984e-01
-2.626518460191564208e-01
-5.395011537358137543e-01
7.120398719834655221e-01
-9.139596482371824537e-01
1.814037530682247157e+00
3.793552409261922720e-01
-2.770748674339472695e-01
-5.829404067685940438e-01
7.120398719834655221e-01
-9.139596482371824537e-01
1.814037530682247157e+00
4.219315188979089748e-01
-2.793072473401312372e-01
-5.922687591761512937e-01
-9.141645343472890040e-02
-2.762173559793624111e+00
-8.739390130642589183e-01
3.796337554196430597e-01
-2.184195421419135863e-01
-5.580552845281336882e-01
-9.141645343472890040e-02
-2.762173559793624111e+00
-8.739390130642589183e-01
3.987101108841717423e-01
-2.476138321851485136e-01
-5.842950866552919509e-01
-9.970750090350247730e-01
2.405849378613646117e+00
1.420499463934261186e+00
3.884637797244199220e-01
-2.502500615921488536e-01
-5.281286687604720420e-01
-9.970750090350247730e-01
2.405849378613646117e+00
1.420499463934261186e+00
4.296817669679316443e-01
-2.505556910292832118e-01
-5.424717940423225970e-01
-2.221441471072811424e+00
nan
-2.221441467085554233e+00
2.610459999999999864e-02
2.799937000000000120e-01
1.333500000000000241e-01
1.425716565793302415e+00
-1.052825868106818108e+00
-1.425716571580629921e+00
8.860460000000003333e-02
2.799937001121810543e-01
1.333499998878189818e-01
-7.384054270152213238e-03
-3.105922800693783348e+00
-4.672785493333460605e-01
2.073546000000000833e-01
2.799937003253250012e-01
1.333499992483870855e-01
-1.032541590081056393e+00
-9.106670705817807576e-01
-1.240144382449166249e+00
2.063798668695071836e-01
8.407064700674291013e-02
7.303244729500962817e-02
-1.703407125551872126e+00
9.378432876108075966e-01
-1.491791083402292495e+00
2.054051337390142840e-01
-1.118524064201041612e-01
1.271489569329775637e-02
-1.894867566399847936e-01
-7.855873066193046483e-01
-2.885082600191460234e+00
1.768488677856263902e-01
-2.182260174775176031e-01
-1.632750032935632034e-01
6.287853375423712032e-01
9.827197924928773309e-01
-1.439072614610231504e+00
1.682221575150309456e-01
-2.712908580696335448e-01
-2.520092416846179129e-01
-1.529214732809013322e+00
-7.370853618079219460e-01
1.942799705828517798e+00
2.695100444540937112e-01
-2.628281975373165658e-01
-2.728229351611353160e-01
-1.529214733010523020e+00
-7.370853556792507089e-01
1.942799708759278099e+00
2.695100445108737919e-01
-2.628281977422787241e-01
-2.728229349681563498e-01
7.126927881388693820e-01
-9.129584470659211082e-01
1.812267541340819355e+00
3.792147246234872648e-01
-2.772599013098104859e-01
-3.162691094681979176e-01
7.126927881388693820e-01
-9.129584470659211082e-01
1.812267541340819355e+00
4.217730282548338150e-01
-2.795416731804576949e-01
-3.256672706586883903e-01
-1.183328809170531182e+00
2.686214320747155160e+00
9.994667822840314075e-01
3.794992544421160741e-01
-2.186043519577227645e-01
-2.913845834058612638e-01
-1.183328809170531182e+00
2.686214320747155160e+00
9.994667822840314075e-01
4.212159222308375361e-01
-2.207373481175606278e-01
-3.040301787100598840e-01
-9.966234426826495740e-01
2.406169565111849096e+00
1.420617964708745129e+00
3.883288107611301276e-01
-2.504352408101552241e-01
-2.614582224664911969e-01
-9.966234426826495740e-01
2.406169565111849096e+00
1.420617964708745129e+00
4.295421926234837540e-01
-2.507515060049707589e-01
-2.758143450768749672e-01
0.000000000000000000e+00
0.000000000000000000e+00
0.000000000000000000e+00
0.000000000000000000e+00
0.000000000000000000e+00
0.000000000000000000e+00
1.439628127058671381e-01
2.583983100226117844e-10
-7.751950595797758996e-10
0.000000000000000000e+00
-0.000000000000000000e+00
0.000000000000000000e+00
1.439628066707327181e-01
2.374205307868729187e-01
-7.723240483393130074e-01
0.000000000000000000e+00
0.000000000000000000e+00
0.000000000000000000e+00
1.484188194763058910e-01
1.145165631836690290e+00
-4.932736643050112946e-01
-1.656367741166622498e-01
9.414701844548378426e-03
-2.798086040057339713e-02
-1.520560437591152558e+00
1.094405051259818018e+00
-3.014994848603255173e-01
-3.312735482333244441e-01
1.882940363846353701e-02
-5.596172081671197535e-02
-1.495124169737775954e+00
1.251330181319085577e+00
-3.859540045106482631e-02
-5.560149135558285494e-01
-2.403385814879835380e-01
1.367353804049428190e-01
-1.383898050893243692e+00
7.013149873741288953e-01
2.789425679540276093e-01
-6.691545235662295088e-01
-3.727456727591250685e-01
2.267143911787712351e-01
-2.674873359325295574e+00
5.933542740459234466e-01
5.441396380682166356e-01
-6.861096257102082818e-01
-3.732868625117184980e-01
1.439568956320680659e-01
-2.674873359325294686e+00
5.933542740459232245e-01
5.441396380682168576e-01
-6.861096254841756448e-01
-3.732868619646222408e-01
1.439568961466172192e-01
-2.920857939049893215e+00
3.241494813578686962e+00
-1.212308109236065246e+00
-7.040363542800435193e-01
-4.297845850388214428e-01
1.174406072998760014e-01
-2.920857939049893215e+00
3.241494813578686962e+00
-1.212308109236065246e+00
-7.369804924915370758e-01
-5.086469442728912549e-01
-1.404971235497521481e-02
-2.971706526609202204e+00
1.402190229029468549e+00
-5.715656686290316868e-01
-7.211873481136918951e-01
-3.630684837385972363e-01
-3.962021747141661332e-02
-2.971706526609202204e+00
1.402190229029468549e+00
-5.715656686290316868e-01
-7.746669961767713719e-01
-4.519488648428960920e-01
2.038796555193167492e-02
-2.496722637514977805e+00
-2.359585520927606761e-01
1.073764558856819207e+00
-6.861100154070455259e-01
-2.782138102575805183e-01
4.028305835833434490e-02
-2.496722637514977805e+00
-2.359585520927606761e-01
1.073764558856819207e+00
-6.823974582753168372e-01
-2.697662019519949106e-01
5.077186688287554928e-02
0.000000000000000000e+00
0.000000000000000000e+00
0.000000000000000000e+00
0.000000000000000000e+00
0.000000000000000000e+00
0.000000000000000000e+00
1.452271559746350360e-01
2.606676749912275672e-10
-7.820031556230526836e-10
0.000000000000000000e+00
-0.000000000000000000e+00
0.000000000000000000e+00
1.452271499350839545e-01
2.379123397612660229e-01
-7.727852094268522487e-01
0.000000000000000000e+00
0.000000000000000000e+00
0.000000000000000000e+00
1.497516201400966585e-01
1.147338715016022359e+00
-4.928060474143132197e-01
-1.657567277042484855e-01
9.513005507633676139e-03
-2.822144560031870572e-02
-1.524527286984241226e+00
1.096128322117326581e+00
-2.994084254261262235e-01
-3.315134554084970264e-01
1.902601096419595517e-02
-5.644289121636041767e-02
-1.499219587450270286e+00
1.251801689994400224e+00
-3.909373151192310769e-02
-5.562701234881539669e-01
-2.407254056497201700e-01
1.370279133411381745e-01
-1.387740612933374029e+00
7.010014620735460777e-01
2.794578232331976775e-01
-6.694222956972732952e-01
-3.734202636279213561e-01
2.273826922575880038e-01
-2.674891553003112321e+00
5.934592713831483568e-01
5.439550480004531341e-01
-6.863776819465854384e-01
-3.739985789665503102e-01
1.446357577088004942e-01
-2.674891553003111877e+00
5.934592713831478017e-01
5.439550480004535782e-01
-6.863776817205702319e-01
-3.739985784194669316e-01
1.446357582233555317e-01
-2.922136817657102537e+00
3.256105370358104878e+00
-1.222123409079145073e+00
-7.043110187769449082e-01
-4.305379690633960865e-01
1.181337406646382066e-01
-2.922136817657102537e+00
3.256105370358104878e+00
-1.222123409079145073e+00
-7.377010287180884029e-01
-5.100121810149709223e-01
-1.377293075000736618e-02
-2.464312085533880481e+00
1.966782870525951576e-02
1.335421830746263749e+00
-7.214490482345835565e-01
-3.638197890676161950e-01
-3.893234969286843428e-02
-2.464312085533880481e+00
1.966782870525951576e-02
1.335421830746263749e+00
-7.188493100001570602e-01
-3.392731335334751019e-01
-3.449645775400547731e-02
-2.496769125999847017e+00
-2.358617377990600006e-01
1.073576672112868113e+00
-6.863743992027340202e-01
-2.789671372474411548e-01
4.097184396336539525e-02
-2.496769125999847017e+00
-2.358617377990600006e-01
1.073576672112868113e+00
-6.826488042404373902e-01
-2.705653356038132396e-01
5.148214500404008076e-02
