-2.221441471072811424e+00
nan
-2.221441467085554233e+00
2.610459999999999864e-02
2.799937000000000120e-01
-1.333499999999999686e-01
1.435466379598867359e+00
-1.044910763983636137e+00
-1.435466385452901283e+00
8.860460000000003333e-02
2.799937001121810543e-01
-1.333500001121810108e-01
-1.611166983803937525e+00
-2.466096715576418852e+00
-3.883070372936849868e-01
2.073546000000001110e-01
2.799937003253250012e-01
-1.333500007516129071e-01
-1.224599124533480854e+00
8.844975317445379348e-01
-8.936524031345302044e-01
1.962174258033103080e-02
2.016291841582578126e-01
-1.586556691076885794e-01
-2.847983379246105784e+00
9.508251871036750291e-01
-6.490387523442679718e-02
-1.681111148393380494e-01
1.232646678781193633e-01
-1.839613371136144260e-01
6.423752194294112261e-01
1.699801157001714857e+00
2.017814839183808218e+00
-2.923397876297520459e-01
-4.202996074576294261e-02
-2.026207209411985954e-01
1.125231982430947159e-01
1.731619098394188427e-01
-2.280275244249523769e+00
-3.540321388615159659e-01
-1.240883886692728671e-01
-2.176050696497279224e-01
-8.825978512178502683e-03
-1.590261672440155927e+00
-1.124278235919305091e+00
-2.756297066964704667e-01
-1.914225572466342340e-01
-2.267281652099499001e-01
-8.825978987106290752e-03
-1.590261673865753567e+00
-1.124278230281133384e+00
-2.756297065908184796e-01
-1.914225570939328269e-01
-2.267281654290258797e-01
9.286661188939397960e-01
2.550688432637472136e+00
1.291886293084840709e+00
-1.709999693537298249e-01
-2.472972503232829522e-01
-2.188797434612784476e-01
9.286661188939397960e-01
2.550688432637472136e+00
1.291886293084840709e+00
-1.680211403603635578e-01
-2.775068153444144592e-01
-2.502365590469259882e-01
4.839069565135409867e-01
-1.983279271610782768e-01
-3.245554644226230634e-01
-2.119117438547491461e-01
-2.925502417382046527e-01
-2.372696194678959036e-01
4.839069565135409867e-01
-1.983279271610782768e-01
-3.245554644226230634e-01
-2.440856379218964978e-01
-3.140399070696326955e-01
-2.574630824970348120e-01
5.724460590433945173e-01
-6.871902014035168316e-01
4.455713291996785119e-01
-1.954824071006457109e-01
-2.688465091989621913e-01
-2.712543746756110874e-01
5.724460590433945173e-01
-6.871902014035168316e-01
4.455713291996785119e-01
-1.924540453969716958e-01
-3.009518676336576659e-01
-3.006621306216442635e-01
-2.221441471072811424e+00
nan
-2.221441467085554233e+00
2.610459999999999864e-02
2.799937000000000120e-01
1.333500000000000241e-01
1.433789046168999493e+00
-1.046278210070505477e+00
-1.433789052011547271e+00
8.860460000000003333e-02
2.799937001121810543e-01
1.333499998878189818e-01
-1.611541220124185880e+00
-2.467886737010347442e+00
-3.856076199260793924e-01
2.073546000000000833e-01
2.799937003253250012e-01
1.333499992483870855e-01
-1.223079611181726367e+00
8.869169623855238660e-01
-8.892776280487261209e-01
1.965896215626800059e-02
2.014889741378559362e-01
1.082033195338583109e-01
-2.844521346601408762e+00
9.523641254058435868e-01
-5.916384274306303592e-02
-1.680366756874640266e-01
1.229842478381415888e-01
8.305664016974499686e-02
6.434197325602066808e-01
1.696812446302493615e+00
2.017748466324942758e+00
-2.925436302654619292e-01
-4.206413656619574504e-02
6.407509473133406186e-02
1.144818731689651037e-01
1.740622761698389365e-01
-2.280000723403103891e+00
-3.543898592260378289e-01
-1.239772671975684498e-01
4.893093765595690758e-02
-8.677145453148465623e-03
-1.590225331355952232e+00
-1.124048112401310417e+00
-2.759712263587519310e-01
-1.912926945669609080e-01
3.980878016433867655e-02
-8.677145927848153167e-03
-1.590225332781616485e+00
-1.124048106763210431e+00
-2.759712262531432980e-01
-1.912926944142437358e-01
3.980877994525282293e-02
9.520995019867012354e-01
2.548509516297614130e+00
1.296395389159856748e+00
-1.713276248922870892e-01
-2.471414610216964292e-01
4.765689741484379488e-02
9.520995019867012354e-01
2.548509516297614130e+00
1.296395389159856748e+00
-1.690266561231817122e-01
-2.771774113826278585e-01
1.607702481774067604e-02
3.652118428685089402e-01
-3.783353921441348633e-01
4.851715750424792639e-01
-2.122288439603352561e-01
-2.924052898006450629e-01
2.927021344579840492e-02
3.652118428685089402e-01
-3.783353921441348633e-01
4.851715750424792639e-01
-2.139440991140615089e-01
-3.314014880872670488e-01
9.748544880891482634e-03
5.723996729810371109e-01
-6.871833866307587302e-01
4.460879504104023341e-01
-1.958062292008631022e-01
-2.686991002151569163e-01
-4.716076860718766695e-03
5.723996729810371109e-01
-6.871833866307587302e-01
4.460879504104023341e-01
-1.927591209441694986e-01
-3.008085912516209603e-01
-3.411738365584648935e-02
0.000000000000000000e+00
0.000000000000000000e+00
0.000000000000000000e+00
0.000000000000000000e+00
0.000000000000000000e+00
0.000000000000000000e+00
-7.719122669149294236e-01
-1.385502419045276459e-09
4.156507951564159577e-09
0.000000000000000000e+00
-0.000000000000000000e+00
0.000000000000000000e+00
-7.719122706181451576e-01
1.523288370107932221e-01
-4.717194089028091675e-01
0.000000000000000000e+00
0.000000000000000000e+00
0.000000000000000000e+00
6.240474914202144285e-01
7.350382944933909757e-01
-2.835493955481152017e-01
-4.082084627574546210e-02
6.902347661339350293e-02
8.908765944986436758e-02
6.916408257789563585e-01
8.288198629639331738e-01
-1.075412971397060158e+00
-8.164169255149089643e-02
1.380469534970719669e-01
1.781753189870098619e-01
-5.614682284573322413e-01
-8.379695680474495978e-01
-1.379778466690812166e+00
-2.748669482228435212e-01
2.845496712743611489e-01
1.668139971071041783e-01
-5.937192593033454591e-01
-1.053235290758052889e+00
-6.814261625204021122e-02
-3.755329718674439987e-01
3.612582133395106920e-01
1.611908843497982247e-01
-2.781852988903604551e+00
8.259942359869484330e-01
1.864738817519652203e-01
-3.705125320724772520e-01
3.504991089526924841e-01
2.837446854808459706e-01
-2.781852988903604107e+00
8.259942359869487660e-01
1.864738817519648317e-01
-3.705125322819074474e-01
3.504991083629567239e-01
2.837446849687852435e-01
-4.217435387745503306e+00
-1.767098142757982160e+00
2.548315700388588567e+00
-3.536106100367777394e-01
3.918429777213995879e-01
3.527563074622606099e-01
-4.217435387745503306e+00
-1.767098142757982160e+00
2.548315700388588567e+00
-2.212165306073161086e-01
2.671886307160477037e-01
4.854270792125504053e-01
-4.589073631752777160e+00
-2.088683196142874010e+00
6.167655411152945355e+00
-3.603620406487295647e-01
3.330560687862580416e-01
5.124363668085292201e-01
-4.589073631752777160e+00
-2.088683196142874010e+00
6.167655411152945355e+00
-1.856434430825866233e-01
4.194928822435897708e-02
5.438529514436458712e-01
-2.320711228273308002e+00
1.448598120991586136e+00
-4.457544622661786526e-01
-3.928533795803325623e-01
2.415791181336661708e-01
4.329255301360882546e-01
-2.320711228273308002e+00
1.448598120991586136e+00
-4.457544622661786526e-01
-4.497645063712558677e-01
1.719823029686171623e-01
5.030459168696000960e-01
0.000000000000000000e+00
0.000000000000000000e+00
0.000000000000000000e+00
0.000000000000000000e+00
0.000000000000000000e+00
0.000000000000000000e+00
-7.704602815630381407e-01
-1.382896256008764766e-09
4.148689461148387815e-09
0.000000000000000000e+00
-0.000000000000000000e+00
0.000000000000000000e+00
-7.704602852232227406e-01
1.494617864482356007e-01
-4.666006037793928307e-01
0.000000000000000000e+00
0.000000000000000000e+00
0.000000000000000000e+00
6.286282744854191362e-01
7.346382226765129086e-01
-2.791565490471042410e-01
-4.038882031198410411e-02
6.820437991937074174e-02
8.853809907043362626e-02
6.942576183430441139e-01
8.316378530736523444e-01
-1.071836584795049507e+00
-8.077764062396822209e-02
1.364087601087226320e-01
1.770761982273477975e-01
-5.625144435536099108e-01
-8.329120444734344764e-01
-1.379579737986184940e+00
-2.734683089862736116e-01
2.830379516153777031e-01
1.660347963574102248e-01
-5.962413894016369564e-01
-1.049954590788298114e+00
-6.788447408296489904e-02
-3.738602534488519313e-01
3.598409488698984804e-01
1.605996464477256747e-01
-2.782153362260173068e+00
8.264565801277015122e-01
1.863947979454692039e-01
-3.688520746972748232e-01
3.490785333622546394e-01
2.830718939729661709e-01
-2.782153362260173068e+00
8.264565801277017343e-01
1.863947979454687043e-01
-3.688520749068053273e-01
3.490785327724091891e-01
2.830718934608026371e-01
-4.189951524776360792e+00
-1.717924521561683182e+00
2.503807720985382179e+00
-3.519560270151468329e-01
3.904182221097873828e-01
3.519683343428711142e-01
-4.189951524776360792e+00
-1.717924521561683182e+00
2.503807720985382179e+00
-2.224999450719557514e-01
2.638612701391440662e-01
4.817704010275566384e-01
-2.520160364921949281e+00
1.249226902481451296e+00
-6.811447826401327843e-01
-3.587148807486026381e-01
3.316398730205802892e-01
5.117023294030247360e-01
-2.520160364921949281e+00
1.249226902481451296e+00
-6.811447826401327843e-01
-4.096639313069435073e-01
2.836104747450163832e-01
6.121217455902615567e-01
-2.321181039154943004e+00
1.449144164305794735e+00
-4.458746777066602274e-01
-3.912217844243980336e-01
2.401458911333815005e-01
4.321754963105138847e-01
-2.321181039154943004e+00
1.449144164305794735e+00
-4.458746777066602274e-01
-4.481453255567298677e-01
1.705415068622631036e-01
5.022917389330743276e-01
