-2.221441471072811424e+00
nan
-2.221441467085554233e+00
2.610459999999999864e-02
2.799937000000000120e-01
-1.333499999999999686e-01
1.435184895564576069e+00
-1.045140411280013781e+00
-1.435184901416682202e+00
8.860460000000003333e-02
2.799937001121810543e-01
-1.333500001121810108e-01
-2.747813705233159154e-01
3.064038309416322381e+00
4.818364891678312278e-01
2.073546000000000833e-01
2.799937003253250012e-01
-1.333500007516129071e-01
-7.913266278706615475e-01
-1.133579595052470745e+00
-1.319318434322007461e+00
2.438298388513507053e-01
8.800121689904491507e-02
-1.952648072081183961e-01
-1.293357358049536110e+00
8.801529160921153228e-01
-1.357610274925868943e+00
2.803050777027013551e-01
-1.039912666401678620e-01
-2.571796133144293450e-01
2.763365723627753678e-01
-3.393580448240473557e-01
-3.060362539431984441e+00
3.069537259678173924e-01
-1.496343078578939167e-01
-4.579526501845208597e-01
1.010343518684716724e+00
1.074648914151068446e+00
-1.306837382913685897e+00
3.258733362287113966e-01
-1.717039669994276097e-01
-5.575470325208373712e-01
-1.284057859251694911e+00
-1.133246127658410485e+00
1.350887303783425475e+00
4.295465945318851508e-01
-1.692288387464512822e-01
-5.606762101979193558e-01
-1.284057859274650992e+00
-1.133246122953639468e+00
1.350887307885979327e+00
4.295465945399451480e-01
-1.692288390303631762e-01
-5.606762101554527700e-01
5.250898962873675746e-01
-1.891394338067953873e+00
1.791421481500588664e+00
5.433569204181907253e-01
-1.739116302230886424e-01
-5.946797713703152466e-01
5.250898962873675746e-01
-1.891394338067953873e+00
1.791421481500588664e+00
5.841856477276884396e-01
-1.776240849411627465e-01
-5.797140160982640067e-01
-2.184589794031134014e-01
2.500653216310392946e+00
1.785312435852372204e+00
5.442626573088000796e-01
-1.404070920527553390e-01
-5.404910305929391257e-01
-2.184589794031134014e-01
2.500653216310392946e+00
1.785312435852372204e+00
5.739943550476969136e-01
-1.499411328119209241e-01
-5.709847896425455094e-01
-5.541083217549692685e-01
1.872335527886006989e+00
1.953942595372436086e+00
5.455328216243964246e-01
-1.844763020279741039e-01
-5.339301584122404520e-01
-5.541083217549692685e-01
1.872335527886006989e+00
1.953942595372436086e+00
5.853696234456581271e-01
-1.829255626342846663e-01
-5.516886930532626243e-01
-2.221441471072811424e+00
nan
-2.221441467085554233e+00
2.610459999999999864e-02
2.799937000000000120e-01
1.333500000000000241e-01
1.435305814706438809e+00
-1.045041768300345675e+00
-1.435305820559373169e+00
8.860460000000003333e-02
2.799937001121810543e-01
1.333499998878189818e-01
-2.747696400935233374e-01
3.063984171724210448e+00
4.820948744414705889e-01
2.073546000000000833e-01
2.799937003253250012e-01
1.333499992483870855e-01
-7.913369875423524880e-01
-1.133305522270009247e+00
-1.319172219785389899e+00
2.438289407394045316e-01
8.801159128110416785e-02
7.140250313628621059e-02
-1.293672113922817113e+00
8.801772283742422820e-01
-1.357572180510469240e+00
2.803032814788089522e-01
-1.039705178761088922e-01
9.455007374360648031e-03
2.760144544228835817e-01
-3.396038802746000340e-01
-3.060373930584815660e+00
3.069093790128526456e-01
-1.496480074443757302e-01
-1.913158384194195705e-01
1.010209414076778556e+00
1.074561645225463602e+00
-1.306939858586079195e+00
3.258078632788272699e-01
-1.717345719305959362e-01
-2.909104841672947583e-01
-1.284023154193598248e+00
-1.133201969097388018e+00
1.350898564274714664e+00
4.294810077091328337e-01
-1.692610520514393480e-01
-2.940447023059111764e-01
-1.284023154216437090e+00
-1.133201964392675398e+00
1.350898568377266740e+00
4.294810077171904994e-01
-1.692610523353514640e-01
-2.940447022634457008e-01
5.250032241472838423e-01
-1.891438739968736460e+00
1.791462698956189703e+00
5.432896052344274862e-01
-1.739455336546948672e-01
-3.280538150288253019e-01
5.250032241472838423e-01
-1.891438739968736460e+00
1.791462698956189703e+00
5.841170665039138177e-01
-1.776586570247512264e-01
-3.130847721156215235e-01
-6.753750661764497121e-01
2.243122096104008811e+00
1.613170746149337864e+00
5.441985021931280420e-01
-1.404411434669838588e-01
-2.738650356660450313e-01
-6.753750661764497121e-01
2.243122096104008811e+00
1.613170746149337864e+00
5.841998418650996561e-01
-1.449080117354439035e-01
-2.907375291667038675e-01
-5.537964304988115538e-01
1.872551851859408201e+00
1.954157273957343843e+00
5.454682988999943749e-01
-1.845103894435391467e-01
-2.673043341501170067e-01
-5.537964304988115538e-01
1.872551851859408201e+00
1.954157273957343843e+00
5.852988616058528715e-01
-1.829599126048108981e-01
-2.850768809770982681e-01
0.000000000000000000e+00
0.000000000000000000e+00
0.000000000000000000e+00
0.000000000000000000e+00
0.000000000000000000e+00
0.000000000000000000e+00
-2.319106827340157162e-01
-4.162556105172396605e-10
1.248767040183392423e-09
0.000000000000000000e+00
-0.000000000000000000e+00
0.000000000000000000e+00
-2.319106887828187302e-01
2.485084550479494392e-01
-7.706033240018798081e-01
-0.000000000000000000e+00
0.000000000000000000e+00
0.000000000000000000e+00
-4.129211678977077193e-01
1.201282241493037972e+00
-4.633475233398969273e-01
-1.633363988087661312e-01
-4.246664571379633185e-02
3.546070381805849214e-02
-1.235159184821535749e+00
1.087297311172183090e+00
-5.942867771414441780e-01
-3.266727976175322623e-01
-8.493329134637880862e-02
7.092140766230724258e-02
-1.411985992263419254e+00
1.293565163073671753e+00
3.365440605359157344e-01
-5.720978366264726223e-01
-3.487568911936367311e-01
9.832282564053559937e-02
-1.390430693425502184e+00
5.923289620479191830e-01
4.960295811926402343e-01
-6.935022473524360409e-01
-4.830154814996848178e-01
1.050111264699858798e-01
-2.672298701737763071e+00
5.617252408660329266e-01
5.347202982502159418e-01
-6.965834867486875304e-01
-4.359413832900819186e-01
4.016095869403830954e-02
-2.672298701737763071e+00
5.617252408660322605e-01
5.347202982502161639e-01
-6.965834865730197167e-01
-4.359413831722888100e-01
4.016095944820814029e-02
-2.575570044038369755e+00
1.764090429747499522e+00
5.690933265897522020e-01
-7.131801616835236057e-01
-4.659523642636565488e-01
-1.125535644396147283e-02
-2.575570044038369755e+00
1.764090429747499522e+00
5.690933265897522020e-01
-6.846664828288322457e-01
-4.041716570535643371e-01
-7.371923638769617426e-02
-2.702527776072120691e+00
1.442493593880957103e+00
2.298696216596161079e-01
-7.006565348613013056e-01
-3.206595467351873729e-01
-1.012982655719053132e-01
-2.702527776072120691e+00
1.442493593880957103e+00
2.298696216596161079e-01
-7.424520006015111750e-01
-3.962353634530609847e-01
-1.184200391256200052e-01
-2.649538441464829752e+00
-4.373605818094443709e-01
4.985334293448371312e-01
-6.734064262537068357e-01
-3.024477538827763934e-01
1.575434367536271418e-02
-2.649538441464829752e+00
-4.373605818094443709e-01
4.985334293448371312e-01
-6.664126386389822576e-01
-3.296396966521651373e-01
2.906864686106319651e-02
0.000000000000000000e+00
0.000000000000000000e+00
0.000000000000000000e+00
0.000000000000000000e+00
0.000000000000000000e+00
0.000000000000000000e+00
-2.310133476805437680e-01
-4.146449872112408795e-10
1.243935169458135010e-09
0.000000000000000000e+00
-0.000000000000000000e+00
0.000000000000000000e+00
-2.310133537300991247e-01
2.486700789565252090e-01
-7.706559495330476128e-01
-0.000000000000000000e+00
0.000000000000000000e+00
0.000000000000000000e+00
-4.122504134009143950e-01
1.202608444056716630e+00
-4.628455338198286806e-01
-1.633566432881861652e-01
-4.241986652815629005e-02
3.528035367492821095e-02
-1.237091087791992949e+00
1.088216630183280964e+00
-5.939943127329685435e-01
-3.267132865763723304e-01
-8.483973297541738678e-02
7.056070737595915299e-02
-1.413591253727601860e+00
1.294491495505891043e+00
3.361581404162454767e-01
-5.723276288485967811e-01
-3.490154276146038570e-01
9.811472483274917555e-02
-1.392011840295769520e+00
5.924821405083281478e-01
4.959337298461158894e-01
-6.938274723212719541e-01
-4.834486684343633489e-01
1.048721720551047676e-01
-2.672288328424761605e+00
5.619362442777193767e-01
5.346386978538535395e-01
-6.969111425323779585e-01
-4.363965279911908857e-01
4.000451657081538492e-02
-2.672288328424761161e+00
5.619362442777188216e-01
5.346386978538535395e-01
-6.969111423567247998e-01
-4.363965278734030506e-01
4.000451732498251645e-02
-2.575316633266478750e+00
1.767066499226860099e+00
5.690890757632863783e-01
-7.135175904626250842e-01
-4.664322025952195028e-01
-1.143037377596278770e-02
-2.575316633266478750e+00
1.767066499226860099e+00
5.690890757632863783e-01
-6.849531982583531020e-01
-4.046477151971527020e-01
-7.401274445747757502e-02
-2.639870727867439815e+00
-3.825646727441503470e-01
8.615440617115847077e-01
-7.009796948478556056e-01
-3.211382284859942704e-01
-1.014745067689796776e-01
-2.639870727867439815e+00
-3.825646727441503470e-01
8.615440617115847077e-01
-6.906764710622586012e-01
-3.312165135296220586e-01
-7.437945256089678603e-02
-2.649545403973935009e+00
-4.371498436796371068e-01
4.984482538459178436e-01
-6.737318745938613018e-01
-3.029272599408031064e-01
1.557768010419602334e-02
-2.649545403973935009e+00
-4.371498436796371068e-01
4.984482538459178436e-01
-6.667354409995499553e-01
-3.301629552727072814e-01
2.888154558271360806e-02
