-2.221441471072811424e+00
nan
-2.221441467085554233e+00
2.610459999999999864e-02
2.799937000000000120e-01
-1.333499999999999686e-01
1.444991658734980478e+00
-1.037099653541638578e+00
-1.444991664654325270e+00
8.860460000000003333e-02
2.799937001121810543e-01
-1.333500001121810108e-01
-3.361253114045343882e-01
3.046920144024530597e+00
5.007125875237821155e-01
2.073546000000000833e-01
2.799937003253250012e-01
-1.333500007516129071e-01
-7.229491044253878451e-01
-1.169368670640155150e+00
-1.343145691721171486e+00
2.520405157699074916e-01
9.044520796424812548e-02
-1.973776352186737415e-01
-1.213298743649226852e+00
8.538760965432461436e-01
-1.328151263067940180e+00
2.967264315398148722e-01
-9.910328451458333410e-02
-2.614052693371318736e-01
3.782484971798983353e-01
-2.389355171328572669e-01
-3.092001564654207169e+00
3.356901344883833072e-01
-1.317954171444258860e-01
-4.626918916364008427e-01
1.095659817180671514e+00
1.094658757230489776e+00
-1.279490319810487220e+00
3.606894334909641620e-01
-1.472816034303330024e-01
-5.621869949515778675e-01
-1.221141565186579792e+00
-1.200384409471455527e+00
1.219969989274324318e+00
4.644393256079093479e-01
-1.474252579977766708e-01
-5.622288170449040168e-01
-1.221141565182213284e+00
-1.200384405089457207e+00
1.219969993586895507e+00
4.644393256075135534e-01
-1.474252582849241988e-01
-5.622288170403786367e-01
4.715213056432867589e-01
-2.067219689852136444e+00
1.701783778311485973e+00
5.790620477758288143e-01
-1.508725382809902038e-01
-5.935450877077800280e-01
4.715213056432867589e-01
-2.067219689852136444e+00
1.701783778311485973e+00
6.184279087311930212e-01
-1.579608312851253082e-01
-5.760858145802851826e-01
-2.508311656551676649e-01
2.317794529749563459e+00
1.893932831428940533e+00
5.791915019611209026e-01
-1.248684354625990145e-01
-5.353766775302235548e-01
-2.508311656551676649e-01
2.317794529749563459e+00
1.893932831428940533e+00
6.109638533271888328e-01
-1.308661057656990423e-01
-5.646902710359068545e-01
-4.733400947204781106e-01
1.737611900581940594e+00
2.058261099156662333e+00
5.791500631374640884e-01
-1.694363590270612507e-01
-5.347042929853779158e-01
-4.733400947204781106e-01
1.737611900581940594e+00
2.058261099156662333e+00
6.186655277711343714e-01
-1.663770512720817440e-01
-5.529774923619370508e-01
-2.221441471072811424e+00
nan
-2.221441467085554233e+00
2.610459999999999864e-02
2.799937000000000120e-01
1.333500000000000241e-01
1.445081885941599475e+00
-1.037025291208810041e+00
-1.445081891861563550e+00
8.860460000000003333e-02
2.799937001121810543e-01
1.333499998878189818e-01
-3.361198978994816011e-01
3.046875299967488626e+00
5.009040573089472703e-01
2.073546000000000555e-01
2.799937003253250012e-01
1.333499992483870855e-01
-7.229643313613923761e-01
-1.169166791756687696e+00
-1.343031872383785741e+00
2.520404552457572445e-01
9.045333374569813900e-02
6.929827188826089002e-02
-1.213512092719074786e+00
8.539197584416067244e-01
-1.328104258471322296e+00
2.967263104915144334e-01
-9.908703295172763270e-02
5.246544876722436523e-03
3.779970092460877562e-01
-2.390757668624077792e-01
-3.092025029346777476e+00
3.356569838673512107e-01
-1.317986597004801030e-01
-1.960433012307110368e-01
1.095578299549441192e+00
1.094617831275682018e+00
-1.279559968637302925e+00
3.606399395493070648e-01
-1.472943382110362964e-01
-2.955410317218681304e-01
-1.221114429824323055e+00
-1.200351877728718764e+00
1.219980276258569418e+00
4.643898288382320994e-01
-1.474388156176464626e-01
-2.955868445451647619e-01
-1.221114429819871505e+00
-1.200351873346765963e+00
1.219980280571139497e+00
4.643898288378341954e-01
-1.474388159047939906e-01
-2.955868445406401590e-01
4.713429759730887736e-01
-2.067314367466234426e+00
1.701873028907823659e+00
5.790113191306656137e-01
-1.508869078669883013e-01
-3.269075343483472951e-01
4.713429759730887736e-01
-2.067314367466234426e+00
1.701873028907823659e+00
6.183739798627188033e-01
-1.579765243707196565e-01
-3.094415845449927649e-01
-5.788543955424136911e-01
2.126274510109495530e+00
1.737070693448853120e+00
5.791432167807348819e-01
-1.248829867109842590e-01
-2.687390484484871167e-01
-5.788543955424136911e-01
2.126274510109495530e+00
1.737070693448853120e+00
6.186406967438888849e-01
-1.286292154592365289e-01
-2.869229966263724396e-01
-4.729656685217331624e-01
1.737875916522396702e+00
2.058572804678506341e+00
5.791014502886239201e-01
-1.694509120331312846e-01
-2.680668006967875661e-01
-4.729656685217331624e-01
1.737875916522396702e+00
2.058572804678506341e+00
6.186083635526784530e-01
-1.663890283305734519e-01
-2.863580498927415507e-01
0.000000000000000000e+00
0.000000000000000000e+00
0.000000000000000000e+00
0.000000000000000000e+00
0.000000000000000000e+00
0.000000000000000000e+00
-3.053094048062593990e-01
-5.479987001721849537e-10
1.643996375179245274e-09
0.000000000000000000e+00
-0.000000000000000000e+00
0.000000000000000000e+00
-3.053094109523442623e-01
2.632784694161012240e-01
-7.794140395407181954e-01
-0.000000000000000000e+00
0.000000000000000000e+00
0.000000000000000000e+00
-5.313783274602583706e-01
1.222216460998112764e+00
-4.554941282591288831e-01
-1.645938537228211762e-01
-5.437706948461010215e-02
4.610609904130733017e-02
-1.165472689739909917e+00
1.121238065412164531e+00
-5.991006346597402832e-01
-3.291877074456422969e-01
-1.087541388627885353e-01
9.221219811856629089e-02
-1.421147472836180814e+00
1.279619599199531166e+00
4.184634561022741450e-01
-5.744638078327424235e-01
-3.666913791277595647e-01
8.662639895265578094e-02
-1.422105104939473064e+00
5.552466699182825316e-01
5.309698383820544709e-01
-6.952992890241810331e-01
-4.976273007029435869e-01
7.664496048679129980e-02
-2.672313746592386963e+00
5.569777407466257602e-01
5.314738033085751878e-01
-6.952462343597708427e-01
-4.425987126658721960e-01
1.924247027818589556e-02
-2.672313746592386963e+00
5.569777407466252050e-01
5.314738033085751878e-01
-6.952462342046389354e-01
-4.425987126539890903e-01
1.924247104575453615e-02
-2.576523204255436461e+00
1.456892752604655783e+00
6.808491005130756779e-01
-7.108565608789991774e-01
-4.653666391541170788e-01
-3.538762006394158277e-02
-2.576523204255436461e+00
1.456892752604655783e+00
6.808491005130756779e-01
-6.805942144777682445e-01
-3.935802057893107442e-01
-7.447630618613881870e-02
-2.671171209136278257e+00
1.434020692109252648e+00
3.532659230153017971e-01
-6.922785506219983898e-01
-3.098535955109971707e-01
-1.049508445929845657e-01
-2.671171209136278257e+00
1.434020692109252648e+00
3.532659230153017971e-01
-7.321960777336614656e-01
-3.769311334880018904e-01
-1.344922496533591805e-01
-2.673617506675998623e+00
-3.400765177936533878e-01
3.784691937900588332e-01
-6.682173635549268909e-01
-3.080787966980235160e-01
1.417171070778633357e-02
-2.673617506675998623e+00
-3.400765177936533878e-01
3.784691937900588332e-01
-6.631609312815802681e-01
-3.419789564120282455e-01
1.943057354738031428e-02
0.000000000000000000e+00
0.000000000000000000e+00
0.000000000000000000e+00
0.000000000000000000e+00
0.000000000000000000e+00
0.000000000000000000e+00
-3.044955127544203277e-01
-5.465378483953741402e-10
1.639613819116618612e-09
0.000000000000000000e+00
-0.000000000000000000e+00
0.000000000000000000e+00
-3.044955189010368768e-01
2.634004033458646754e-01
-7.794482887234982504e-01
-0.000000000000000000e+00
0.000000000000000000e+00
0.000000000000000000e+00
-5.308319077912029282e-01
1.223433100745932034e+00
-4.550226619957474794e-01
-1.646081651961711079e-01
-5.433377736048071449e-02
4.594391997876891981e-02
-1.166889847405146341e+00
1.122114896118257876e+00
-5.989517023543943219e-01
-3.292163303923422712e-01
-1.086675546148180016e-01
9.188783999340702224e-02
-1.422285069040417183e+00
1.280523784881197891e+00
4.181915554127009216e-01
-5.746793496747918395e-01
-3.668682255155866212e-01
8.637401662769209065e-02
-1.423245015724632356e+00
5.554512515145754170e-01
5.308726050177027256e-01
-6.956083982119127818e-01
-4.979347009011227398e-01
7.642201984052932051e-02
-2.672301140735877656e+00
5.571906328356559523e-01
5.314241502021487262e-01
-6.955571459047351635e-01
-4.429219297764262486e-01
1.899964073933999020e-02
-2.672301140735877212e+00
5.571906328356553972e-01
5.314241502021487262e-01
-6.955571457496171339e-01
-4.429219297645467512e-01
1.899964150690629239e-02
-2.576396372032577986e+00
1.458056369173693634e+00
6.809565688990465437e-01
-7.111763413835945347e-01
-4.657076167925451315e-01
-3.565203912198827707e-02
-2.576396372032577986e+00
1.458056369173693634e+00
6.809565688990465437e-01
-6.808822810999545228e-01
-3.939041446902432630e-01
-7.477935507066585386e-02
-2.673478502431693826e+00
-3.465034169440719958e-01
7.150444386156483700e-01
-6.925845176162127581e-01
-3.101938119708683717e-01
-1.052158394258952967e-01
-2.673478502431693826e+00
-3.465034169440719958e-01
7.150444386156483700e-01
-6.836049974068219015e-01
-3.305657531267904847e-01
-8.151436563433833715e-02
-2.673635483055230466e+00
-3.518409069767542419e-01
3.763737994713052259e-01
-6.685254756254260800e-01
-3.084195592597215874e-01
1.390635015088020898e-02
-2.673635483055230466e+00
-3.518409069767542419e-01
3.763737994713052259e-01
-6.632422787212547410e-01
-3.424543250888542056e-01
1.962013743340995653e-02
