-2.221441471072811424e+00
nan
-2.221441467085554233e+00
2.610459999999999864e-02
2.799937000000000120e-01
-1.333499999999999686e-01
1.615945201873663084e+00
-8.827948853516671690e-01
-1.615945208990500648e+00
8.860460000000003333e-02
2.799937001121810543e-01
-1.333500001121810108e-01
-8.083765714600217311e-01
2.755127977303393649e+00
8.083765735531551755e-01
2.073546000000000833e-01
2.799937003253250012e-01
-1.333500007516129071e-01
-8.918596701205365462e-03
-1.250751079921939235e+00
-1.615114658758297850e+00
3.181165724616379364e-01
1.348386498854645954e-01
-2.265529877649538060e-01
-6.056662495773267318e-01
6.010449095599100788e-01
-1.249145002817740657e+00
4.288785449232758173e-01
-1.031640075320211514e-02
-3.197559744686722660e-01
-9.485015842603150560e-01
-5.115769591184327059e-01
2.559665252364916377e+00
5.606304156028092400e-01
3.150026248206033719e-02
-4.746625955289491272e-01
1.793078978021306780e+00
1.299191383635992070e+00
-1.033934364958585927e+00
6.306098196039988668e-01
5.294595326187930689e-02
-5.481950908124268995e-01
-6.442215546087135536e-01
-1.517708019089219595e+00
1.989263053401230386e-01
7.302953142650883134e-01
2.523969587909046658e-02
-5.404991206973228657e-01
-6.442215545186738002e-01
-1.517708017363734285e+00
1.989263107605778180e-01
7.302953142437855760e-01
2.523969573387768728e-02
-5.404991209441705191e-01
3.793947019193030790e-01
-2.914394269412965421e+00
4.582327672817957387e-01
8.486002429733037200e-01
1.890418475357144579e-02
-5.502339103143661925e-01
3.793947019193030790e-01
-2.914394269412965421e+00
4.582327672817957387e-01
8.819326518093526524e-01
-8.807642364331035034e-03
-5.451598307343857863e-01
-2.198532768370190793e-01
8.655919708899780796e-01
2.153116959763792249e+00
8.348869283852853318e-01
-1.648066877956390341e-02
-4.990513819691524411e-01
-2.198532768370190793e-01
8.655919708899780796e-01
2.153116959763792249e+00
8.777323023927144918e-01
-1.504703712089108109e-02
-5.072342757751826525e-01
-1.560224335788528427e-01
4.162221396817641916e-01
2.257596848581864712e+00
8.316078189635187634e-01
-3.899949896256155180e-02
-5.373776569980330819e-01
-1.560224335788528427e-01
4.162221396817641916e-01
2.257596848581864712e+00
8.749176168967732758e-01
-3.440008112241602078e-02
-5.401790643447810236e-01
-2.221441471072811424e+00
nan
-2.221441467085554233e+00
2.610459999999999864e-02
2.799937000000000120e-01
1.333500000000000241e-01
1.615945201873663084e+00
-8.827948853516671690e-01
-1.615945208990500648e+00
8.860460000000003333e-02
2.799937001121810543e-01
1.333499998878189818e-01
-8.083765714600217311e-01
2.755127977303393649e+00
8.083765735531551755e-01
2.073546000000000833e-01
2.799937003253250012e-01
1.333499992483870855e-01
-8.918596701205365462e-03
-1.250751079921939235e+00
-1.615114658758297850e+00
3.181165724616379364e-01
1.348386498854645954e-01
4.014701223504617278e-02
-6.056662495773267318e-01
6.010449095599100788e-01
-1.249145002817740657e+00
4.288785449232758173e-01
-1.031640075320211514e-02
-5.305597446867230116e-02
-9.485015842603150560e-01
-5.115769591184327059e-01
2.559665252364916377e+00
5.606304156028092400e-01
3.150026248206033719e-02
-2.079625955289491623e-01
1.793078978021306780e+00
1.299191383635992070e+00
-1.033934364958585927e+00
6.306098196039988668e-01
5.294595326187930689e-02
-2.814950908124269624e-01
-6.442215546087135536e-01
-1.517708019089219595e+00
1.989263053401230386e-01
7.302953142650883134e-01
2.523969587909046658e-02
-2.737991206973229841e-01
-6.442215545186738002e-01
-1.517708017363734285e+00
1.989263107605778180e-01
7.302953142437855760e-01
2.523969573387768728e-02
-2.737991209441706375e-01
3.793947019193030790e-01
-2.914394269412965421e+00
4.582327672817957387e-01
8.486002429733037200e-01
1.890418475357144579e-02
-2.835339103143663109e-01
3.793947019193030790e-01
-2.914394269412965421e+00
4.582327672817957387e-01
8.819326518093526524e-01
-8.807642364331035034e-03
-2.784598307343858492e-01
-2.198532768370190793e-01
8.655919708899780796e-01
2.153116959763792249e+00
8.348869283852853318e-01
-1.648066877956390341e-02
-2.323513819691525595e-01
-2.198532768370190793e-01
8.655919708899780796e-01
2.153116959763792249e+00
8.777323023927144918e-01
-1.504703712089108109e-02
-2.405342757751828264e-01
-1.560224335788528427e-01
4.162221396817641916e-01
2.257596848581864712e+00
8.316078189635187634e-01
-3.899949896256155180e-02
-2.706776569980332003e-01
-1.560224335788528427e-01
4.162221396817641916e-01
2.257596848581864712e+00
8.749176168967732758e-01
-3.440008112241602078e-02
-2.734790643447811975e-01
0.000000000000000000e+00
0.000000000000000000e+00
0.000000000000000000e+00
0.000000000000000000e+00
0.000000000000000000e+00
0.000000000000000000e+00
-1.000000000000000444e+00
-1.794896231643861029e-09
5.384689594552381446e-09
0.000000000000000000e+00
-0.000000000000000000e+00
0.000000000000000000e+00
-1.000000007295743565e+00
5.403023040732437554e-01
-8.414709794232075879e-01
-0.000000000000000000e+00
0.000000000000000000e+00
0.000000000000000000e+00
-1.540302311986660122e+00
1.248375721822837514e+00
-3.868222637953127041e-01
-1.725015510916710348e-01
-1.864059731434666578e-01
8.531010257415438947e-02
-8.322288906288899391e-01
1.339022844628752651e+00
3.134741942092326150e-01
-3.450031021833420142e-01
-3.728119459773109323e-01
1.706202053471150282e-01
-1.506729170158428888e+00
1.132317391329292988e+00
1.022221136700584676e+00
-5.655350513794946687e-01
-4.604288998765491137e-01
-4.059959456943751377e-02
-1.713434620144256737e+00
2.635836895184849871e-01
5.721382417976040857e-01
-6.707194130230915707e-01
-4.996880295709764108e-01
-1.521513386269940926e-01
-2.674258664699405319e+00
5.306319550082666536e-01
4.979602173996348080e-01
-6.528390714399477934e-01
-4.294676042920415604e-01
-1.309539485069415310e-01
-2.674258664699405319e+00
5.306319550082662095e-01
4.979602173996343639e-01
-6.528390714986231913e-01
-4.294676049627842440e-01
-1.309539481073012379e-01
-2.798195456625172106e+00
2.096372013232061793e-01
-4.409764363283031896e-01
-6.548498293886326760e-01
-3.965898017554545518e-01
-1.767875285917767103e-01
-2.798195456625172106e+00
2.096372013232061793e-01
-4.409764363283031896e-01
-6.660063763127930248e-01
-3.970903421909575681e-01
-1.062321327574300145e-01
-2.552297534811796886e+00
1.178341439035813343e+00
1.250022653037332621e+00
-6.100704949525317389e-01
-2.665431669605631271e-01
-7.488255450218679610e-02
-2.552297534811796886e+00
1.178341439035813343e+00
1.250022653037332621e+00
-6.215048098648592312e-01
-2.338706585621774803e-01
-1.290280887143872290e-01
-2.650385139020865921e+00
8.770171314837998944e-01
1.435748767281584293e+00
-6.191941596257802827e-01
-3.706704060827397118e-01
-1.292137752325279998e-02
-2.650385139020865921e+00
8.770171314837998944e-01
1.435748767281584293e+00
-6.282546503553447792e-01
-3.159132254890197888e-01
-6.309504096348787783e-02
0.000000000000000000e+00
0.000000000000000000e+00
0.000000000000000000e+00
0.000000000000000000e+00
0.000000000000000000e+00
0.000000000000000000e+00
-1.000000000000000444e+00
-1.794896231643861029e-09
5.384689594552381446e-09
0.000000000000000000e+00
-0.000000000000000000e+00
0.000000000000000000e+00
-1.000000007295743565e+00
5.403023040732437554e-01
-8.414709794232075879e-01
-0.000000000000000000e+00
0.000000000000000000e+00
0.000000000000000000e+00
-1.540302311986660122e+00
1.248375721822837514e+00
-3.868222637953127041e-01
-1.725015510916710348e-01
-1.864059731434666578e-01
8.531010257415438947e-02
-8.322288906288899391e-01
1.339022844628752651e+00
3.134741942092326150e-01
-3.450031021833420142e-01
-3.728119459773109323e-01
1.706202053471150282e-01
-1.506729170158428888e+00
1.132317391329292988e+00
1.022221136700584676e+00
-5.655350513794946687e-01
-4.604288998765491137e-01
-4.059959456943751377e-02
-1.713434620144256737e+00
2.635836895184849871e-01
5.721382417976040857e-01
-6.707194130230915707e-01
-4.996880295709764108e-01
-1.521513386269940926e-01
-2.674258664699405319e+00
5.306319550082666536e-01
4.979602173996348080e-01
-6.528390714399477934e-01
-4.294676042920415604e-01
-1.309539485069415310e-01
-2.674258664699405319e+00
5.306319550082662095e-01
4.979602173996343639e-01
-6.528390714986231913e-01
-4.294676049627842440e-01
-1.309539481073012379e-01
-2.798195456625172106e+00
2.096372013232061793e-01
-4.409764363283031896e-01
-6.548498293886326760e-01
-3.965898017554545518e-01
-1.767875285917767103e-01
-2.798195456625172106e+00
2.096372013232061793e-01
-4.409764363283031896e-01
-6.660063763127930248e-01
-3.970903421909575681e-01
-1.062321327574300145e-01
-2.552297534811796886e+00
1.178341439035813343e+00
1.250022653037332621e+00
-6.100704949525317389e-01
-2.665431669605631271e-01
-7.488255450218679610e-02
-2.552297534811796886e+00
1.178341439035813343e+00
1.250022653037332621e+00
-6.215048098648592312e-01
-2.338706585621774803e-01
-1.290280887143872290e-01
-2.650385139020865921e+00
8.770171314837998944e-01
1.435748767281584293e+00
-6.191941596257802827e-01
-3.706704060827397118e-01
-1.292137752325279998e-02
-2.650385139020865921e+00
8.770171314837998944e-01
1.435748767281584293e+00
-6.282546503553447792e-01
-3.159132254890197888e-01
-6.309504096348787783e-02
