-2.221441471072811424e+00
nan
-2.221441467085554233e+00
2.610459999999999864e-02
2.799937000000000120e-01
-1.333499999999999686e-01
1.458652971992954850e+00
-1.025760216413534875e+00
-1.458652978006214518e+00
8.860460000000003333e-02
2.799937001121810543e-01
-1.333500001121810108e-01
-2.172229667223443683e-01
-3.063574200021151217e+00
-5.338077717680436152e-01
2.073546000000000833e-01
2.799937003253250012e-01
-1.333500007516129071e-01
-1.128553724892127796e+00
-6.912427811335166705e-01
-1.207576056386691299e+00
1.784289424857347095e-01
8.900493628011849068e-02
-2.019910842647092419e-01
-2.051515083012606766e+00
8.873607850213179882e-01
-1.533814303508378218e+00
1.495032849714693635e-01
-1.019838278895367212e-01
-2.706321674315361192e-01
-4.869211986235743028e-01
-1.113916718068674427e+00
-2.721694251543856247e+00
8.958822403900185138e-02
-2.475254411679861377e-01
-4.060244651362615032e-01
3.587380097095153042e-01
8.919963396093033570e-01
-1.542608900622137069e+00
6.504452461533315188e-02
-3.205804720141831599e-01
-4.754840345753373332e-01
-1.644431581437646006e+00
-3.671982027328175024e-01
2.334977798319378017e+00
1.629275039539597458e-01
-3.148452965311946405e-01
-5.093970500409861213e-01
-1.644431581813689425e+00
-3.671981956791364743e-01
2.334977800225443545e+00
1.629275040472005776e-01
-3.148452966326667490e-01
-5.093970497890260019e-01
6.121261932909073389e-01
-1.771908396554133514e-01
1.287638467323607872e+00
2.698940440711645739e-01
-3.387425413217456382e-01
-5.554192400534193608e-01
6.121261932909073389e-01
-1.771908396554133514e-01
1.287638467323607872e+00
2.963987459105254518e-01
-3.647657150751951738e-01
-5.783329113614912309e-01
-4.677455298405043815e-01
-2.731609212487580152e+00
-1.687780770072098702e-01
2.657399202376653502e-01
-2.751782304790174050e-01
-5.568737869330283585e-01
-4.677455298405043815e-01
-2.731609212487580152e+00
-1.687780770072098702e-01
2.750276391418022270e-01
-3.163440122679053168e-01
-5.680029293922389533e-01
1.322854868989386201e+00
-2.624286421244126810e+00
-9.830671695579848990e-01
2.802284431751997928e-01
-2.909543597816280358e-01
-5.177847849463332874e-01
1.322854868989386201e+00
-2.624286421244126810e+00
-9.830671695579848990e-01
3.214083218805153797e-01
-2.885107653692518537e-01
-5.320321552571415369e-01
-2.221441471072811424e+00
nan
-2.221441467085554233e+00
2.610459999999999864e-02
2.799937000000000120e-01
1.333500000000000241e-01
1.459091651545958213e+00
-1.025393405090781362e+00
-1.459091657562238575e+00
8.860460000000003333e-02
2.799937001121810543e-01
1.333499998878189818e-01
-2.175846317330036583e-01
-3.063299226831454725e+00
-5.347375667954089584e-01
2.073546000000000833e-01
2.799937003253250012e-01
1.333499992483870855e-01
-1.128419355251416567e+00
-6.900077303078446800e-01
-1.207009745719662464e+00
1.783786911385995266e-01
8.905424016846777424e-02
6.459304134110505080e-02
-2.053607170092079492e+00
8.860847246524259369e-01
-1.533435428372082798e+00
1.494027822771989700e-01
-1.018852201130526769e-01
-4.163916219984728495e-03
-4.875624385478731226e-01
-1.116114471117299223e+00
-2.720800335157764760e+00
8.944996940037025501e-02
-2.476556111132739990e-01
-1.392931260001006311e-01
3.575311410921531707e-01
8.908042881476424535e-01
-1.542822591972003776e+00
6.488566382018408352e-02
-3.208232823921445265e-01
-2.086267345243248972e-01
-1.644383530823343653e+00
-3.670570482669927581e-01
2.334934035207538727e+00
1.627682262863809348e-01
-3.151002636730756978e-01
-2.425430067515651489e-01
-1.644383531198931436e+00
-3.670570412134437355e-01
2.334934037113537642e+00
1.627682263796181028e-01
-3.151002637745514146e-01
-2.425430064996051405e-01
6.122235317722793946e-01
-1.752607797327227768e-01
1.281832933719241341e+00
2.697305731411295815e-01
-3.390110436938980065e-01
-2.885679124101963033e-01
6.122235317722793946e-01
-1.752607797327227768e-01
1.281832933719241341e+00
2.960339718328482972e-01
-3.651951208536633464e-01
-3.115301955102268705e-01
1.384071297874804651e+00
-2.539845960434080396e+00
-4.698376203281274810e-01
2.655836820998648262e-01
-2.754462982588659070e-01
-2.900241049906766011e-01
1.384071297874804651e+00
-2.539845960434080396e+00
-4.698376203281274810e-01
3.067589746274561047e-01
-2.730161001556338229e-01
-3.042870130762086456e-01
1.322249603831284759e+00
-2.624494612298977181e+00
-9.830149222873582060e-01
2.800716350768795437e-01
-2.912229938541137098e-01
-2.509351203066162994e-01
1.322249603831284759e+00
-2.624494612298977181e+00
-9.830149222873582060e-01
3.212496891294099877e-01
-2.887958012274031705e-01
-2.651905657577317554e-01
0.000000000000000000e+00
0.000000000000000000e+00
0.000000000000000000e+00
0.000000000000000000e+00
0.000000000000000000e+00
0.000000000000000000e+00
4.662205037137002739e-01
8.368174252308229067e-10
-2.510452695114130515e-09
0.000000000000000000e+00
-0.000000000000000000e+00
0.000000000000000000e+00
4.662204966921002502e-01
3.179451137355784884e-01
-8.846588807762334472e-01
0.000000000000000000e+00
0.000000000000000000e+00
0.000000000000000000e+00
6.024860975675065955e-01
1.217672239979620041e+00
-5.612982644150135147e-01
-1.907840033455732165e-01
5.759121985124641963e-02
-7.984610496751698427e-02
-1.650915963639708384e+00
1.306279202618637392e+00
1.417530115489948894e-01
-3.815680066911463775e-01
1.151824395410549345e-01
-1.596922099930545291e-01
-1.747175270293571892e+00
1.019760593690025363e+00
-1.306643563166484112e-01
-5.377971873896607580e-01
-1.168320064178547946e-01
1.588505607619254412e-01
-1.624836962668276152e+00
6.951310045236033242e-01
1.675406318836245578e-01
-6.181750077395176124e-01
-2.349830617402243194e-01
3.115192015225650146e-01
-2.683874458691073439e+00
6.330797083661233726e-01
5.344599377442049715e-01
-6.427098711709624546e-01
-2.736868065753060297e-01
2.341589826569940302e-01
-2.683874458691072995e+00
6.330797083661229285e-01
5.344599377442055266e-01
-6.427098709572188762e-01
-2.736868058492433198e-01
2.341589828703036780e-01
-3.890708401310120301e+00
3.630161502057437595e+00
-4.265310147572678900e+00
-6.590734658393880840e-01
-3.400352565109485692e-01
2.305778415611089704e-01
-3.890708401310120301e+00
3.630161502057437595e+00
-4.265310147572678900e+00
-8.532507003753839747e-01
-5.422364436879365535e-01
2.356100740716494668e-01
-3.430369310809995742e+00
1.029049682644288755e+00
-1.553180506351622414e+00
-6.939668875694934291e-01
-3.461592904955335115e-01
6.260910271103936608e-02
-3.430369310809995742e+00
1.029049682644288755e+00
-1.553180506351622414e+00
-7.693572178884725554e-01
-3.987618631936210578e-01
1.942654130243501032e-01
-2.377026993058495297e+00
1.142518779429470555e-01
1.332371157876649281e+00
-6.607887245065160453e-01
-2.335057813805181959e-01
9.577786332737339703e-02
-2.377026993058495297e+00
1.142518779429470555e-01
1.332371157876649281e+00
-6.656722880368731721e-01
-2.125052825175882676e-01
8.526449497352325824e-02
0.000000000000000000e+00
0.000000000000000000e+00
0.000000000000000000e+00
0.000000000000000000e+00
0.000000000000000000e+00
0.000000000000000000e+00
4.672523734743576629e-01
8.386695243757741619e-10
-2.516008993477275522e-09
0.000000000000000000e+00
-0.000000000000000000e+00
0.000000000000000000e+00
4.672523664374028107e-01
3.191931174611444266e-01
-8.864057282021809980e-01
0.000000000000000000e+00
0.000000000000000000e+00
0.000000000000000000e+00
6.041942022355732966e-01
1.221584146585862563e+00
-5.614563353341144314e-01
-1.911965789644403391e-01
5.781126288582426331e-02
-7.996800392383118794e-02
-1.654849650472824951e+00
1.309669155913139704e+00
1.459476206262654285e-01
-3.823931579288806781e-01
1.156225256098893650e-01
-1.599360079059115869e-01
-1.752486344520909123e+00
1.018846787190118564e+00
-1.296353507966953034e-01
-5.380928743165718231e-01
-1.167459703526293469e-01
1.598104225251063271e-01
-1.630051839991934370e+00
6.947358681705994021e-01
1.690210025049042331e-01
-6.182183153389887442e-01
-2.350677701367260841e-01
3.130630311216505701e-01
-2.683962423959470378e+00
6.331155988788105260e-01
5.342006343214911190e-01
-6.427484765311421988e-01
-2.738088432506208814e-01
2.357316869146079685e-01
-2.683962423959470378e+00
6.331155988788101929e-01
5.342006343214917852e-01
-6.427484763174140525e-01
-2.738088425245624458e-01
2.357316871279351578e-01
-3.897372598710446390e+00
3.647010875209903524e+00
-4.292535347773470455e+00
-6.591144083863021974e-01
-3.401986070663443606e-01
2.321877917316286788e-01
-3.897372598710446390e+00
3.647010875209903524e+00
-4.292535347773470455e+00
-8.552541813288828676e-01
-5.425994486750161938e-01
2.383081154929381773e-01
-2.352498057601607240e+00
4.572868086216676509e-01
1.461139472838731912e+00
-6.939926739558542890e-01
-3.463222450591076362e-01
6.420786490052901585e-02
-2.352498057601607240e+00
4.572868086216676509e-01
1.461139472838731912e+00
-7.040657720514014173e-01
-3.197128634083267196e-01
3.966191046908267015e-02
-2.377149127894389480e+00
1.142749394365104587e-01
1.332116652124844869e+00
-6.608169072135623434e-01
-2.336694053060215381e-01
9.737937402685017951e-02
-2.377149127894389480e+00
1.142749394365104587e-01
1.332116652124844869e+00
-6.656792510950848563e-01
-2.127027535224139676e-01
8.690395555806723626e-02
