-2.221441471072811424e+00
nan
-2.221441467085554233e+00
2.610459999999999864e-02
2.799937000000000120e-01
-1.333499999999999686e-01
1.583088390912234189e+00
-9.146485973948823567e-01
-1.583088397794973679e+00
8.860460000000003333e-02
2.799937001121810543e-01
-1.333500001121810108e-01
-9.570898800819189756e-01
-2.715483406216678830e+00
-7.267126842830452516e-01
2.073546000000000555e-01
2.799937003253250012e-01
-1.333500007516129071e-01
-1.236720952920542960e+00
1.426424968795959036e-01
-1.111747520274771750e+00
7.881529306303433624e-02
1.416440566677812096e-01
-2.131122892844475869e-01
-2.925664010356376021e+00
5.030569978437068324e-01
-9.896248459815106813e-01
-4.972401387393138306e-02
3.294412826457426835e-03
-2.928745774985113126e-01
-7.862598019997483201e-01
-1.835505467494314757e+00
-2.225861830716606260e+00
-1.179900519642934631e-01
-1.922478908291772870e-01
-3.072344355929634840e-01
-2.697318321426634968e-01
5.426342546822834345e-01
-1.882694165406248343e+00
-1.487707307292744918e-01
-2.906274316492934440e-01
-3.189851063308467571e-01
1.078955071277869937e+00
-8.313848046885569110e-01
-2.211983236236871875e+00
-6.349730677594035699e-02
-3.207978246668967692e-01
-3.698009803510611815e-01
1.078955070670953864e+00
-8.313848102758362169e-01
-2.211983232594132431e+00
-6.349730662212914323e-02
-3.207978244695206538e-01
-3.698009802101388521e-01
-9.188111434433080538e-01
-7.941856064050017636e-03
-1.291418367797456224e+00
3.829737472924811537e-02
-3.730603572628847786e-01
-4.020101636793627087e-01
-9.188111434433080538e-01
-7.941856064050017636e-03
-1.291418367797456224e+00
7.839466314457019247e-04
-3.525831658296526006e-01
-3.931688703368830806e-01
1.754947807086047362e+00
1.545070818194487439e+00
-1.551212500732004784e+00
1.356148464240651552e-02
-3.513334768727661150e-01
-4.565617216267318090e-01
1.754947807086047362e+00
1.545070818194487439e+00
-1.551212500732004784e+00
-1.262340422912806848e-02
-3.505369686042288935e-01
-4.216552996678208931e-01
1.344365557085392071e+00
-1.787625145310200780e+00
1.446247446417829874e-01
3.745638027788104896e-02
-3.207250254978093462e-01
-4.346777024347121543e-01
1.344365557085392071e+00
-1.787625145310200780e+00
1.446247446417829874e-01
6.817967994942955579e-02
-3.176676603367736273e-01
-4.655236503075578791e-01
-2.221441471072811424e+00
nan
-2.221441467085554233e+00
2.610459999999999864e-02
2.799937000000000120e-01
1.333500000000000241e-01
1.582489762037252889e+00
-9.152187097775283942e-01
-1.582489768915745776e+00
8.860460000000003333e-02
2.799937001121810543e-01
1.333499998878189818e-01
-9.589050282508716494e-01
-2.715171762292763358e+00
-7.253670808165015860e-01
2.073546000000000833e-01
2.799937003253250012e-01
1.333499992483870855e-01
-1.237346615796619309e+00
1.451008272848033354e-01
-1.109964097715458120e+00
7.861402124637709155e-02
1.417155000244543495e-01
5.378868513320604616e-02
-2.926900060741793652e+00
5.023543252492843614e-01
-9.855199377558058194e-01
-5.012655750724587245e-02
3.437299540080374083e-03
-2.577262866304470823e-02
-7.858385510721233036e-01
-1.836036534438223455e+00
-2.225524861268749710e+00
-1.183049915287909398e-01
-1.921415482826568100e-01
-4.005077345501446839e-02
-2.699370828715179083e-01
5.421100236655579385e-01
-1.882647157438366525e+00
-1.490536477295810736e-01
-2.905348769362826600e-01
-5.176979723283767210e-02
1.079228811400442023e+00
-8.315700812752748750e-01
-2.211877039312925675e+00
-6.376804479389423796e-02
-3.207104128910486796e-01
-1.025621732526597607e-01
1.079228810793057214e+00
-8.315700868628874698e-01
-2.211877035670339442e+00
-6.376804464011366635e-02
-3.207104126936690669e-01
-1.025621731117088570e-01
-9.191195350603956760e-01
-1.013731090933004363e-02
-1.295535765026593955e+00
3.803344137539253766e-02
-3.729775203640586234e-01
-1.347424137255795462e-01
-9.191195350603956760e-01
-1.013731090933004363e-02
-1.295535765026593955e+00
5.544040441978481670e-04
-3.523751373337446480e-01
-1.260473174748674985e-01
1.265221105317989370e+00
-1.485414940497873371e+00
4.178775339752048290e-01
1.331212082345775705e-02
-3.512529582053388055e-01
-1.893014988859852699e-01
1.265221105317989370e+00
-1.485414940497873371e+00
4.178775339752048290e-01
4.038880637064921203e-02
-3.529072404139065311e-01
-2.234900580068802656e-01
1.344073582993211557e+00
-1.788051281578742824e+00
1.450008625112920724e-01
3.720225499755235032e-02
-3.206439617718466195e-01
-1.674130440415194099e-01
1.344073582993211557e+00
-1.788051281578742824e+00
1.450008625112920724e-01
6.793927916192372962e-02
-3.176001218927611003e-01
-1.982466540948255307e-01
0.000000000000000000e+00
0.000000000000000000e+00
0.000000000000000000e+00
0.000000000000000000e+00
0.000000000000000000e+00
0.000000000000000000e+00
-9.035795545898199152e-03
-1.621831537523705597e-11
4.865495425450077052e-11
0.000000000000000000e+00
-0.000000000000000000e+00
0.000000000000000000e+00
-9.035805005275550014e-03
6.422537675330834972e-01
-1.114004879910136747e+00
0.000000000000000000e+00
0.000000000000000000e+00
0.000000000000000000e+00
6.430454909316074552e-01
1.344103008813785305e+00
-7.093699281204578488e-01
-2.053498084856061334e-01
1.424726987020894786e-01
8.380495455899658608e-02
5.274305055619218918e-02
1.433741719415501326e+00
8.643951940297922576e-02
-4.106996169712122668e-01
2.849453974070593198e-01
1.676099091196537605e-01
-4.429763682606774333e-01
-1.506498780271854632e-01
-1.028037300187656100e-01
-4.143853618551703311e-01
2.798018966044383271e-01
2.551722783414301365e-01
-7.967961979184857713e-01
4.483246993354142451e-02
-8.126057023146182612e-01
-4.227289084956120657e-01
2.777609957458933021e-01
2.941149845435399590e-01
-2.754496010446995324e+00
7.374817157075994611e-01
3.540206863054827791e-01
-4.495237430469475326e-01
1.679774299723104380e-01
3.143316207741548296e-01
-2.754496010446995324e+00
7.374817157075997942e-01
3.540206863054832787e-01
-4.495237430128950495e-01
1.679774304149329045e-01
3.143316201170501811e-01
-4.543408562218591129e+00
-1.465696327506798013e+00
-2.133550190465893337e+00
-4.547754091717494118e-01
1.152947860034630456e-01
3.832168419393046088e-01
-4.543408562218591129e+00
-1.465696327506798013e+00
-2.133550190465893337e+00
-4.240449446716530457e-01
2.355011755398660200e-01
2.351973012562290910e-01
-4.066363706699291924e+00
-1.394822940715819026e+00
-5.814149647353779038e-01
-5.026979508282847231e-01
-4.372427951115377687e-02
3.416125032460625155e-01
-4.066363706699291924e+00
-1.394822940715819026e+00
-5.814149647353779038e-01
-5.509231271280171649e-01
1.134422141131358336e-01
3.018503272326862330e-01
-2.192405397501365982e+00
1.290831025515323249e+00
9.687227964155127324e-01
-4.973949117704862810e-01
2.501445139787845939e-02
2.396795974178793920e-01
-2.192405397501365982e+00
1.290831025515323249e+00
9.687227964155127324e-01
-5.401735576246456949e-01
-1.285001043665996712e-02
1.933180251144525075e-01
0.000000000000000000e+00
0.000000000000000000e+00
0.000000000000000000e+00
0.000000000000000000e+00
0.000000000000000000e+00
0.000000000000000000e+00
-1.342790599857363390e-02
-2.410169787570780303e-11
7.230510570714692673e-11
0.000000000000000000e+00
-0.000000000000000000e+00
0.000000000000000000e+00
-1.342791546226949559e-02
6.414940083054890829e-01
-1.114921702060819308e+00
0.000000000000000000e+00
0.000000000000000000e+00
0.000000000000000000e+00
6.435086777749655651e-01
1.347099116070499925e+00
-7.089367442114924422e-01
-2.052074727351532180e-01
1.424673225882785721e-01
8.444309788014493778e-02
5.947691010379195509e-02
1.435317007249688803e+00
8.277939481006132971e-02
-4.104149454703065469e-01
2.849346451808396630e-01
1.688861957627540433e-01
-4.368183902621611825e-01
-1.527896820079172324e-01
-1.063702183577838467e-01
-4.147187108617791385e-01
2.801400956076792736e-01
2.551114360913722678e-01
-7.901582607666859381e-01
4.208437602955625301e-02
-8.154379144250374356e-01
-4.233942847991575831e-01
2.782917517798930707e-01
2.933933741232954140e-01
-2.754395013578730289e+00
7.370656477709190968e-01
3.543756050239902367e-01
-4.501381263566225366e-01
1.686126220955045940e-01
3.136476317471631470e-01
-2.754395013578728957e+00
7.370656477709192078e-01
3.543756050239904032e-01
-4.501381263226788554e-01
1.686126225382351962e-01
3.136476310901554210e-01
-4.530758842823504828e+00
-1.451449728075849377e+00
-2.116876421353821591e+00
-4.553348883126171476e-01
1.160514914547124687e-01
3.825775135975976737e-01
-4.530758842823504828e+00
-1.451449728075849377e+00
-2.116876421353821591e+00
-4.243426845407347603e-01
2.347853661032732187e-01
2.348341459568586143e-01
-2.263603386770848047e+00
1.534912151142713954e+00
7.044677873312712446e-01
-5.032471706170378312e-01
-4.298641358411019187e-02
3.409607240618031110e-01
-2.263603386770848047e+00
1.534912151142713954e+00
7.044677873312712446e-01
-5.545582169146693330e-01
-1.013010990432888780e-01
3.031450292127373936e-01
-2.192446586622398996e+00
1.290433273386681678e+00
9.691912167009212320e-01
-4.979610240986931391e-01
2.576911804647880055e-02
2.390428596943799389e-01
-2.192446586622398996e+00
1.290433273386681678e+00
9.691912167009212320e-01
-5.406998033259631242e-01
-1.204187122050552616e-02
1.927053246346585036e-01
