-2.221441471072811424e+00
nan
-2.221441467085554233e+00
2.610459999999999864e-02
2.799937000000000120e-01
-1.333499999999999686e-01
1.527322216536845412e+00
-9.662419121286820456e-01
-1.527322223026696957e+00
8.860460000000003333e-02
2.799937001121810543e-01
-1.333500001121810108e-01
-4.849057499942389104e-01
-2.958065164794680069e+00
-6.655983186349819780e-01
2.073546000000000555e-01
2.799937003253250012e-01
-1.333500007516129071e-01
-1.174557708174587711e+00
-3.807197243573395840e-01
-1.180015325766810674e+00
1.419034676328757849e-01
1.044468012291542847e-01
-2.165631937535645313e-01
-2.476017495556520842e+00
7.129183428820278223e-01
-1.449542255611008024e+00
7.645233526575151428e-02
-7.110009802462430306e-02
-2.997763864230259534e-01
-7.028566876054229695e-01
-1.497367774475594659e+00
-2.481763089254229282e+00
2.364043733273368808e-03
-2.500361605179811653e-01
-3.745832082855542478e-01
4.540554474876826174e-02
7.398817878707537599e-01
-1.657506886153748082e+00
-2.981663116326446761e-02
-3.400481180812806037e-01
-4.149107938669664430e-01
1.629302251876981966e+00
-1.241426320445303683e-01
-2.611848793480375353e+00
6.338060067471931736e-02
-3.438004569901737528e-01
-4.603449047358930679e-01
1.629302251244919786e+00
-1.241426396129794718e-01
-2.611848792164389810e+00
6.338060080088495085e-02
-3.438004569631721297e-01
-4.603449044793243572e-01
1.081234095724030869e-01
3.396473621951545119e-01
1.418399172137891906e-01
1.678658085715268311e-01
-3.788425098537447910e-01
-5.049078585050633672e-01
1.081234095724030869e-01
3.396473621951545119e-01
1.418399172137891906e-01
1.492487142931390176e-01
-4.181773271738234987e-01
-5.016037592880823182e-01
-1.104481577420372229e+00
-2.544415454355301254e+00
6.319333614032837110e-01
1.563895025699054975e-01
-3.229304880899050434e-01
-5.332263027984398551e-01
-1.104481577420372229e+00
-2.544415454355301254e+00
6.319333614032837110e-01
1.505116894779260917e-01
-3.631782152589259627e-01
-5.174050229641846688e-01
1.432135646387635131e+00
-2.373454456702822846e+00
-4.403060252266418617e-01
1.759895762900113014e-01
-3.187702042876047748e-01
-4.934106930724700413e-01
1.432135646387635131e+00
-2.373454456702822846e+00
-4.403060252266418617e-01
2.151570946429228193e-01
-3.129413153910223233e-01
-5.117592811629918526e-01
-2.221441471072811424e+00
nan
-2.221441467085554233e+00
2.610459999999999864e-02
2.799937000000000120e-01
1.333500000000000241e-01
1.527653110764097821e+00
-9.659446215935861835e-01
-1.527653117256264848e+00
8.860460000000003333e-02
2.799937001121810543e-01
1.333499998878189818e-01
-4.859493977490353944e-01
-2.957510309753657474e+00
-6.662095551968926221e-01
2.073546000000000833e-01
2.799937003253250012e-01
1.333499992483870855e-01
-1.174645535149863695e+00
-3.787897547084186911e-01
-1.179022016286709995e+00
1.417583374585302536e-01
1.045304714393445189e-01
5.007463884990787095e-02
-2.478763951597491300e+00
7.106904021371023283e-01
-1.447835956232115917e+00
7.616207491706042387e-02
-7.093275760440131972e-02
-3.320072121615581795e-02
-7.028203946189678364e-01
-1.499997912517442078e+00
-2.480094691043547517e+00
2.175684460886465055e-03
-2.500718420704711176e-01
-1.076215008675737717e-01
4.374255863169619618e-02
7.382454644636653462e-01
-1.657487645415560706e+00
-2.995895338670653829e-02
-3.401826032520873788e-01
-1.477647228318576533e-01
1.629404255639534949e+00
-1.243452721354646739e-01
-2.611894870405353952e+00
6.323990033760822083e-02
-3.439516250778556494e-01
-1.931941256339050617e-01
1.629404255006854818e+00
-1.243452797041088020e-01
-2.611894869089353310e+00
6.323990046376556928e-02
-3.439516250508588557e-01
-1.931941253773318268e-01
1.064184071686295335e-01
3.400801146532752006e-01
1.320172782387538379e-01
1.677219371883656163e-01
-3.790120257136225801e-01
-2.377500822451381612e-01
1.064184071686295335e-01
3.400801146532752006e-01
1.320172782387538379e-01
1.487421164544827645e-01
-4.181604981576937385e-01
-2.342997728654630796e-01
1.439963361341672909e+00
-2.171647808614648678e+00
-1.184232627361066735e-02
1.562554872386091032e-01
-3.230998410375967023e-01
-2.660721971849464573e-01
1.439963361341672909e+00
-2.171647808614648678e+00
-1.184232627361066735e-02
1.942307898963238633e-01
-3.175467271313021644e-01
-2.868515243783058000e-01
1.431588601116582593e+00
-2.373796609844155636e+00
-4.401680530171952488e-01
1.758542707455748033e-01
-3.189403133709930449e-01
-2.262558733511487175e-01
1.431588601116582593e+00
-2.373796609844155636e+00
-4.401680530171952488e-01
2.150246377698221134e-01
-3.131314540969598603e-01
-2.446047323273968233e-01
0.000000000000000000e+00
0.000000000000000000e+00
0.000000000000000000e+00
0.000000000000000000e+00
0.000000000000000000e+00
0.000000000000000000e+00
5.883045116917235973e-01
1.055945551094556082e-09
-3.167837182534642638e-09
0.000000000000000000e+00
-0.000000000000000000e+00
0.000000000000000000e+00
5.883045024979026705e-01
5.300604756904310211e-01
-1.118217784470857179e+00
0.000000000000000000e+00
0.000000000000000000e+00
0.000000000000000000e+00
9.014764335348111057e-01
1.370020907825929779e+00
-7.200575801543411814e-01
-2.404076892443830493e-01
1.221433163369496783e-01
-6.858197278082686643e-02
-1.335135642245188548e+00
1.578930797592818180e+00
5.984269674961645302e-01
-4.808153784887662097e-01
2.442866324782938248e-01
-1.371639456543751190e-01
-1.697003151123281040e+00
5.667580275252752653e-01
1.449485062665110124e-01
-4.918500081439483584e-01
1.000729466977929166e-01
2.187202543051828540e-01
-1.763155692132374330e+00
6.544485222743665620e-01
2.010127319936119705e-03
-5.016588922080013058e-01
2.697236613204120892e-02
3.897094857576708926e-01
-2.713854767696316728e+00
6.927258953791002316e-01
4.654806207912324245e-01
-5.313856362480656736e-01
-5.294770676162019463e-02
3.353326528072657076e-01
-2.713854767696316284e+00
6.927258953791004537e-01
4.654806207912328686e-01
-5.313856360829025682e-01
-5.294770600660250737e-02
3.353326526465891244e-01
-5.264508971344918464e+00
1.307505307825343355e+00
-6.587435278467513200e+00
-5.459441517778174102e-01
-1.252492518754066420e-01
3.580520858467468592e-01
-5.264508971344918464e+00
1.307505307825343355e+00
-6.587435278467513200e+00
-8.007395878003946699e-01
1.478411172661156514e-02
5.894725340997917229e-01
-4.165799124088703564e+00
-2.358531982669803684e-01
-2.436146557520668221e+00
-5.915870340570144048e-01
-2.074433949767536256e-01
2.142649133620280200e-01
-4.165799124088703564e+00
-2.358531982669803684e-01
-2.436146557520668221e+00
-6.933678954974419328e-01
-1.272159071714752399e-01
3.805425589327376401e-01
-2.280378398334903078e+00
6.024352337471063912e-01
1.362110886635133467e+00
-5.659422616464899747e-01
-9.026615821040612220e-02
1.893970287129289609e-01
-2.280378398334903078e+00
6.024352337471063912e-01
1.362110886635133467e+00
-5.849356906247543675e-01
-7.875737898099507972e-02
1.525090633126378603e-01
0.000000000000000000e+00
0.000000000000000000e+00
0.000000000000000000e+00
0.000000000000000000e+00
0.000000000000000000e+00
0.000000000000000000e+00
5.842576308555860187e-01
1.048681819931860979e-09
-3.146045985405899295e-09
0.000000000000000000e+00
-0.000000000000000000e+00
0.000000000000000000e+00
5.842576216384770538e-01
5.319574413784584621e-01
-1.120847382958533034e+00
0.000000000000000000e+00
0.000000000000000000e+00
0.000000000000000000e+00
8.994402532330354472e-01
1.375038436170259892e+00
-7.207186848331926798e-01
-2.409664485497492459e-01
1.221776632089698750e-01
-6.762130880838074232e-02
-1.331412861662746083e+00
1.582343007200697871e+00
5.997354824437104437e-01
-4.819328970994984918e-01
2.443553262237234125e-01
-1.352426177089371406e-01
-1.694194852541880625e+00
5.650431858632165572e-01
1.465410803914475313e-01
-4.922560321245607606e-01
1.008982794463540861e-01
2.203373109420244114e-01
-1.761614258147461198e+00
6.539892856482827366e-01
8.501686825361023936e-04
-5.017337578556241295e-01
2.817879488184395903e-02
3.911599568405140226e-01
-2.714044961262749744e+00
6.925061991879568613e-01
4.651086455978817868e-01
-5.314408962372429990e-01
-5.177105408668229020e-02
3.368484676576530834e-01
-2.714044961262748856e+00
6.925061991879569723e-01
4.651086455978824530e-01
-5.314408960721207498e-01
-5.177105333165411827e-02
3.368484674970179116e-01
-5.263128316989106104e+00
1.307005545623393550e+00
-6.584819844836261815e+00
-5.459892769474508079e-01
-1.241024249726773304e-01
3.596495131200755924e-01
-5.263128316989106104e+00
1.307005545623393550e+00
-6.584819844836261815e+00
-7.992653416988442228e-01
1.903569624577029773e-02
5.904996779614568592e-01
-2.283824161014480492e+00
9.676328144198282910e-01
1.324885016885668954e+00
-5.916077576044667108e-01
-2.063030633233154387e-01
2.158419176998002120e-01
-2.283824161014480492e+00
9.676328144198282910e-01
1.324885016885668954e+00
-6.190717538698365940e-01
-2.034464833142298756e-01
1.664134330026099673e-01
-2.280625580449374912e+00
6.021997128918319397e-01
1.361764866715095224e+00
-5.659693388000276437e-01
-8.912420659390000999e-02
1.909804935199052034e-01
-2.280625580449374912e+00
6.021997128918319397e-01
1.361764866715095224e+00
-5.849293168824876155e-01
-7.763025411723403768e-02
1.541442766904451700e-01
