-2.221441471072811424e+00
nan
-2.221441467085554233e+00
2.610459999999999864e-02
2.799937000000000120e-01
-1.333499999999999686e-01
1.531905564299513411e+00
-9.621148153625957988e-01
-1.531905570821452400e+00
8.860460000000003333e-02
2.799937001121810543e-01
-1.333500001121810108e-01
-1.384112433519183893e+00
-2.513513378143742205e+00
-5.742441651522737223e-01
2.073546000000000833e-01
2.799937003253250012e-01
-1.333500007516129071e-01
-1.261345791387286086e+00
6.239442748127258520e-01
-9.968988037493740073e-01
3.411345083292199876e-02
1.812659266713973483e-01
-1.809454936538724690e-01
-2.984376812790042965e+00
6.685785863674328366e-01
-4.050991141665918338e-01
-1.391276983341560858e-01
8.253815285768237309e-02
-2.285409862246836898e-01
7.318200637836269618e-01
1.900825284652675196e+00
2.274178857178960733e+00
-2.274713106185999867e-01
-1.049492255332107049e-01
-2.406710774298624067e-01
-1.349353336838937656e-01
3.805782252737618943e-01
-2.186062319784997321e+00
-2.701675544755561820e-01
-1.987959753071413815e-01
-2.522417652822149803e-01
4.529794466302837219e-01
-1.356821675166689278e+00
-1.623669725036666511e+00
-1.908191359055367853e-01
-2.568829848658153447e-01
-2.853142658070850213e-01
4.529794460882633489e-01
-1.356821678377119200e+00
-1.623669719916787768e+00
-1.908191357646382147e-01
-2.568829846283671725e-01
-2.853142658860804426e-01
-1.495517711520865989e+00
-1.363906655052397277e+00
-1.774527802532889442e+00
-8.869306052554112862e-02
-3.170652574107221677e-01
-2.942204314004025489e-01
-1.495517711520865989e+00
-1.363906655052397277e+00
-1.774527802532889442e+00
-1.105929500943698685e-01
-3.083005667478799783e-01
-3.309398562198056504e-01
1.172077605308354586e+00
3.310893385688466473e-01
-1.316443683628302885e+00
-1.254039762407633263e-01
-3.410062163864319151e-01
-3.404690337039666392e-01
1.172077605308354586e+00
3.310893385688466473e-01
-1.316443683628302885e+00
-1.639180676563739558e-01
-3.205588453325724507e-01
-3.386494447323085133e-01
9.720097061480550416e-01
-1.116859138910209825e+00
4.189825637307968420e-01
-1.035076501115359260e-01
-3.041620743902686552e-01
-3.527088756804415137e-01
9.720097061480550416e-01
-1.116859138910209825e+00
4.189825637307968420e-01
-8.798609237116930548e-02
-3.194789674664466061e-01
-3.905138377412001316e-01
-2.221441471072811424e+00
nan
-2.221441467085554233e+00
2.610459999999999864e-02
2.799937000000000120e-01
1.333500000000000241e-01
1.530476599371286772e+00
-9.634036651074918689e-01
-1.530476605883218211e+00
8.860460000000003333e-02
2.799937001121810543e-01
1.333499998878189818e-01
-1.385736785712877728e+00
-2.514153416656691675e+00
-5.716827532044019833e-01
2.073546000000000833e-01
2.799937003253250012e-01
1.333499992483870855e-01
-1.260995185849156153e+00
6.268012131793507802e-01
-9.938535657872190621e-01
3.402842973855788045e-02
1.812899583329439235e-01
8.601491691822713004e-02
-2.982821908189014160e+00
6.699990985823310874e-01
-3.997596107865509230e-01
-1.392977405228842669e-01
8.258621618145452203e-02
3.867983491984201133e-02
7.317485688285082501e-01
1.898465073662012337e+00
2.274502775858408210e+00
-2.278199592223912329e-01
-1.048002578136004587e-01
2.629532200179561519e-02
-1.329783494690743306e-01
3.813126796220392967e-01
-2.186080745991107133e+00
-2.706212162520619247e-01
-1.985828281102849924e-01
1.459299722303948436e-02
4.532858065933343950e-01
-1.356907343567987700e+00
-1.623463930495423702e+00
-1.912528281824819598e-01
-2.566531594075029954e-01
-1.846086939295429191e-02
4.532858060511756326e-01
-1.356907346778792656e+00
-1.623463925375685291e+00
-1.912528280416189164e-01
-2.566531591700257353e-01
-1.846086947192569772e-02
-1.497474112197023643e+00
-1.358890897833975542e+00
-1.771316528193862760e+00
-8.911152500275679178e-02
-3.168130720995469551e-01
-2.734344088992017585e-02
-1.497474112197023643e+00
-1.358890897833975542e+00
-1.771316528193862760e+00
-1.111747289256789367e-01
-3.079516225707503163e-01
-6.394167676972924153e-02
8.126876380809024969e-01
-7.917126645353214087e-01
5.436620752187685257e-01
-1.258071827223436190e-01
-3.407633814009329853e-01
-7.359931028240773720e-02
8.126876380809024969e-01
-7.917126645353214087e-01
5.436620752187685257e-01
-1.155107782424381890e-01
-3.649288777593912014e-01
-1.084526310014658768e-01
9.719343404833343802e-01
-1.117106603241135865e+00
4.195345001247854366e-01
-1.039163732200834300e-01
-3.039147210445796721e-01
-8.583541743615039077e-02
9.719343404833343802e-01
-1.117106603241135865e+00
4.195345001247854366e-01
-8.837337534329885169e-02
-3.192350994488272198e-01
-1.236301571119695353e-01
0.000000000000000000e+00
0.000000000000000000e+00
0.000000000000000000e+00
0.000000000000000000e+00
0.000000000000000000e+00
0.000000000000000000e+00
-5.095876110575139339e-01
-9.146568827795288778e-10
2.743971106774200099e-09
0.000000000000000000e+00
-0.000000000000000000e+00
0.000000000000000000e+00
-5.095876178374222354e-01
3.965404859721332609e-01
-8.225475930927668156e-01
0.000000000000000000e+00
0.000000000000000000e+00
0.000000000000000000e+00
6.567635917319658567e-01
1.061228171082468696e+00
-5.021095182074616359e-01
-1.000818324759908950e-01
1.182450164241445612e-01
1.190075804717811159e-01
7.038516530264740112e-01
1.060836807951172300e+00
-6.726918766694849339e-01
-2.001636649519817901e-01
2.364900330171910703e-01
2.380151610249879313e-01
-2.564781401345895828e-01
-1.049977204194153524e+00
-9.329413803309327680e-01
-3.391529486078518341e-01
3.044558481027019869e-01
1.997700154816632323e-01
-2.236750675581231362e-01
-1.081411669182620994e+00
-7.990293406861923575e-01
-4.145575063996977949e-01
3.413213122811075140e-01
1.790095725668384985e-01
-2.776626972186771347e+00
7.874767646944786925e-01
2.650435700438553699e-01
-4.252057433531546415e-01
2.705221039173963948e-01
2.778104941269302630e-01
-2.776626972186770903e+00
7.874767646944792476e-01
2.650435700438551478e-01
-4.252057434782956502e-01
2.705221037353999214e-01
2.778104933566707957e-01
-4.572084014383558603e+00
-2.519693993858677761e+00
5.464745110946903628e-01
-4.162682174517591815e-01
2.728608639255110102e-01
3.644923038914305025e-01
-4.572084014383558603e+00
-2.519693993858677761e+00
5.464745110946903628e-01
-3.285361833212369076e-01
9.300883724620605253e-02
2.692383816080867742e-01
-4.193681190923083335e+00
-2.017506773384479146e+00
1.791752912126388431e+00
-4.463425199282157196e-01
1.347157551827543043e-01
4.598764094597979635e-01
-4.193681190923083335e+00
-2.017506773384479146e+00
1.791752912126388431e+00
-4.866501896343931044e-01
7.333879577658583560e-02
2.964242137656590836e-01
-2.217663351927197546e+00
1.610144432987184793e+00
1.612284518184474713e-01
-4.657464140180874734e-01
1.065337602637053127e-01
3.403311229672325577e-01
-2.217663351927197546e+00
1.610144432987184793e+00
1.612284518184474713e-01
-5.241483442621688305e-01
2.519759810485272533e-02
3.493068856207193762e-01
0.000000000000000000e+00
0.000000000000000000e+00
0.000000000000000000e+00
0.000000000000000000e+00
0.000000000000000000e+00
0.000000000000000000e+00
-5.130050206516123534e-01
-9.207907783819596989e-10
2.762372796655865440e-09
0.000000000000000000e+00
-0.000000000000000000e+00
0.000000000000000000e+00
-5.130050274003687960e-01
3.929636243809736529e-01
-8.194129401348756447e-01
0.000000000000000000e+00
0.000000000000000000e+00
0.000000000000000000e+00
6.615018794485292286e-01
1.061807958239460836e+00
-4.986571035551878861e-01
-9.948008894112264633e-02
1.177425715684639468e-01
1.187463959313303785e-01
7.101567184681879530e-01
1.061842300726963284e+00
-6.768874185740416660e-01
-1.989601778822452927e-01
2.354851433071300237e-01
2.374927919442841595e-01
-2.537723363105324759e-01
-1.050239227115432827e+00
-9.404360067587373972e-01
-3.389501242307310092e-01
3.041996644627928958e-01
1.984156648559713965e-01
-2.195403463953770062e-01
-1.083385314449864190e+00
-8.000063805784539683e-01
-4.148563896130209594e-01
3.414817814086612557e-01
1.772635277229574202e-01
-2.776773385877319811e+00
7.876287434737326842e-01
2.649823555189669833e-01
-4.255029514955477321e-01
2.707299072101884696e-01
2.759988544373838115e-01
-2.776773385877318923e+00
7.876287434737329063e-01
2.649823555189667057e-01
-4.255029516206750295e-01
2.707299070282290221e-01
2.759988536670154313e-01
-4.550530383729910255e+00
-2.481178152532099723e+00
5.428207480138269592e-01
-4.165578047495653302e-01
2.731306621916014810e-01
3.625998726171381081e-01
-4.550530383729910255e+00
-2.481178152532099723e+00
5.428207480138269592e-01
-3.305612401250748178e-01
9.461291297259405431e-02
2.675328377440450156e-01
-2.371268776712304405e+00
1.590547037946360209e+00
-1.719252140504990978e-01
-4.466438476633660670e-01
1.349648933020709818e-01
4.580070088493771174e-01
-2.371268776712304405e+00
1.590547037946360209e+00
-1.719252140504990978e-01
-5.062343518297229839e-01
5.054809057207010348e-02
4.989329801909327400e-01
-2.217969443109295113e+00
1.610417301550497893e+00
1.612657115081347348e-01
-4.660456021848232711e-01
1.067886748769412419e-01
3.384447986847346490e-01
-2.217969443109295113e+00
1.610417301550497893e+00
1.612657115081347348e-01
-5.244402531424245950e-01
2.546764977727294932e-02
3.473942171434907245e-01
