-2.221441471072811424e+00
nan
-2.221441467085554233e+00
2.610459999999999864e-02
2.799937000000000120e-01
-1.333499999999999686e-01
1.497715854587347684e+00
-9.924283814905588974e-01
-1.497715860870776128e+00
8.860460000000003333e-02
2.799937001121810543e-01
-1.333500001121810108e-01
-5.457365847895722100e-01
2.960236793204235717e+00
6.006762763860200582e-01
2.073546000000000833e-01
2.799937003253250012e-01
-1.333500007516129071e-01
-4.496918432167088531e-01
-1.253445354046208271e+00
-1.443857485328007728e+00
2.804559470395955878e-01
1.036183856250064428e-01
-2.080021368587616215e-01
-9.508591535019093044e-01
7.435935410236965692e-01
-1.251273054806058216e+00
3.535572940791910646e-01
-7.275692921873344599e-02
-2.826542726270588890e-01
-6.718373576822724846e-01
-1.146035511782498295e-01
2.940977546231503759e+00
4.340228732636194353e-01
-6.517923817987461566e-02
-4.738900411564691550e-01
1.394166600020179780e+00
1.171877620163711775e+00
-1.183046773323436884e+00
4.793212491437351397e-01
-6.035972977427804531e-02
-5.671042674384705329e-01
-9.867095861243987409e-01
-1.382267744404489518e+00
7.732067105731966761e-01
5.821945620640113228e-01
-7.173571718639157324e-02
-5.599118478729574466e-01
-9.867095860562380416e-01
-1.382267741151748996e+00
7.732067154838921930e-01
5.821945620439137326e-01
-7.173571744545567674e-02
-5.599118479952530647e-01
3.330781238216848905e-01
-2.546840521768462651e+00
1.249120001351368803e+00
6.990910842226404354e-01
-7.375548425766477456e-02
-5.814080018303640074e-01
3.330781238216848905e-01
-2.546840521768462651e+00
1.249120001351368803e+00
7.338239629055081092e-01
-9.335069907716768423e-02
-5.636767915166619458e-01
-2.925165470033637138e-01
1.676689207296213180e+00
2.127387144368961369e+00
6.945182496643608205e-01
-7.558212659085986052e-02
-5.178820494467185620e-01
-2.925165470033637138e-01
1.676689207296213180e+00
2.127387144368961369e+00
7.324293657184530737e-01
-7.343050678715397350e-02
-5.393962060967815164e-01
-2.983334932855088439e-01
1.193645418307823780e+00
2.291003470615290638e+00
6.914220582541787952e-01
-1.157804648862458541e-01
-5.368889120505577761e-01
-2.983334932855088439e-01
1.193645418307823780e+00
2.291003470615290638e+00
7.317899615729662743e-01
-1.077427678545294365e-01
-5.513999055617329059e-01
-2.221441471072811424e+00
nan
-2.221441467085554233e+00
2.610459999999999864e-02
2.799937000000000120e-01
1.333500000000000241e-01
1.497741482540339897e+00
-9.924060633340295867e-01
-1.497741488823946421e+00
8.860460000000003333e-02
2.799937001121810543e-01
1.333499998878189818e-01
-5.457388416346595772e-01
2.960218260863652695e+00
6.007287145130083550e-01
2.073546000000000833e-01
2.799937003253250012e-01
1.333499992483870855e-01
-4.496983682317537978e-01
-1.253395190424535954e+00
-1.443824995349166418e+00
2.804566570339845910e-01
1.036213576812357040e-01
5.869153685037037382e-02
-9.508967863249583319e-01
7.436206332194823521e-01
-1.251238791976375220e+00
3.535587140679690710e-01
-7.275098510628730253e-02
-1.596692520880010902e-02
-6.717662272920746913e-01
-1.146095101965719648e-01
2.940996208037015336e+00
4.340150710185859961e-01
-6.517188727495076828e-02
-2.072065181342662432e-01
1.394161280649484747e+00
1.171888447856138438e+00
-1.183054126896943226e+00
4.793089314809209078e-01
-6.035158408468385693e-02
-3.004228974974041400e-01
-9.867008983511085241e-01
-1.382259329057006880e+00
7.732116006624851767e-01
5.821823529878643599e-01
-7.172736804050174053e-02
-2.932317093587645251e-01
-9.867008982829262864e-01
-1.382259325804279237e+00
7.732116055731795834e-01
5.821823529677658815e-01
-7.172736829956566362e-02
-2.932317094810603653e-01
3.328505021151607068e-01
-2.546923891180799426e+00
1.249181631000399140e+00
6.990786263590181848e-01
-7.374685040823472648e-02
-3.147292429305141304e-01
3.328505021151607068e-01
-2.546923891180799426e+00
1.249181631000399140e+00
7.338068320730419813e-01
-9.334541493776689347e-02
-2.969925825662796393e-01
-3.673681190393949247e-01
1.627948058221958982e+00
2.055631501284375773e+00
6.945065433994472848e-01
-7.557361694172741451e-02
-2.512032400198719873e-01
-3.673681190393949247e-01
1.627948058221958982e+00
2.055631501284375773e+00
7.343247797795147136e-01
-7.456276447818489805e-02
-2.690421680562766205e-01
-2.981958657726867523e-01
1.193745308502568436e+00
2.291212701655891415e+00
6.914102128322793250e-01
-1.157719274687613736e-01
-2.702101386830146335e-01
-2.981958657726867523e-01
1.193745308502568436e+00
2.291212701655891415e+00
7.317740552576638136e-01
-1.077284019895276140e-01
-2.847291967493509879e-01
0.000000000000000000e+00
0.000000000000000000e+00
0.000000000000000000e+00
0.000000000000000000e+00
0.000000000000000000e+00
0.000000000000000000e+00
-5.619205886141586115e-01
-1.008589146986653269e-09
3.025767946475407971e-09
0.000000000000000000e+00
-0.000000000000000000e+00
0.000000000000000000e+00
-5.619205951842530800e-01
3.435917144634893505e-01
-8.117798144748554767e-01
-0.000000000000000000e+00
0.000000000000000000e+00
0.000000000000000000e+00
-9.464709409051064171e-01
1.271415770332759321e+00
-4.190715295926450978e-01
-1.688277756787857076e-01
-1.012907706907696798e-01
7.399190465328786548e-02
-9.427311689503117265e-01
1.272179834233391427e+00
-4.172146455716199132e-01
-3.376555513575714151e-01
-2.025815411911318087e-01
1.479838093871671811e-01
-1.474914799608078919e+00
1.215558301309914269e+00
6.779037644790549821e-01
-5.777803159837827662e-01
-4.164368789021199446e-01
3.847339666781982026e-02
-1.557170789295500235e+00
4.204511403062038966e-01
5.968207738572771648e-01
-6.943548054321424523e-01
-5.232119812455422458e-01
-2.369778444336140266e-02
-2.672700739818432147e+00
5.438092253398579823e-01
5.188281517202073534e-01
-6.845413188135733851e-01
-4.506152253674269303e-01
-4.923663087023202878e-02
-2.672700739818432147e+00
5.438092253398576492e-01
5.188281517202071313e-01
-6.845413187456692583e-01
-4.506152257047137955e-01
-4.923663016690207894e-02
-2.661079354119308515e+00
6.050928686463723505e-01
5.637896609344091869e-01
-6.951832136284431529e-01
-4.474188054185566643e-01
-1.074078050845868326e-01
-2.661079354119308515e+00
6.050928686463723505e-01
5.637896609344091869e-01
-6.734066051961284938e-01
-3.806526098333269381e-01
-7.628000068743767681e-02
-2.595065069556407700e+00
1.385591426598786535e+00
7.398198567268163828e-01
-6.596895012081306353e-01
-2.800054607871116374e-01
-1.000389871505274753e-01
-2.595065069556407700e+00
1.385591426598786535e+00
7.398198567268163828e-01
-6.910911432678692456e-01
-3.077887007631623373e-01
-1.581518979234323719e-01
-2.690471419323418267e+00
2.483993245082729562e-01
3.057634602613412689e-01
-6.491695788768468978e-01
-3.324115077967367271e-01
9.082878803297389503e-03
-2.690471419323418267e+00
2.483993245082729562e-01
3.057634602613412689e-01
-6.552317339199166257e-01
-3.591098913022932049e-01
-2.256967525391836982e-02
0.000000000000000000e+00
0.000000000000000000e+00
0.000000000000000000e+00
0.000000000000000000e+00
0.000000000000000000e+00
0.000000000000000000e+00
-5.614275102618129232e-01
-1.007704122510122680e-09
3.023112872602233363e-09
0.000000000000000000e+00
-0.000000000000000000e+00
0.000000000000000000e+00
-5.614275168318234588e-01
3.436176720610916169e-01
-8.117586711676577638e-01
-0.000000000000000000e+00
0.000000000000000000e+00
0.000000000000000000e+00
-9.462658027412306216e-01
1.272111791571604922e+00
-4.187268505428742293e-01
-1.688257455443597232e-01
-1.012565438321300776e-01
7.390112770758770766e-02
-9.429323325900109687e-01
1.272792891502615875e+00
-4.170718963341348839e-01
-3.376514910887193910e-01
-2.025130874740225795e-01
1.478022554957029999e-01
-1.475006075163789454e+00
1.216168070111681487e+00
6.779548320271233663e-01
-5.778988568330889475e-01
-4.163951682803261334e-01
3.825139989573073107e-02
-1.557307241158970568e+00
4.206171781935851839e-01
5.968260225542527664e-01
-6.945335888656318790e-01
-5.231827025841246925e-01
-2.394352346042991075e-02
-2.672686469065359116e+00
5.439562598291087792e-01
5.188573719850770871e-01
-6.847194877111109079e-01
-4.505862782387486387e-01
-4.949826099754450759e-02
-2.672686469065359116e+00
5.439562598291082240e-01
5.188573719850766430e-01
-6.847194876432175503e-01
-4.505862785760354483e-01
-4.949826029421530715e-02
-2.661356506073274453e+00
6.037010158083284672e-01
5.626898722344584325e-01
-6.953653823542587098e-01
-4.473899521380361732e-01
-1.076872774497221741e-01
-2.661356506073274453e+00
6.037010158083284672e-01
5.626898722344584325e-01
-6.736298287042217225e-01
-3.806451660455126840e-01
-7.649396329611174439e-02
-2.705802426162229768e+00
1.848929935998000762e-01
4.245927955800823383e-01
-6.598621841262943821e-01
-2.799771226738569929e-01
-1.003178901071984652e-01
-2.705802426162229768e+00
1.848929935998000762e-01
4.245927955800823383e-01
-6.635896776069712955e-01
-3.113392011352127398e-01
-1.104151700797190161e-01
-2.690850952267055174e+00
2.420323908373495647e-01
3.010938878616444825e-01
-6.493439158757516871e-01
-3.323831574906126463e-01
8.803858912203949005e-03
-2.690850952267055174e+00
2.420323908373495647e-01
3.010938878616444825e-01
-6.552798545709098699e-01
-3.592984724695407195e-01
-2.260942656877440449e-02
