-2.221441471072811424e+00
nan
-2.221441467085554233e+00
2.610459999999999864e-02
2.799937000000000120e-01
-1.333499999999999686e-01
1.444310374198922275e+00
-1.037660919813313543e+00
-1.444310380113591030e+00
8.860460000000003333e-02
2.799937001121810543e-01
-1.333500001121810108e-01
-1.487485072322969892e-01
-3.081375073218303839e+00
-5.048565577049899389e-01
2.073546000000000555e-01
2.799937003253250012e-01
-1.333500007516129071e-01
-1.104901268993344177e+00
-7.672285803503702262e-01
-1.216588107879759573e+00
1.876085130870954187e-01
8.661538223401235581e-02
-1.984646545847029708e-01
-1.935154714956911937e+00
9.141980887361761399e-01
-1.529506549988755681e+00
1.678624261741907819e-01
-1.067629359747203355e-01
-2.635793080690774781e-01
-3.992570539096093052e-01
-1.006261126311693843e+00
-2.778537942117424109e+00
1.165185766612517881e-01
-2.404944575004700213e-01
-4.138555179880152313e-01
4.457180875028641243e-01
9.255225454260233020e-01
-1.509217733061006594e+00
9.636058715969543498e-02
-3.075305357274317197e-01
-4.904315075356784348e-01
-1.614463567961697432e+00
-4.920081425581943058e-01
2.215006236415553609e+00
1.954361447939129692e-01
-3.002999780283171494e-01
-5.203616831921730190e-01
-1.614463568279514982e+00
-4.920081357871237127e-01
2.215006238661201721e+00
1.954361448760336406e-01
-3.002999781650910194e-01
-5.203616829533771471e-01
6.773280040993766571e-01
-3.997810274209681602e-01
1.512839697019606966e+00
3.032223960666168283e-01
-3.210932438483892759e-01
-5.659766491559766743e-01
6.773280040993766571e-01
-3.997810274209681602e-01
1.512839697019606966e+00
3.376200722476576654e-01
-3.375446692001539128e-01
-5.872108574494255828e-01
-3.305721168809421795e-01
-2.754154216664312926e+00
-3.928859663278946868e-01
3.007693891700136124e-01
-2.578019405144938436e-01
-5.590493304956247744e-01
-3.305721168809421795e-01
-2.754154216664312926e+00
-3.928859663278946868e-01
3.134841059685875564e-01
-2.958933170302610050e-01
-5.761409698691936088e-01
-1.242211916704254016e+00
2.612614456785165018e+00
1.141342506652093469e+00
3.135318422785471348e-01
-2.790551614306177597e-01
-5.220064631613737793e-01
-1.242211916704254016e+00
2.612614456785165018e+00
1.141342506652093469e+00
3.548783342321822909e-01
-2.776777591061501682e-01
-5.359101134221699869e-01
-2.221441471072811424e+00
nan
-2.221441467085554233e+00
2.610459999999999864e-02
2.799937000000000120e-01
1.333500000000000241e-01
1.444706934530143538e+00
-1.037334268010145832e+00
-1.444706940447534116e+00
8.860460000000003333e-02
2.799937001121810543e-01
1.333499998878189818e-01
-1.489912851273659522e-01
-3.081170141777050731e+00
-5.057065478631063149e-01
2.073546000000000833e-01
2.799937003253250012e-01
1.333499992483870855e-01
-1.104778617897864912e+00
-7.661872259579854960e-01
-1.216108629997009416e+00
1.875751256691596258e-01
8.665484351287255915e-02
6.812838594689286931e-02
-1.936921684713346137e+00
9.132445622443836619e-01
-1.529305922819679697e+00
1.677956513383191683e-01
-1.066840134171946619e-01
2.906772994048553715e-03
-3.999485992224054987e-01
-1.008114527690780804e+00
-2.777886669635186934e+00
1.163929089679333062e-01
-2.406225954819752877e-01
-1.471647576547716607e-01
4.447271554297716478e-01
9.245466339556623891e-01
-1.509461609597218645e+00
9.620427341197468341e-02
-3.077607672227146707e-01
-2.236431689203024764e-01
-1.614409891007738684e+00
-4.918784472435127619e-01
2.214975757839074966e+00
1.952792122536467223e-01
-3.005411575080915165e-01
-2.535780353654275010e-01
-1.614409891325147228e+00
-4.918784404725688453e-01
2.214975760084676448e+00
1.952792123357640908e-01
-3.005411576448687727e-01
-2.535780351266324617e-01
6.777944468460396221e-01
-3.980460827740372465e-01
1.508588399262502655e+00
3.030612128860132315e-01
-3.213466155022446369e-01
-2.991974856482143563e-01
6.777944468460396221e-01
-3.980460827740372465e-01
1.508588399262502655e+00
3.373427790039689733e-01
-3.379316156852043007e-01
-3.205153916908222156e-01
1.342563776754070126e+00
-2.624724690580325426e+00
-6.317864690604058087e-01
3.006151039916571954e-01
-2.580549079103984234e-01
-2.922714214162579482e-01
1.342563776754070126e+00
-2.624724690580325426e+00
-6.317864690604058087e-01
3.421854137806152329e-01
-2.570699139445324355e-01
-3.055258642769468347e-01
-1.241701213747814947e+00
2.612979241991232549e+00
1.141390646940162235e+00
3.133770426857472313e-01
-2.793086560179983135e-01
-2.552286793316472790e-01
-1.241701213747814947e+00
2.612979241991232549e+00
1.141390646940162235e+00
3.547206906759565737e-01
-2.779461300587321992e-01
-2.691422489125271378e-01
0.000000000000000000e+00
0.000000000000000000e+00
0.000000000000000000e+00
0.000000000000000000e+00
0.000000000000000000e+00
0.000000000000000000e+00
3.629330139725638893e-01
6.514270991185035024e-10
-1.954281623857598328e-09
0.000000000000000000e+00
-0.000000000000000000e+00
0.000000000000000000e+00
3.629330074028392361e-01
2.806255563466220626e-01
-8.334053055155042911e-01
0.000000000000000000e+00
0.000000000000000000e+00
0.000000000000000000e+00
4.549839081721512857e-01
1.182102819101666924e+00
-5.298584542859005042e-01
-1.794353522271933399e-01
4.008875073802328076e-02
-6.464211792578028470e-02
-1.623100434294635130e+00
1.221800656533428509e+00
-1.757234928563822240e-02
-3.588707044543866242e-01
8.017750134948617435e-02
-1.292842358941761471e-01
-1.654546677702737556e+00
1.117225106829582648e+00
-1.370300564317892822e-01
-5.448282534014502465e-01
-1.628336481767828914e-01
1.505074038170129413e-01
-1.524952128536405160e+00
7.026310231986636623e-01
1.917988116162631929e-01
-6.395668290868256056e-01
-2.867699468357188808e-01
2.839427363079990441e-01
-2.679841854310829330e+00
6.183468987351952162e-01
5.406845815925905852e-01
-6.619835114068772786e-01
-3.134094576960972933e-01
2.033029215197206807e-01
-2.679841854310829330e+00
6.183468987351948831e-01
5.406845815925910292e-01
-6.619835111852669929e-01
-3.134094570117610390e-01
2.033029218354740486e-01
-3.490419675226802632e+00
3.668785107964325665e+00
-3.135743981877312514e+00
-6.789467859166374852e-01
-3.773719884980465400e-01
1.923762913513918094e-01
-3.490419675226802632e+00
3.668785107964325665e+00
-3.135743981877312514e+00
-8.084379911231549531e-01
-5.593505929886281036e-01
1.236009879631344011e-01
-3.249108515040004974e+00
1.209753436371452828e+00
-1.200842537161205925e+00
-7.088839317679953567e-01
-3.601341730214209225e-01
2.428241687042723140e-02
-3.249108515040004974e+00
1.209753436371452828e+00
-1.200842537161205925e+00
-7.753023464525484743e-01
-4.309351368257621218e-01
1.326637603178364155e-01
-2.413342955866848438e+00
-1.078707616430063521e-02
1.270868653423322003e+00
-6.744873007730728398e-01
-2.539646851163291918e-01
7.334606452045527858e-02
-2.413342955866848438e+00
-1.078707616430063521e-02
1.270868653423322003e+00
-6.760878184760660270e-01
-2.349730009811635545e-01
7.046792808113727657e-02
0.000000000000000000e+00
0.000000000000000000e+00
0.000000000000000000e+00
0.000000000000000000e+00
0.000000000000000000e+00
0.000000000000000000e+00
3.642332302621744122e-01
6.537608524370472617e-10
-1.961282884982931131e-09
0.000000000000000000e+00
-0.000000000000000000e+00
0.000000000000000000e+00
3.642332236816995805e-01
2.815513227474040758e-01
-8.346130675079777017e-01
0.000000000000000000e+00
0.000000000000000000e+00
0.000000000000000000e+00
4.566974633680783713e-01
1.185363532761411820e+00
-5.297178639281272527e-01
-1.797263678494818717e-01
4.026408621148259287e-02
-6.485149791863759061e-02
-1.627410095179483207e+00
1.224606522397628572e+00
-1.400911516688085889e-02
-3.594527356989636879e-01
8.052817229597530879e-02
-1.297029958801144134e-01
-1.659807340187675839e+00
1.116868097318927999e+00
-1.367360731497063164e-01
-5.451076719791387859e-01
-1.629796447431916817e-01
1.512181382820348696e-01
-1.529957972487676621e+00
7.021962850909900800e-01
1.930148391405171193e-01
-6.397041796175256811e-01
-2.871585583794391550e-01
2.852026115249436389e-01
-2.679899352052989681e+00
6.183998388280316227e-01
5.404623558850575327e-01
-6.621178234377125271e-01
-3.138347125691300921e-01
2.045868580835674133e-01
-2.679899352052988792e+00
6.183998388280314007e-01
5.404623558850577547e-01
-6.621178232161186727e-01
-3.138347118848023865e-01
2.045868583993354362e-01
-3.495111260781264217e+00
3.686846063145833963e+00
-3.157692706031221430e+00
-6.790843172972235164e-01
-3.778381338392106104e-01
1.936910196616457858e-01
-3.495111260781264217e+00
3.686846063145833963e+00
-3.157692706031221430e+00
-8.100504893721832689e-01
-5.605972385870021668e-01
1.252665834807089040e-01
-2.384211547026785727e+00
3.112107810385706941e-01
1.445008432507587814e+00
-7.090080256855465501e-01
-3.605990085675081502e-01
2.558828684195563891e-02
-2.384211547026785727e+00
3.112107810385706941e-01
1.445008432507587814e+00
-7.145562757870980164e-01
-3.321309560983722320e-01
1.030272427734926777e-02
-2.413432449268146041e+00
-1.074607892233656048e-02
1.270647814449046287e+00
-6.746139491770539731e-01
-2.544308406044258342e-01
7.465421179265141483e-02
-2.413432449268146041e+00
-1.074607892233656048e-02
1.270647814449046287e+00
-6.761957234925179971e-01
-2.354770849559612855e-01
7.181012953382839847e-02
