-2.221441471072811424e+00
nan
-2.221441467085554233e+00
2.610459999999999864e-02
2.799937000000000120e-01
-1.333499999999999686e-01
1.516983149295962008e+00
-9.754791906921729261e-01
-1.516983155713560905e+00
8.860460000000003333e-02
2.799937001121810543e-01
-1.333500001121810108e-01
-1.433251103584198383e+00
-2.497071050829905658e+00
-5.425052236425067509e-01
2.073546000000000833e-01
2.799937003253250012e-01
-1.333500007516129071e-01
-1.257272559202283757e+00
6.806647720912573085e-01
-9.779204518061450635e-01
3.034170517351131302e-02
1.859153410514466365e-01
-1.762533500553851440e-01
-2.966979345793484768e+00
7.150520110404600116e-01
-3.332523963477601603e-01
-1.466711896529774573e-01
9.183698162489375982e-02
-2.191566990243731250e-01
7.070769314259326421e-01
1.862490013691696866e+00
2.235634700704993705e+00
-2.408445713269529165e-01
-9.268240505455158096e-02
-2.328395395017410219e-01
-8.588738780586095689e-02
3.493511512126149521e-01
-2.217339189627793861e+00
-2.866861979786988757e-01
-1.849251956153230014e-01
-2.452441900604463987e-01
3.651024885798117015e-01
-1.410894703372878700e+00
-1.532635426834727088e+00
-2.077704525462456819e-01
-2.457233112782818418e-01
-2.742261974904662836e-01
3.651024880492535485e-01
-1.410894706245201302e+00
-1.532635421582310364e+00
-2.077704524105684070e-01
-2.457233110500278983e-01
-2.742261975998561141e-01
-1.485561188385066123e+00
-1.629490015048360441e+00
-1.769427156792045430e+00
-1.053068181361861005e-01
-3.057406398226188426e-01
-2.797111664647052853e-01
-1.485561188385066123e+00
-1.629490015048360441e+00
-1.769427156792045430e+00
-1.234434718090941796e-01
-3.045948955287599014e-01
-3.193910125855268789e-01
1.056483246966011702e+00
2.009158962989502362e-01
-1.197759250886214266e+00
-1.431824392828343062e-01
-3.349587158162420364e-01
-3.218007782750609835e-01
1.056483246966011702e+00
2.009158962989502362e-01
-1.197759250886214266e+00
-1.831064484720548169e-01
-3.179440253803490490e-01
-3.264175871556372344e-01
9.030221924372384690e-01
-1.029923254268639399e+00
4.334228801747100901e-01
-1.220957528335883668e-01
-2.995389972788005117e-01
-3.387580428634197616e-01
9.030221924372384690e-01
-1.029923254268639399e+00
4.334228801747100901e-01
-1.089529718646119610e-01
-3.181618822378154410e-01
-3.759762721175743394e-01
-2.221441471072811424e+00
nan
-2.221441467085554233e+00
2.610459999999999864e-02
2.799937000000000120e-01
1.333500000000000241e-01
1.515459066608410010e+00
-9.768324064750693037e-01
-1.515459073015373415e+00
8.860460000000003333e-02
2.799937001121810543e-01
1.333499998878189818e-01
-1.434720000753710645e+00
-2.497926550556696323e+00
-5.398444884733389904e-01
2.073546000000000833e-01
2.799937003253250012e-01
1.333499992483870855e-01
-1.256697305592826552e+00
6.834904634032029636e-01
-9.746406342751848806e-01
3.028085191297058554e-02
1.859171091167449164e-01
9.069460422050173998e-02
-2.964995046099202725e+00
7.166696265341890859e-01
-3.278302125126301703e-01
-1.467928961740588567e-01
9.184051775621954183e-02
4.803920952773222536e-02
7.072088979043148482e-01
1.859831171377220649e+00
2.235884673606118866e+00
-2.411837371729070867e-01
-9.254637553434391650e-02
3.407165003494559002e-02
-8.375431551130058105e-02
3.501820700384584706e-01
-2.217308309749392414e+00
-2.871497947308556675e-01
-1.847074882417859276e-01
2.152121748839450760e-02
3.653856930530086089e-01
-1.410965152484389806e+00
-1.532423043256886830e+00
-2.082144061890851550e-01
-2.454876964385145355e-01
-7.444852789122650971e-03
3.653856925223626928e-01
-1.410965155357043033e+00
-1.532423038004587568e+00
-2.082144060534426022e-01
-2.454876962102315874e-01
-7.444852898495023241e-03
-1.489217915915046708e+00
-1.622361769851215829e+00
-1.765663389490433000e+00
-1.057355226165218876e-01
-3.054808205494671247e-01
-1.290969202687310656e-02
-1.489217915915046708e+00
-1.622361769851215829e+00
-1.765663389490433000e+00
-1.241107266360460815e-01
-3.041839766621922680e-01
-5.247496970545007661e-02
7.339578965312012482e-01
-7.062241805473505885e-01
5.403310288279202789e-01
-1.435966579681834943e-01
-3.347091515995489486e-01
-5.500521623396645299e-02
7.339578965312012482e-01
-7.062241805473505885e-01
5.403310288279202789e-01
-1.357060645253448938e-01
-3.622107236915062534e-01
-8.796190284231208967e-02
9.029558603390368532e-01
-1.030128360062753101e+00
4.339782561169004405e-01
-1.225153586863736016e-01
-2.992849230218849188e-01
-7.195975778684160495e-02
9.029558603390368532e-01
-1.030128360062753101e+00
4.339782561169004405e-01
-1.093511429433448590e-01
-3.179110994552330482e-01
-1.091687634165918186e-01
0.000000000000000000e+00
0.000000000000000000e+00
0.000000000000000000e+00
0.000000000000000000e+00
0.000000000000000000e+00
0.000000000000000000e+00
-5.733886926761141423e-01
-1.029173203751556755e-09
3.087520127087064101e-09
0.000000000000000000e+00
-0.000000000000000000e+00
0.000000000000000000e+00
-5.733886989103497145e-01
3.477329665178173768e-01
-7.625079707559379028e-01
0.000000000000000000e+00
0.000000000000000000e+00
0.000000000000000000e+00
6.589716270907394202e-01
1.002704672427713106e+00
-4.638156908867961392e-01
-8.665440774892396725e-02
1.103734475955939487e-01
1.154966870495908460e-01
7.281067409307856453e-01
1.008378743336778127e+00
-7.614990678684768755e-01
-1.733088154978479345e-01
2.207468953831493996e-01
2.309933741867235268e-01
-3.089854975623299582e-01
-1.078464353970252088e+00
-1.042134109757040905e+00
-3.276176419437544785e-01
3.024224061325562762e-01
1.916060011811833441e-01
-2.402530999310624749e-01
-1.161103041174321060e+00
-6.816226827094855611e-01
-4.103690269152882597e-01
3.463626717881198580e-01
1.706691254472204045e-01
-2.779507106176420272e+00
7.951841098960825693e-01
2.509247777187244566e-01
-4.181593046508229050e-01
2.856088925511446885e-01
2.769053732233733855e-01
-2.779507106176419828e+00
7.951841098960827914e-01
2.509247777187241790e-01
-4.181593047950824538e-01
2.856088922811396702e-01
2.769053724810515149e-01
-4.598279814280743061e+00
-2.605025019775008222e+00
9.840596900820218762e-01
-4.074610299981512584e-01
2.960740469986867240e-01
3.622465104810019820e-01
-4.598279814280743061e+00
-2.605025019775008222e+00
9.840596900820218762e-01
-3.052215188473167973e-01
9.576746175506004044e-02
3.097316210293034056e-01
-4.312692491878523882e+00
-2.219256806349272360e+00
2.399839462509982368e+00
-4.335984812773719388e-01
1.695817400584151424e-01
4.735764524223391447e-01
-4.312692491878523882e+00
-2.219256806349272360e+00
2.399839462509982368e+00
-4.641851222959864631e-01
5.385965030881331717e-02
3.115956955978975707e-01
-2.233334401239363221e+00
1.605439667331529430e+00
3.836582583310632621e-02
-4.559703136262056034e-01
1.277400747438594830e-01
3.583592950539503663e-01
-2.233334401239363221e+00
1.605439667331529430e+00
3.836582583310632621e-02
-5.150074528578166833e-01
4.512355664296119340e-02
3.788504827765968863e-01
0.000000000000000000e+00
0.000000000000000000e+00
0.000000000000000000e+00
0.000000000000000000e+00
0.000000000000000000e+00
0.000000000000000000e+00
-5.762783160633770940e-01
-1.034359777880224968e-09
3.103079852072633740e-09
0.000000000000000000e+00
-0.000000000000000000e+00
0.000000000000000000e+00
-5.762783222600550426e-01
3.439274204563542714e-01
-7.585328464598402043e-01
0.000000000000000000e+00
0.000000000000000000e+00
0.000000000000000000e+00
6.640305711129235178e-01
1.002884686472581777e+00
-4.597541400771526510e-01
-8.603054449517046065e-02
1.097348746877574582e-01
1.151148175557358405e-01
7.340946443995648441e-01
1.009549877889256875e+00
-7.653086081780314798e-01
-1.720610889903409491e-01
2.194697495686349642e-01
2.302296351990345269e-01
-3.068372283687421653e-01
-1.077499670052221914e+00
-1.049521480649506566e+00
-3.272749136411669535e-01
3.019613833372043477e-01
1.901644663412094260e-01
-2.372760747969820949e-01
-1.162215500643011490e+00
-6.821992169275253870e-01
-4.104768941802660609e-01
3.463528081876305342e-01
1.689145148754491732e-01
-2.779690853492286173e+00
7.954425595088798762e-01
2.507633747509714350e-01
-4.182762887475208746e-01
2.856301924788217650e-01
2.750761362142367106e-01
-2.779690853492285729e+00
7.954425595088807643e-01
2.507633747509710465e-01
-4.182762888917651578e-01
2.856301922088146927e-01
2.750761354717847218e-01
-4.575755075300426356e+00
-2.563969516756890776e+00
9.747925026309711694e-01
-4.075791761941852109e-01
2.961375795192088267e-01
3.603224091333068757e-01
-4.575755075300426356e+00
-2.563969516756890776e+00
9.747925026309711694e-01
-3.073991640026902950e-01
9.718454826324295082e-02
3.072749061639880042e-01
-2.397138607308332947e+00
1.547827799863360276e+00
-2.854923749024436130e-01
-4.337343527808864008e-01
1.696308498351025151e-01
4.716844920261016316e-01
-2.397138607308332947e+00
1.547827799863360276e+00
-2.854923749024436130e-01
-4.925971176347518354e-01
8.837639973589000997e-02
5.253962923611606994e-01
-2.233672784908975029e+00
1.605821663016974821e+00
3.827813437421134779e-02
-4.561038158150900190e-01
1.277888835074624807e-01
3.564471251982532785e-01
-2.233672784908975029e+00
1.605821663016974821e+00
3.827813437421134779e-02
-5.151418678302699394e-01
4.518004189790741920e-02
3.769125257675512986e-01
