-2.221441471072811424e+00
nan
-2.221441467085554233e+00
2.610459999999999864e-02
2.799937000000000120e-01
-1.333499999999999686e-01
1.440758769714980181e+00
-1.040580393849539709e+00
-1.440758775605284425e+00
8.860460000000003333e-02
2.799937001121810543e-01
-1.333500001121810108e-01
-3.115581179291785352e-01
3.054162218512537219e+00
4.925605052970696285e-01
2.073546000000000833e-01
2.799937003253250012e-01
-1.333500007516129071e-01
-7.509714913270573167e-01
-1.155603134398438536e+00
-1.333300916274795744e+00
2.487483530815836341e-01
8.939586154388534656e-02
-1.964691029130447020e-01
-1.245077524466062124e+00
8.648355603598342212e-01
-1.339712483385429698e+00
2.901421061631672127e-01
-1.012019773532293054e-01
-2.595882047251781843e-01
3.374777409086641700e-01
-2.793973622809107216e-01
-3.079622898381391138e+00
3.241804706976884054e-01
-1.390379817537333862e-01
-4.608668089304442383e-01
1.061393374224925745e+00
1.086547162600997041e+00
-1.290432894876677228e+00
3.467512120401730069e-01
-1.571370045809709348e-01
-5.605013888108743014e-01
-1.246666886426785581e+00
-1.174297832312190426e+00
1.272389720814715464e+00
4.504895472239782706e-01
-1.561863560568975684e-01
-5.617328841117804616e-01
-1.246666886432865828e+00
-1.174297827800550253e+00
1.272389725045156350e+00
4.504895472268383716e-01
-1.561863563433848467e-01
-5.617328840920016164e-01
4.927032028423963816e-01
-1.998744722745980029e+00
1.740495383413964481e+00
5.647934234226292816e-01
-1.600849323434735405e-01
-5.941425427904334367e-01
4.927032028423963816e-01
-1.998744722745980029e+00
1.740495383413964481e+00
6.047542917409115537e-01
-1.657654598033889426e-01
-5.775412857405576306e-01
-2.391458920025848478e-01
2.391491401385205773e+00
1.852777136935360724e+00
5.652701739103468404e-01
-1.310203437209903621e-01
-5.374431912814585655e-01
-2.391458920025848478e-01
2.391491401385205773e+00
1.852777136935360724e+00
5.962370793224899268e-01
-1.383814436573143070e-01
-5.673029652513471577e-01
-5.045243542106212509e-01
1.792587597928109178e+00
2.017450355805950224e+00
5.657337502943579066e-01
-1.754871765266329819e-01
-5.344035356807012027e-01
-5.045243542106212509e-01
1.792587597928109178e+00
2.017450355805950224e+00
6.053661213291930965e-01
-1.730721799773933256e-01
-5.525193873701559344e-01
-2.221441471072811424e+00
nan
-2.221441467085554233e+00
2.610459999999999864e-02
2.799937000000000120e-01
1.333500000000000241e-01
1.440860916273360326e+00
-1.040496579058460824e+00
-1.440860922164365343e+00
8.860460000000003333e-02
2.799937001121810543e-01
1.333499998878189818e-01
-3.115503757171432797e-01
3.054113564259206548e+00
4.927779053275401777e-01
2.073546000000000833e-01
2.799937003253250012e-01
1.333499992483870855e-01
-7.509853613645270931e-01
-1.155373321174401724e+00
-1.333174412388276275e+00
2.487479914690021998e-01
8.940486693022103859e-02
7.020347339155723343e-02
-1.245328467691494412e+00
8.648739149709047114e-01
-1.339668264426312483e+00
2.901413829380042886e-01
-1.011839665806080757e-01
7.056947884009068250e-03
3.371983954255373117e-01
-2.795758514951725560e-01
-3.079642909030018583e+00
3.241429242078069928e-01
-1.390449130190425930e-01
-1.942231900483361862e-01
1.061292705969419270e+00
1.086489981376402847e+00
-1.290515132338213133e+00
3.466954205921294330e-01
-1.571561278429640385e-01
-2.938596858941702195e-01
-1.246636701221332189e+00
-1.174260804025048843e+00
1.272400571194778562e+00
4.504337132847504588e-01
-1.562065819704980818e-01
-2.950956033089633390e-01
-1.246636701227314070e+00
-1.174260799513458631e+00
1.272400575425217006e+00
4.504337132876083949e-01
-1.562065822569854157e-01
-2.950956032891854930e-01
4.925538188515061755e-01
-1.998825766038626384e+00
1.740573167472737826e+00
5.647361653845232032e-01
-1.601062823100734278e-01
-3.275101489329002025e-01
4.925538188515061755e-01
-1.998825766038626384e+00
1.740573167472737826e+00
6.046944864360850325e-01
-1.657878064142091490e-01
-3.109031026210348214e-01
-6.163797442261865767e-01
2.174172465182249603e+00
1.688197304462977222e+00
5.652156442932113611e-01
-1.310418647502662737e-01
-2.708107327432665024e-01
-6.163797442261865767e-01
2.174172465182249603e+00
1.688197304462977222e+00
6.049066975933098389e-01
-1.351388379020188324e-01
-2.884905580685507287e-01
-5.042314431193978264e-01
1.792790164173500456e+00
2.017673291923143264e+00
5.656788761354313300e-01
-1.755087113947579880e-01
-2.677712270670731809e-01
-5.042314431193978264e-01
1.792790164173500456e+00
2.017673291923143264e+00
6.053049575794255954e-01
-1.730927390651385844e-01
-2.859007022858005009e-01
0.000000000000000000e+00
0.000000000000000000e+00
0.000000000000000000e+00
0.000000000000000000e+00
0.000000000000000000e+00
0.000000000000000000e+00
-2.760318363815877363e-01
-4.954485029350464187e-10
1.486345757129120454e-09
0.000000000000000000e+00
-0.000000000000000000e+00
0.000000000000000000e+00
-2.760318424866006759e-01
2.568992203012828712e-01
-7.757467193078132484e-01
-0.000000000000000000e+00
0.000000000000000000e+00
0.000000000000000000e+00
-4.838807463576251799e-01
1.213941018779244541e+00
-4.588091345684288669e-01
-1.640708962732500831e-01
-4.953395021859605812e-02
4.197704972080226749e-02
-1.193457238834509271e+00
1.106612269918271885e+00
-6.000564994836412591e-01
-3.281417925465001662e-01
-9.906790034077470053e-02
8.395409947353452140e-02
-1.416838529664974144e+00
1.285737227338625388e+00
3.860210390129967806e-01
-5.735829059870848345e-01
-3.597102494227882863e-01
9.144248097203847014e-02
-1.408718837054133699e+00
5.704011787469019934e-01
5.178041117727242293e-01
-6.947001908727071795e-01
-4.921635800600445698e-01
8.806583147029116432e-02
-2.672296519558226890e+00
5.588218717783001166e-01
5.328042554796426078e-01
-6.958948869585812602e-01
-4.401822741815433204e-01
2.755416631692760368e-02
-2.672296519558226446e+00
5.588218717782994505e-01
5.328042554796426078e-01
-6.958948867948869799e-01
-4.401822741271647632e-01
2.755416708090817346e-02
-2.574242803271463931e+00
1.577376281743852582e+00
6.453026430994919238e-01
-7.119289350492822299e-01
-4.658889006121182952e-01
-2.590318789006840206e-02
-2.574242803271463931e+00
1.577376281743852582e+00
6.453026430994919238e-01
-6.820768465475924858e-01
-3.973663801798775208e-01
-7.431345684074303071e-02
-2.683051823402588187e+00
1.437442731648145733e+00
3.050505410903107673e-01
-6.957298338122455128e-01
-3.141174062248185406e-01
-1.038388055082394013e-01
-2.683051823402588187e+00
1.437442731648145733e+00
3.050505410903107673e-01
-7.364060413553230600e-01
-3.847862559692506457e-01
-1.286017460081573804e-01
-2.664565320155121597e+00
-4.344556797917419333e-01
4.173056230080220974e-01
-6.703390900333207059e-01
-3.057475496721178132e-01
1.473070041143148545e-02
-2.664565320155121597e+00
-4.344556797917419333e-01
4.173056230080220974e-01
-6.634763470121149975e-01
-3.374796085429356829e-01
2.551429305773106337e-02
0.000000000000000000e+00
0.000000000000000000e+00
0.000000000000000000e+00
0.000000000000000000e+00
0.000000000000000000e+00
0.000000000000000000e+00
-2.751677558139343227e-01
-4.938975679803286759e-10
1.481692951487622074e-09
0.000000000000000000e+00
-0.000000000000000000e+00
0.000000000000000000e+00
-2.751677619195694868e-01
2.570368863426357176e-01
-7.757886898152269728e-01
-0.000000000000000000e+00
0.000000000000000000e+00
0.000000000000000000e+00
-4.832719855694715960e-01
1.215217403245028471e+00
-4.583211376148261240e-01
-1.640876477425944613e-01
-4.948841312776595946e-02
4.180427427383838490e-02
-1.195092816641150968e+00
1.107515340492557510e+00
-5.998628615302270539e-01
-3.281752954851889781e-01
-9.897682615942085538e-02
8.360854857952070007e-02
-1.418173064391572646e+00
1.286664212578847888e+00
3.857013881873243011e-01
-5.738075116525210850e-01
-3.599215349774485539e-01
9.119866514263196000e-02
-1.410046026110695738e+00
5.705936896489194332e-01
5.177031421155121604e-01
-6.950207044247711519e-01
-4.925248004538502200e-01
8.786601216730526021e-02
-2.672285360923323250e+00
5.590400589870263559e-01
5.327412104353091982e-01
-6.962174939843379651e-01
-4.405618608085116739e-01
2.733469359786266928e-02
-2.672285360923323694e+00
5.590400589870258008e-01
5.327412104353093092e-01
-6.962174938206578956e-01
-4.405618607541372245e-01
2.733469436184090412e-02
-2.574068823129175509e+00
1.579121516388678259e+00
6.454072079595728484e-01
-7.122609924027408779e-01
-4.662891498729824225e-01
-2.614384383692092140e-02
-2.574068823129175509e+00
1.579121516388678259e+00
6.454072079595728484e-01
-6.823695516390058113e-01
-3.977520812927067273e-01
-7.461825430389601443e-02
-2.660436325100870025e+00
-4.088996177303027002e-01
7.836443443065950198e-01
-6.960475604229673374e-01
-3.145166918423327740e-01
-1.040803093231524867e-01
-2.660436325100870025e+00
-4.088996177303027002e-01
7.836443443065950198e-01
-6.856077167667732342e-01
-3.304490719209633998e-01
-7.695091660554365109e-02
-2.664569680398852114e+00
-4.342372368662129611e-01
4.172393411148440645e-01
-6.706590332848287872e-01
-3.061474826270615957e-01
1.448882885494578998e-02
-2.664569680398852114e+00
-4.342372368662129611e-01
4.172393411148440645e-01
-6.637945787629763172e-01
-3.379211725037693514e-01
2.525842235083491927e-02
