-2.221441471072811424e+00
nan
-2.221441467085554233e+00
2.610459999999999864e-02
2.799937000000000120e-01
-1.333499999999999686e-01
1.609095110031469433e+00
-8.895279827288029573e-01
-1.609095117099336170e+00
8.860460000000003333e-02
2.799937001121810543e-01
-1.333500001121810108e-01
-7.970136133876490891e-01
2.767548082679302635e+00
7.970136154015802221e-01
2.073546000000000833e-01
2.799937003253250012e-01
-1.333500007516129071e-01
-3.103192835577075689e-02
-1.254249027508095971e+00
-1.606517770646610055e+00
3.163860476484361972e-01
1.329832451479845135e-01
-2.256813036355078128e-01
-6.220551902040200032e-01
6.062239554430242094e-01
-1.246090989218360479e+00
4.254174952968723389e-01
-1.402721022505612480e-02
-3.180126062078077465e-01
-9.382124578281281213e-01
-4.960055425206625901e-01
2.579919930791740867e+00
5.549487680663879319e-01
2.690177368369071897e-02
-4.750148917036148832e-01
1.774927964402695402e+00
1.292749125695297874e+00
-1.041560010503528755e+00
6.238684409886785520e-01
4.794819720071463731e-02
-5.496552912297867355e-01
-6.606195035030263396e-01
-1.513890064325188023e+00
2.247903645764522951e-01
7.237319752544213447e-01
2.094824983222163747e-02
-5.417597313349203914e-01
-6.606195034126235432e-01
-1.513890062528799652e+00
2.247903699802427102e-01
7.237319752325661604e-01
2.094824968038998605e-02
-5.417597315777039624e-01
3.693439221691844909e-01
-2.903078698280384007e+00
4.969622706656170452e-01
8.420150467063478583e-01
1.493929550699122158e-02
-5.519562239957006566e-01
3.693439221691844909e-01
-2.903078698280384007e+00
4.969622706656170452e-01
8.752377330737981520e-01
-1.276587388779192728e-02
-5.461754088329054957e-01
-2.260074048284683723e-01
9.009261776311902059e-01
2.157921200803881501e+00
8.287488486127586595e-01
-1.913857310462506109e-02
-4.997786337543808077e-01
-2.260074048284683723e-01
9.009261776311902059e-01
2.157921200803881501e+00
8.714740325945236066e-01
-1.738758696538234005e-02
-5.085098321758187989e-01
-1.631118164697614448e-01
4.510224850456756585e-01
2.268318726319298317e+00
8.253838216671206540e-01
-4.268493768383728459e-02
-5.374747733147913209e-01
-1.631118164697614448e-01
4.510224850456756585e-01
2.268318726319298317e+00
8.685966803663411895e-01
-3.754601489038889017e-02
-5.407885989248950587e-01
-2.221441471072811424e+00
nan
-2.221441467085554233e+00
2.610459999999999864e-02
2.799937000000000120e-01
1.333500000000000241e-01
1.609095110031469433e+00
-8.895279827288029573e-01
-1.609095117099336170e+00
8.860460000000003333e-02
2.799937001121810543e-01
1.333499998878189818e-01
-7.970136133876490891e-01
2.767548082679302635e+00
7.970136154015802221e-01
2.073546000000000833e-01
2.799937003253250012e-01
1.333499992483870855e-01
-3.103192835577075689e-02
-1.254249027508095971e+00
-1.606517770646610055e+00
3.163860476484361972e-01
1.329832451479845135e-01
4.101869636449216594e-02
-6.220551902040200032e-01
6.062239554430242094e-01
-1.246090989218360479e+00
4.254174952968723389e-01
-1.402721022505612480e-02
-5.131260620780775383e-02
-9.382124578281281213e-01
-4.960055425206625901e-01
2.579919930791740867e+00
5.549487680663879319e-01
2.690177368369071897e-02
-2.083148917036148906e-01
1.774927964402695402e+00
1.292749125695297874e+00
-1.041560010503528755e+00
6.238684409886785520e-01
4.794819720071463731e-02
-2.829552912297867429e-01
-6.606195035030263396e-01
-1.513890064325188023e+00
2.247903645764522951e-01
7.237319752544213447e-01
2.094824983222163747e-02
-2.750597313349203432e-01
-6.606195034126235432e-01
-1.513890062528799652e+00
2.247903699802427102e-01
7.237319752325661604e-01
2.094824968038998605e-02
-2.750597315777038587e-01
3.693439221691844909e-01
-2.903078698280384007e+00
4.969622706656170452e-01
8.420150467063478583e-01
1.493929550699122158e-02
-2.852562239957004975e-01
3.693439221691844909e-01
-2.903078698280384007e+00
4.969622706656170452e-01
8.752377330737981520e-01
-1.276587388779192728e-02
-2.794754088329053920e-01
-2.260074048284683723e-01
9.009261776311902059e-01
2.157921200803881501e+00
8.287488486127586595e-01
-1.913857310462506109e-02
-2.330786337543807041e-01
-2.260074048284683723e-01
9.009261776311902059e-01
2.157921200803881501e+00
8.714740325945236066e-01
-1.738758696538234005e-02
-2.418098321758187230e-01
-1.631118164697614448e-01
4.510224850456756585e-01
2.268318726319298317e+00
8.253838216671206540e-01
-4.268493768383728459e-02
-2.707747733147912728e-01
-1.631118164697614448e-01
4.510224850456756585e-01
2.268318726319298317e+00
8.685966803663411895e-01
-3.754601489038889017e-02
-2.740885989248950105e-01
0.000000000000000000e+00
0.000000000000000000e+00
0.000000000000000000e+00
0.000000000000000000e+00
0.000000000000000000e+00
0.000000000000000000e+00
-9.748370866011466518e-01
-1.749731413207077452e-09
5.249195116604950711e-09
0.000000000000000000e+00
-0.000000000000000000e+00
0.000000000000000000e+00
-9.748370938556675247e-01
5.278633202077587239e-01
-8.404671559360756827e-01
-0.000000000000000000e+00
0.000000000000000000e+00
0.000000000000000000e+00
-1.510961345138380540e+00
1.250736142842730381e+00
-3.864600641367955114e-01
-1.722957672551681252e-01
-1.816453296879176615e-01
8.575754292871562434e-02
-8.292544494599278782e-01
1.344404091669972878e+00
2.694098365304609111e-01
-3.445915345103362504e-01
-3.632906590720809126e-01
1.715150860482070050e-01
-1.508444047375682162e+00
1.136995795606094539e+00
1.004976051413870364e+00
-5.666927203966497517e-01
-4.585885038724389906e-01
-3.656782908055107584e-02
-1.708839202962736836e+00
2.702220116522244253e-01
5.755349344271087908e-01
-6.727096924427889979e-01
-5.019167494732564849e-01
-1.466765597005448840e-01
-2.674094310658463591e+00
5.311965251636037166e-01
4.992184942228276578e-01
-6.550367254266167283e-01
-4.309495545502748381e-01
-1.275233162793234232e-01
-2.674094310658463147e+00
5.311965251636033836e-01
4.992184942228272138e-01
-6.550367254797853089e-01
-4.309495552104115612e-01
-1.275233158617020413e-01
-2.794682933938685832e+00
2.027635877991557090e-01
-3.818012253774462073e-01
-6.574532857667839680e-01
-3.991668407408562325e-01
-1.742863622461597595e-01
-2.794682933938685832e+00
2.027635877991557090e-01
-3.818012253774462073e-01
-6.668590145681897452e-01
-3.956957576265619503e-01
-1.035955492408692780e-01
-2.552902536879203321e+00
1.191593709312828153e+00
1.224695896280566298e+00
-6.127244288845701270e-01
-2.662617749690175950e-01
-7.611196934302372208e-02
-2.552902536879203321e+00
1.191593709312828153e+00
1.224695896280566298e+00
-6.252728955374924347e-01
-2.362263160788027339e-01
-1.314931267618410227e-01
-2.674094310658463147e+00
5.311965251636030505e-01
4.992184942228277134e-01
-6.209937065614865581e-01
-3.687446909861197275e-01
-1.135927916445747532e-02
-2.674094310658463147e+00
5.311965251636030505e-01
4.992184942228277134e-01
-6.253194445094445442e-01
-3.560335149457237724e-01
-4.805576375274260570e-02
0.000000000000000000e+00
0.000000000000000000e+00
0.000000000000000000e+00
0.000000000000000000e+00
0.000000000000000000e+00
0.000000000000000000e+00
-9.744941223931596896e-01
-1.749115828042572918e-09
5.247348360802899361e-09
0.000000000000000000e+00
-0.000000000000000000e+00
0.000000000000000000e+00
-9.744941296470542857e-01
5.278177386178909414e-01
-8.403945806549611985e-01
-0.000000000000000000e+00
0.000000000000000000e+00
0.000000000000000000e+00
-1.510839045308737028e+00
1.250988089824082827e+00
-3.862006232313037746e-01
-1.722808893224768989e-01
-1.816057503677304674e-01
8.571209343102723088e-02
-8.290142455190361304e-01
1.344672238922041574e+00
2.697827129288644099e-01
-3.445617786449537978e-01
-3.632115004318133833e-01
1.714241870527631328e-01
-1.508087030955763019e+00
1.137299614601824160e+00
1.005222419230115571e+00
-5.667203257148017981e-01
-4.584233335099954232e-01
-3.668363022761352010e-02
-1.708550118804610385e+00
2.702320016707309147e-01
5.756357253390707029e-01
-6.727651600935676823e-01
-5.017079516732785294e-01
-1.468057860346444476e-01
-2.674088179693663303e+00
5.312830167943638493e-01
4.992969138670418916e-01
-6.550893928512875330e-01
-4.307329738948917353e-01
-1.276613455090329363e-01
-2.674088179693663303e+00
5.312830167943636273e-01
4.992969138670413365e-01
-6.550893929044653285e-01
-4.307329745550285138e-01
-1.276613450914105274e-01
-2.795141916839519514e+00
2.015833039336554500e-01
-3.851209246961713184e-01
-6.575063638826728063e-01
-3.989409218547557145e-01
-1.744346588122978881e-01
-2.795141916839519514e+00
2.015833039336554500e-01
-3.851209246961713184e-01
-6.670108885189098835e-01
-3.955774747744489894e-01
-1.036919174073023531e-01
-2.674088179693662859e+00
5.312830167943637383e-01
4.992969138670407814e-01
-6.127703217012576697e-01
-2.660372163124206102e-01
-7.625932742426766442e-02
-2.674088179693662859e+00
5.312830167943637383e-01
4.992969138670407814e-01
-6.182833211143774488e-01
-2.680526582992512896e-01
-1.036407834009502871e-01
-2.674088179693663747e+00
5.312830167943631832e-01
4.992969138670416696e-01
-6.210410132812252959e-01
-3.685201651000341028e-01
-1.150649056096561540e-02
-2.674088179693663747e+00
5.312830167943631832e-01
4.992969138670416696e-01
-6.253674408398615103e-01
-3.558055800056851847e-01
-4.820668119331471269e-02
