-2.221441471072811424e+00
nan
-2.221441467085554233e+00
2.610459999999999864e-02
2.799937000000000120e-01
-1.333499999999999686e-01
1.493765317242913948e+00
-9.958615652114298777e-01
-1.493765323498907893e+00
8.860460000000003333e-02
2.799937001121810543e-01
-1.333500001121810108e-01
-5.334291933432175892e-01
2.966757402178663572e+00
5.933257110040180971e-01
2.073546000000000833e-01
2.799937003253250012e-01
-1.333500007516129071e-01
-4.674492277135293694e-01
-1.250299594487750410e+00
-1.437104366224789542e+00
2.787648510256152123e-01
1.026137390823592399e-01
-2.072548409036803763e-01
-9.661334865410612371e-01
7.506082126394151288e-01
-1.254372643090247097e+00
3.501751020512303136e-01
-7.476622230212151554e-02
-2.811596807160958167e-01
-6.566575452814416014e-01
-9.449022197060302775e-02
2.954761851341110468e+00
4.282275978543859107e-01
-6.932090672999827174e-02
-4.734651835942464970e-01
1.376281874577335751e+00
1.166856103722071492e+00
-1.189021494506193433e+00
4.723538797092254882e-01
-6.556673770412069224e-02
-5.672886346317798090e-01
-1.001297090736224638e+00
-1.373487786238742014e+00
7.994844835810503980e-01
5.753237637962074214e-01
-7.621228562262793993e-02
-5.603649231539475917e-01
-1.001297090670622669e+00
-1.373487782918279665e+00
7.994844884614897840e-01
5.753237637768364721e-01
-7.621228588495532197e-02
-5.603649232692013982e-01
3.381197999300251111e-01
-2.523661651633977598e+00
1.280750708506299240e+00
6.921119549963234974e-01
-7.819547657544731467e-02
-5.824453746125434206e-01
3.381197999300251111e-01
-2.523661651633977598e+00
1.280750708506299240e+00
7.270635140761032567e-01
-9.711807839145827903e-02
-5.644158215671857270e-01
-2.926299642163529002e-01
1.714590838201828893e+00
2.119136245963860965e+00
6.878911146381254671e-01
-7.835494361406623864e-02
-5.188690178335157999e-01
-2.926299642163529002e-01
1.714590838201828893e+00
2.119136245963860965e+00
7.254842436329307365e-01
-7.648847630445984591e-02
-5.409600584783588184e-01
-3.075608505386683289e-01
1.226750576237349177e+00
2.280292052680253256e+00
6.849074985434728813e-01
-1.190603337719288446e-01
-5.367833382531107533e-01
-3.075608505386683289e-01
1.226750576237349177e+00
2.280292052680253256e+00
7.252139684055745050e-01
-1.112869657665584155e-01
-5.516057659125255253e-01
-2.221441471072811424e+00
nan
-2.221441467085554233e+00
2.610459999999999864e-02
2.799937000000000120e-01
1.333500000000000241e-01
1.493794433501306695e+00
-9.958363138490433641e-01
-1.493794439757502701e+00
8.860460000000003333e-02
2.799937001121810543e-01
1.333499998878189818e-01
-5.334313205698208993e-01
2.966736864287626396e+00
5.933854690182582825e-01
2.073546000000000833e-01
2.799937003253250012e-01
1.333499992483870855e-01
-4.674565457289117099e-01
-1.250242136554301720e+00
-1.437067814042414904e+00
2.787655813533039817e-01
1.026170492974174675e-01
5.943792031481880123e-02
-9.661772040962548491e-01
7.506384828936522036e-01
-1.254335462696019476e+00
3.501765627066079078e-01
-7.475960187201913243e-02
-1.447415827910332464e-02
-6.565770879822889761e-01
-9.449418804150468143e-02
2.954782430896777612e+00
4.282185993139966396e-01
-6.931314141504731074e-02
-2.067838735580295739e-01
1.376274730469414287e+00
1.166867118086528876e+00
-1.189030769653456776e+00
4.723397574406038579e-01
-6.555829919594387267e-02
-3.006097072365883083e-01
-1.001287290286625442e+00
-1.373478221634734764e+00
7.994899886498301189e-01
5.753097568295787445e-01
-7.620363852914442682e-02
-2.936873899717173386e-01
-1.001287290220999715e+00
-1.373478218314287957e+00
7.994899935302688387e-01
5.753097568102067960e-01
-7.620363879147160069e-02
-2.936873900869714227e-01
3.378723126512911401e-01
-2.523754694134548782e+00
1.280820734499001023e+00
6.920976577797318674e-01
-7.818653451892765283e-02
-3.157694030574063615e-01
3.378723126512911401e-01
-2.523754694134548782e+00
1.280820734499001023e+00
7.270441417646678062e-01
-9.711268453625962471e-02
-2.977337376351918419e-01
-3.787691358855893586e-01
1.658754019031965399e+00
2.039602192060116614e+00
6.878776657692703411e-01
-7.834613466951668992e-02
-2.521929902961976833e-01
-3.787691358855893586e-01
1.658754019031965399e+00
2.039602192060116614e+00
7.276589883897418565e-01
-7.764255333569987372e-02
-2.701287776634327398e-01
-3.074621120915025929e-01
1.226820014370894274e+00
2.280432022647485457e+00
6.848938985217182251e-01
-1.190514963197998877e-01
-2.701073503163627931e-01
-3.074621120915025929e-01
1.226820014370894274e+00
2.280432022647485457e+00
7.251975800888398327e-01
-1.112743919513836804e-01
-2.849353988861788589e-01
0.000000000000000000e+00
0.000000000000000000e+00
0.000000000000000000e+00
0.000000000000000000e+00
0.000000000000000000e+00
0.000000000000000000e+00
-5.458367749691498405e-01
-9.797203704847648533e-10
2.939161602500409523e-09
0.000000000000000000e+00
-0.000000000000000000e+00
0.000000000000000000e+00
-5.458367815115845456e-01
3.374880677816899377e-01
-8.100094754777201755e-01
-0.000000000000000000e+00
0.000000000000000000e+00
0.000000000000000000e+00
-9.212913578875165932e-01
1.270100925217248156e+00
-4.214390682129663390e-01
-1.686214510693088142e-01
-9.818296006372337348e-02
7.272039951106981648e-02
-9.540689562404452984e-01
1.263439167658298778e+00
-4.371213191233904727e-01
-3.372429021386177395e-01
-1.963659199420522139e-01
1.454407990993837330e-01
-1.471550161370260623e+00
1.219412981219953007e+00
6.631724394139825174e-01
-5.778289431051690794e-01
-4.139570402786513781e-01
4.163101222389664624e-02
-1.548769625329083022e+00
4.282934900283775770e-01
5.952000518942375251e-01
-6.947281386740553621e-01
-5.227596208133052924e-01
-1.770159671870646934e-02
-2.672671094312609519e+00
5.444881158597369986e-01
5.196287374921518820e-01
-6.854265274477270298e-01
-4.507487064297813206e-01
-4.531542648096825721e-02
-2.672671094312609519e+00
5.444881158597363324e-01
5.196287374921515489e-01
-6.854265273741687592e-01
-4.507487067478828102e-01
-4.531542576930633337e-02
-2.654183057579386329e+00
6.446847348095303687e-01
5.889479830886978906e-01
-6.964185478487309178e-01
-4.490759904452349405e-01
-1.036047915280835230e-01
-2.654183057579386329e+00
6.446847348095303687e-01
5.889479830886978906e-01
-6.736507420506199217e-01
-3.806376059906759757e-01
-7.591347897923372834e-02
-2.598544686467044951e+00
1.389984331325212707e+00
7.172081421383055266e-01
-6.617191134769426775e-01
-2.813505693467088786e-01
-1.008803911694911848e-01
-2.598544686467044951e+00
1.389984331325212707e+00
7.172081421383055266e-01
-6.937639593874276311e-01
-3.117930274293632120e-01
-1.579843501476000944e-01
-2.690258844313533348e+00
2.391013806711939915e-01
3.116477196205303946e-01
-6.503215575522599545e-01
-3.307800283708397515e-01
9.536271993971584537e-03
-2.690258844313533348e+00
2.391013806711939915e-01
3.116477196205303946e-01
-6.562881728831698736e-01
-3.580947760573002236e-01
-2.101343262659047251e-02
0.000000000000000000e+00
0.000000000000000000e+00
0.000000000000000000e+00
0.000000000000000000e+00
0.000000000000000000e+00
0.000000000000000000e+00
-5.453417332698887732e-01
-9.788318220042545514e-10
2.936495956613529332e-09
0.000000000000000000e+00
-0.000000000000000000e+00
0.000000000000000000e+00
-5.453417398122664128e-01
3.375194340768218337e-01
-8.099903041689205940e-01
-0.000000000000000000e+00
0.000000000000000000e+00
0.000000000000000000e+00
-9.210828822907261015e-01
1.270817146786714424e+00
-4.210892090216948325e-01
-1.686201305716585053e-01
-9.814954422613733631e-02
7.262829746039478618e-02
-9.543268060777079231e-01
1.264060102754766213e+00
-4.369924201830978072e-01
-3.372402611433170105e-01
-1.962990882670514192e-01
1.452565949979713333e-01
-1.471689951017489673e+00
1.220030955250215321e+00
6.632059982093433392e-01
-5.779512376630125958e-01
-4.139291830799829985e-01
4.140906697251395263e-02
-1.548952374230458062e+00
4.284638830904758389e-01
5.951957641960128331e-01
-6.949118930350515200e-01
-5.227503029330473616e-01
-1.794607528494698845e-02
-2.672656171231031941e+00
5.446356662279379091e-01
5.196530408370796383e-01
-6.856098692202104994e-01
-4.507406556948651555e-01
-4.557587743032129324e-02
-2.672656171231031941e+00
5.446356662279373539e-01
5.196530408370793053e-01
-6.856098691466628869e-01
-4.507406560129666451e-01
-4.557587671866028534e-02
-2.654421222477116427e+00
6.434567841983266367e-01
5.880206851755249708e-01
-6.966061031980343987e-01
-4.490690963798097401e-01
-1.038831344676666713e-01
-2.654421222477116427e+00
6.434567841983266367e-01
5.880206851755249708e-01
-6.738719642236529195e-01
-3.806455878642893698e-01
-7.613171240586033561e-02
-2.704487039882649047e+00
1.815723821426620255e-01
4.348104535762407075e-01
-6.618971845738794713e-01
-2.813441361493786985e-01
-1.011582199801714932e-01
-2.704487039882649047e+00
1.815723821426620255e-01
4.348104535762407075e-01
-6.654597527306371774e-01
-3.125539057016868960e-01
-1.102842360919671361e-01
-2.690450532825321872e+00
2.356989400545482227e-01
3.092537134148307665e-01
-6.505013190185664484e-01
-3.307735847342681557e-01
9.258282099388698283e-03
-2.690450532825321872e+00
2.356989400545482227e-01
3.092537134148307665e-01
-6.564013727550969124e-01
-3.582036527207683174e-01
-2.116516751812139163e-02
