-2.221441471072811424e+00
nan
-2.221441467085554233e+00
2.610459999999999864e-02
2.799937000000000120e-01
-1.333499999999999686e-01
1.576136711373512078e+00
-9.212469192950041297e-01
-1.576136718206975651e+00
8.860460000000003333e-02
2.799937001121810543e-01
-1.333500001121810108e-01
-7.860247986568764667e-01
-2.805124646314531844e+00
-7.355888215859129886e-01
2.073546000000000833e-01
2.799937003253250012e-01
-1.333500007516129071e-01
-1.212383922501907074e+00
-4.418268512568157558e-02
-1.141440028271033746e+00
1.008322787532129200e-01
1.273809684793438812e-01
-2.192996904235537392e-01
-2.809709484080260555e+00
5.388895405608719047e-01
-1.188932474247090809e+00
-5.690042493574243299e-03
-2.523176354719830483e-02
-3.052493797748893622e-01
-7.758873123356013757e-01
-1.757203324647079512e+00
-2.274047278555976881e+00
-7.562233669822956972e-02
-2.187261369582534087e-01
-3.330459926177648522e-01
-1.995716237439441598e-01
6.004939389060717225e-01
-1.787489390036786752e+00
-1.066095915490540003e-01
-3.161031952575843462e-01
-3.509781161333655475e-01
1.287768261798739600e+00
-5.942238946915798792e-01
-2.379804426735913303e+00
-1.850293805818861714e-02
-3.355390066732757415e-01
-4.021985158316719877e-01
1.287768261179208729e+00
-5.942239010499215102e-01
-2.379804423836241689e+00
-1.850293791044602121e-02
-3.355390065284674095e-01
-4.021985156324811017e-01
-5.742712266470266780e-01
2.492529320089703626e-01
-9.087869238265420258e-01
8.401674365035552428e-02
-3.820064643410785998e-01
-4.404274476377708081e-01
-5.742712266470266780e-01
2.492529320089703626e-01
-9.087869238265420258e-01
4.509853412603892497e-02
-3.795813422386916658e-01
-4.208255886743992313e-01
1.766938525687320460e+00
2.108768098544703484e+00
-1.404413423799353300e+00
6.420135092730523685e-02
-3.452925844040685144e-01
-4.885858871428263583e-01
1.766938525687320460e+00
2.108768098544703484e+00
-1.404413423799353300e+00
4.367805223182245900e-02
-3.614823035171089161e-01
-4.536369482418117771e-01
1.410878322084997194e+00
-2.018572455823834932e+00
-3.166282813308936295e-02
8.715264921596639625e-02
-3.228462959363131990e-01
-4.576641202158344135e-01
1.410878322084997194e+00
-2.018572455823834932e+00
-3.166282813308936295e-02
1.217552426488207468e-01
-3.171116745878929666e-01
-4.836355616529366408e-01
-2.221441471072811424e+00
nan
-2.221441467085554233e+00
2.610459999999999864e-02
2.799937000000000120e-01
1.333500000000000241e-01
1.575861799166179411e+00
-9.215068614550422366e-01
-1.575861805997696097e+00
8.860460000000003333e-02
2.799937001121810543e-01
1.333499998878189818e-01
-7.876466813152301905e-01
-2.804665787025470536e+00
-7.348722360644872609e-01
2.073546000000001110e-01
2.799937003253250012e-01
1.333499992483870855e-01
-1.212965545414982804e+00
-4.192673993535697002e-02
-1.139946221944552196e+00
1.006296674061714913e-01
1.274543155007515360e-01
4.752153753443447148e-02
-2.811667511752033555e+00
5.374102160751627055e-01
-1.185566511421735525e+00
-6.095265187657128436e-03
-2.508506950425543058e-02
-3.830692385884112983e-02
-7.754410448669961653e-01
-1.758487385905557865e+00
-2.272968529077228350e+00
-7.589365383010644728e-02
-2.186586263808892872e-01
-6.588795032716200650e-02
-2.004593839127068178e-01
5.994794703103484279e-01
-1.787390764961472645e+00
-1.068232864177590946e-01
-3.160720139472282253e-01
-8.372196980800417077e-02
1.287978934317133728e+00
-5.944429416240779585e-01
-2.379759006231493057e+00
-1.870912586902463703e-02
-3.355212112341314779e-01
-1.349243714673695194e-01
1.287978933696999340e+00
-5.944429479826822682e-01
-2.379759003331878731e+00
-1.870912572130346840e-02
-3.355212110893263100e-01
-1.349243712681604257e-01
-5.753660419205776089e-01
2.472913385508175577e-01
-9.154306274033006119e-01
8.381255853630843744e-02
-3.820027986875684789e-01
-1.731307484385950501e-01
-5.753660419205776089e-01
2.472913385508175577e-01
-9.154306274033006119e-01
4.485763619484524345e-02
-3.793001390599237688e-01
-1.536384222326832583e-01
1.363067791235164306e+00
-1.742622658019655990e+00
2.989900193661831351e-01
6.401041915629415713e-02
-3.452899454943815782e-01
-2.212954217038627935e-01
1.363067791235164306e+00
-1.742622658019655990e+00
2.989900193661831351e-01
9.586866066834712208e-02
-3.422728997156572750e-01
-2.509718602896970352e-01
1.410469117183727361e+00
-2.019001933760498080e+00
-3.137899713429131987e-02
8.695839003840580284e-02
-3.228441499011301397e-01
-1.903708275823592366e-01
1.410469117183727361e+00
-2.019001933760498080e+00
-3.137899713429131987e-02
1.215705792699665055e-01
-3.171275003485516386e-01
-2.163334429957116112e-01
0.000000000000000000e+00
0.000000000000000000e+00
0.000000000000000000e+00
0.000000000000000000e+00
0.000000000000000000e+00
0.000000000000000000e+00
1.966488108845137750e-01
3.529642096138599172e-10
-1.058892805750940032e-09
0.000000000000000000e+00
-0.000000000000000000e+00
0.000000000000000000e+00
1.966488011013534654e-01
6.516162355562785669e-01
-1.157013285307096906e+00
0.000000000000000000e+00
0.000000000000000000e+00
0.000000000000000000e+00
7.126725447447832540e-01
1.390914744885026977e+00
-7.406490909772277531e-01
-2.325811714840700650e-01
1.401496442933037045e-01
3.940056322323351456e-02
-3.820728230169933570e-01
1.537293955656688693e+00
3.562191655475018259e-01
-4.651623429681400745e-01
2.802992885235607301e-01
7.880112641095995962e-02
-8.235965156422364597e-01
1.498113095080475798e-01
1.007122666842318326e-01
-4.389675036445990219e-01
2.447677346979680313e-01
2.602365610840479127e-01
-1.149140030077834718e+00
3.720570596361115756e-01
-5.436028168447806230e-01
-4.318468742863630361e-01
2.268781035781045619e-01
3.450782082301294129e-01
-2.745230800113135139e+00
7.241453303720357670e-01
3.842772424795355413e-01
-4.614691474247350489e-01
1.201236669077926228e-01
3.346319747127551314e-01
-2.745230800113135139e+00
7.241453303720362111e-01
3.842772424795357633e-01
-4.614691473361382523e-01
1.201236675113917379e-01
3.346319742082358162e-01
-4.854279938803536254e+00
-1.024119738438479921e+00
-3.586808365415297128e+00
-4.712960633796144938e-01
5.457240644510468613e-02
3.879567219248912791e-01
-4.854279938803536254e+00
-1.024119738438479921e+00
-3.586808365415297128e+00
-4.826722658100956465e-01
2.893174766630593475e-01
3.363275937955880202e-01
-4.214763949805766075e+00
-1.251483861558859045e+00
-1.393875440179894953e+00
-5.202780810081235607e-01
-8.524822944382172418e-02
3.015178720400406021e-01
-4.214763949805766075e+00
-1.251483861558859045e+00
-1.393875440179894953e+00
-5.865825658764280970e-01
9.066022032324837221e-02
3.440691394118159385e-01
-2.217672399691500207e+00
1.064990001118500729e+00
1.162420574114717775e+00
-5.065118257173790717e-01
8.458819135768187725e-03
2.232775541084245363e-01
-2.217672399691500207e+00
1.064990001118500729e+00
1.162420574114717775e+00
-5.408371930026887320e-01
-8.914563195420749375e-03
1.737086266025927861e-01
0.000000000000000000e+00
0.000000000000000000e+00
0.000000000000000000e+00
0.000000000000000000e+00
0.000000000000000000e+00
0.000000000000000000e+00
1.916384656172615830e-01
3.439711597744342574e-10
-1.031913651725252394e-09
0.000000000000000000e+00
-0.000000000000000000e+00
0.000000000000000000e+00
1.916384558223537538e-01
6.518998395057690187e-01
-1.158594683982553830e+00
0.000000000000000000e+00
0.000000000000000000e+00
0.000000000000000000e+00
7.111775595288009066e-01
1.394464612697452033e+00
-7.407800194892046886e-01
-2.326828807720726366e-01
1.400989734200760728e-01
4.034155426930781385e-02
-3.754975773204641820e-01
1.539209785951253018e+00
3.532159455664556913e-01
-4.653657615441452733e-01
2.801979467786980815e-01
8.068310850403764833e-02
-8.170808474420047096e-01
1.484359992515261184e-01
9.859912723071578844e-02
-4.394454804619232213e-01
2.451874343164741066e-01
2.608038729866055117e-01
-1.143016827086944298e+00
3.700205314208355745e-01
-5.464724993047748169e-01
-4.324878159696046720e-01
2.275659637870610930e-01
3.449895571711368847e-01
-2.745175943609522662e+00
7.236607250885047637e-01
3.845287582250369596e-01
-4.620622072924721602e-01
1.208887915639331179e-01
3.346162684314578084e-01
-2.745175943609522218e+00
7.236607250885052078e-01
3.845287582250375147e-01
-4.620622072039939909e-01
1.208887921676001509e-01
3.346162679270423546e-01
-4.843348908674734332e+00
-1.016077518630481569e+00
-3.567397953105142960e+00
-4.718371546506754943e-01
5.542810060556994239e-02
3.880254876553572707e-01
-4.843348908674734332e+00
-1.016077518630481569e+00
-3.567397953105142960e+00
-4.820014066707147826e-01
2.888039476868101696e-01
3.353543432661279522e-01
-2.261365734049762821e+00
1.374127165542419649e+00
9.700380160245665184e-01
-5.208091848787440581e-01
-8.440689384005145568e-02
3.015722767901973800e-01
-2.261365734049762821e+00
1.374127165542419649e+00
9.700380160245665184e-01
-5.645150344175391410e-01
-1.206124697763058251e-01
2.509723577400077010e-01
-2.217726503650013559e+00
1.064498625836547196e+00
1.162748915828313745e+00
-5.070613245805549729e-01
9.310712755271045860e-03
2.233480734445681959e-01
-2.217726503650013559e+00
1.064498625836547196e+00
1.162748915828313745e+00
-5.413455210806223938e-01
-8.021982047551189099e-03
1.738254803455450415e-01
