-2.221441471072811424e+00
nan
-2.221441467085554233e+00
2.610459999999999864e-02
2.799937000000000120e-01
-1.333499999999999686e-01
1.441880460249391760e+00
-1.039659517345866035e+00
-1.441880466147388962e+00
8.860460000000003333e-02
2.799937001121810543e-01
-1.333500001121810108e-01
-1.354530723428228056e-01
-3.084365627398078402e+00
-4.999300651103295023e-01
2.073546000000000833e-01
2.799937003253250012e-01
-1.333500007516129071e-01
-1.099487134550051204e+00
-7.815825180903481773e-01
-1.218506678709465607e+00
1.893836892600932187e-01
8.623813093248391959e-02
-1.978544633602902780e-01
-1.912688434978240704e+00
9.182564541637081579e-01
-1.527511327415931097e+00
1.714127785201863541e-01
-1.075174385765834406e-01
-2.623589256198524122e-01
-3.809495059665119476e-01
-9.853195138824288879e-01
-2.789191268930361733e+00
1.219503591340700410e-01
-2.388265202025688094e-01
-4.153773694461189159e-01
4.627772148590694745e-01
9.315948952955946938e-01
-1.502622161536405043e+00
1.027501679691608244e-01
-3.046269271581704685e-01
-4.932601121026802815e-01
-1.607766726341623764e+00
-5.159329628753966945e-01
2.190694129012335623e+00
2.020512935713771330e-01
-2.971673565465351441e-01
-5.223754647610785451e-01
-1.607766726648164113e+00
-5.159329561615785265e-01
2.190694131323758675e+00
2.020512936512280922e-01
-2.971673566900980279e-01
-5.223754645255198614e-01
6.861909623812360026e-01
-4.457790037768125102e-01
1.550860478856071811e+00
3.100061727460164951e-01
-3.173525930801169292e-01
-5.678645983562348176e-01
6.861909623812360026e-01
-4.457790037768125102e-01
1.550860478856071811e+00
3.456163855203524538e-01
-3.320576885888824048e-01
-5.883685988647845422e-01
-3.055324427837782242e-01
-2.757185505928783531e+00
-4.372124301652848821e-01
3.078610203797214062e-01
-2.542556123777881538e-01
-5.592643999901890650e-01
-3.055324427837782242e-01
-2.757185505928783531e+00
-4.372124301652848821e-01
3.212133458085630888e-01
-2.916346192125450210e-01
-5.774100986072032704e-01
-1.219186009776717095e+00
2.595081942389111607e+00
1.167270005609457373e+00
3.202711832844704620e-01
-2.765620870023030031e-01
-5.227245221099405814e-01
-1.219186009776717095e+00
2.595081942389111607e+00
1.167270005609457373e+00
3.616319205424951000e-01
-2.753822281583727105e-01
-5.366039482937225991e-01
-2.221441471072811424e+00
nan
-2.221441467085554233e+00
2.610459999999999864e-02
2.799937000000000120e-01
1.333500000000000241e-01
1.442267820939885592e+00
-1.039341254210477405e+00
-1.442267826840539779e+00
8.860460000000003333e-02
2.799937001121810543e-01
1.333499998878189818e-01
-1.356768142701957891e-01
-3.084172513850227837e+00
-5.007618026182202309e-01
2.073546000000000833e-01
2.799937003253250012e-01
1.333499992483870855e-01
-1.099368248137484683e+00
-7.805764104248651414e-01
-1.218042794210839830e+00
1.893529966645886853e-01
8.627589883463268605e-02
6.874074555383290208e-02
-1.914392037436918548e+00
9.173613188758414916e-01
-1.527337310995384723e+00
1.713513933291772873e-01
-1.074419027724762554e-01
4.131492208330520000e-03
-3.816439757144012290e-01
-9.871045747652906766e-01
-2.788582984775699991e+00
1.218271672337162131e-01
-2.389530120983957007e-01
-1.486933393914842694e-01
4.618271173135028995e-01
9.306605035569150974e-01
-1.502869451468301421e+00
1.025949618941032621e-01
-3.048530541152172368e-01
-2.264838866318535371e-01
-1.607712249669913218e+00
-5.158055435066751793e-01
2.190666050140567478e+00
2.018954422364226953e-01
-2.974041741752228019e-01
-2.556041766617312971e-01
-1.607712249976052554e+00
-5.158055367929830215e-01
2.190666052451945678e+00
2.018954423162703515e-01
-2.974041743187890163e-01
-2.556041764261736127e-01
6.867077450788872106e-01
-4.441003063422369612e-01
1.546890624020213378e+00
3.098460760894241606e-01
-3.176013149754360332e-01
-3.010981008824135108e-01
6.867077450788872106e-01
-4.441003063422369612e-01
1.546890624020213378e+00
3.453540643561931467e-01
-3.324320694760377615e-01
-3.216886961822070234e-01
1.332966912744784516e+00
-2.640012890928562062e+00
-6.655485230437233612e-01
3.077077538996255690e-01
-2.545039411541611396e-01
-2.924990858556266171e-01
1.332966912744784516e+00
-2.640012890928562062e+00
-6.655485230437233612e-01
3.493303605588286564e-01
-2.538149100225505772e-01
-3.056072884632665132e-01
-1.218680476596007978e+00
2.595442907685503897e+00
1.167325312649639457e+00
3.201174095242119155e-01
-2.768109325784549046e-01
-2.559593511839619029e-01
-1.218680476596007978e+00
2.595442907685503897e+00
1.167325312649639457e+00
3.614751150811345570e-01
-2.756456127806072853e-01
-2.698490360416408995e-01
0.000000000000000000e+00
0.000000000000000000e+00
0.000000000000000000e+00
0.000000000000000000e+00
0.000000000000000000e+00
0.000000000000000000e+00
3.421347797010242942e-01
6.140964267996707786e-10
-1.842289588190576002e-09
0.000000000000000000e+00
-0.000000000000000000e+00
0.000000000000000000e+00
3.421347732041435941e-01
2.746917036456434369e-01
-8.251064372604793862e-01
0.000000000000000000e+00
0.000000000000000000e+00
0.000000000000000000e+00
4.257656016784571174e-01
1.176367697371032195e+00
-5.249234528178531312e-01
-1.775878082878268593e-01
3.689713382020568672e-02
-6.135405770405048809e-02
-1.615487471798186636e+00
1.206692672253725895e+00
-4.732016536085947855e-02
-3.551756165756537742e-01
7.379426752096691910e-02
-1.227081154478660147e-01
-1.636755675936300225e+00
1.133805039235763701e+00
-1.335914975277593397e-01
-5.460354189164025041e-01
-1.710645415699220684e-01
1.491059998774059980e-01
-1.507266352965724643e+00
7.037150743637158312e-01
1.978538802889046599e-01
-6.431296399130482788e-01
-2.959745803799954667e-01
2.785744629379692805e-01
-2.679201765621024300e+00
6.156784611026838716e-01
5.414684413622983250e-01
-6.650944574649800822e-01
-3.202120587792759987e-01
1.974512041599152945e-01
-2.679201765621024300e+00
6.156784611026836496e-01
5.414684413622988801e-01
-6.650944572422169410e-01
-3.202120581049302528e-01
1.974512044953867229e-01
-3.421574154365659926e+00
3.653005349068271013e+00
-2.926158311291004566e+00
-6.821714686693722829e-01
-3.836324656598423255e-01
1.850660316413974271e-01
-3.421574154365659926e+00
3.653005349068271013e+00
-2.926158311291004566e+00
-8.001021296457049292e-01
-5.579895439374604749e-01
1.052963086255594982e-01
-3.217439812709657510e+00
1.237255837754343002e+00
-1.134999090429533286e+00
-7.110415355697444761e-01
-3.617523313211039038e-01
1.733721364607410109e-02
-3.217439812709657510e+00
1.237255837754343002e+00
-1.134999090429533286e+00
-7.759175458723844843e-01
-4.352899016977703206e-01
1.210816758113371083e-01
-2.420815012936165633e+00
-3.422425281469579361e-02
1.256215073729181286e+00
-6.764664677403293691e-01
-2.571349144236789175e-01
6.946008984562515587e-02
-2.420815012936165633e+00
-3.422425281469579361e-02
1.256215073729181286e+00
-6.774736112143107114e-01
-2.387764560962349347e-01
6.801941017161397540e-02
0.000000000000000000e+00
0.000000000000000000e+00
0.000000000000000000e+00
0.000000000000000000e+00
0.000000000000000000e+00
0.000000000000000000e+00
3.434549953617692664e-01
6.164660769140991759e-10
-1.849398539721554414e-09
0.000000000000000000e+00
-0.000000000000000000e+00
0.000000000000000000e+00
3.434549888549313090e-01
2.755632811500889345e-01
-8.262208557810728493e-01
0.000000000000000000e+00
0.000000000000000000e+00
0.000000000000000000e+00
4.274556809856783213e-01
1.179506619410075174e+00
-5.247353770739091594e-01
-1.778576256683974954e-01
3.706367062080361680e-02
-6.157276447091906968e-02
-1.619814567951915807e+00
1.209382724354381544e+00
-4.389693383480686162e-02
-3.557152513367950464e-01
7.412734112172363055e-02
-1.231455289818220028e-01
-1.641946187565235471e+00
1.133547705090416802e+00
-1.334150504852021357e-01
-5.463118969906005651e-01
-1.712465857723220741e-01
1.497718252286904250e-01
-1.512187143520685062e+00
7.032810593558996848e-01
1.990037134141813269e-01
-6.432832507252997933e-01
-2.964086125959333740e-01
2.797767702051452421e-01
-2.679254371730244610e+00
6.157352240910867192e-01
5.412511618518216494e-01
-6.652453539150985362e-01
-3.206827764627746546e-01
1.986765227165605552e-01
-2.679254371730244610e+00
6.157352240910867192e-01
5.412511618518218715e-01
-6.652453536923521593e-01
-3.206827757884381236e-01
1.986765230520459169e-01
-3.425872112214254805e+00
3.671019551192016728e+00
-2.946897903676080510e+00
-6.823258396157030337e-01
-3.841441658226242284e-01
1.863207927757303817e-01
-3.425872112214254805e+00
3.671019551192016728e+00
-2.946897903676080510e+00
-8.016190368796851651e-01
-5.593233282211729218e-01
1.067785418716322710e-01
-2.390992371670191297e+00
2.828393856051004129e-01
1.439073739001723418e+00
-7.111826500617856039e-01
-3.622625865891734298e-01
1.858351841309682784e-02
-2.390992371670191297e+00
2.828393856051004129e-01
1.439073739001723418e+00
-7.158817326405730874e-01
-3.337061988382903910e-01
5.163537738800905164e-03
-2.420899257906753643e+00
-3.417918743331149756e-02
1.255998594763719334e+00
-6.766101633196817122e-01
-2.576466022032643521e-01
7.070856061988708974e-02
-2.420899257906753643e+00
-3.417918743331149756e-02
1.255998594763719334e+00
-6.775990652060884800e-01
-2.393269099056315463e-01
6.930101155609544317e-02
