-2.221441471072811424e+00
nan
-2.221441467085554233e+00
2.610459999999999864e-02
2.799937000000000120e-01
-1.333499999999999686e-01
1.565313894992334420e+00
-9.314235722362176340e-01
-1.565313901749254777e+00
8.860460000000003333e-02
2.799937001121810543e-01
-1.333500001121810108e-01
-1.221741757538642004e+00
-2.581978898015716783e+00
-6.555320454592140633e-01
2.073546000000000833e-01
2.799937003253250012e-01
-1.333500007516129071e-01
-1.262455922287534671e+00
4.376385126544088955e-01
-1.049835451410439102e+00
4.884164287019970851e-02
1.657427195101369710e-01
-1.953609336968090693e-01
-3.003682527159075466e+00
5.585070789798141089e-01
-6.375946440598607712e-01
-1.096713142596006385e-01
5.149173851942533131e-02
-2.573718663186146394e-01
-7.802780303930578754e-01
-1.929096470740083724e+00
-2.282756790488374765e+00
-1.847204157553560822e-01
-1.418811921389060426e-01
-2.661918466637173131e-01
-2.482983105404636126e-01
4.559006253412507537e-01
-2.067121607418481943e+00
-2.200168091541657434e-01
-2.389649311562057066e-01
-2.758341872227990099e-01
7.148602082406807501e-01
-1.168033790678284944e+00
-1.883320153958281118e+00
-1.387490164817515859e-01
-2.868499165747628310e-01
-3.190387766273760639e-01
7.148602076676072725e-01
-1.168033794891062849e+00
-1.883320149335844906e+00
-1.387490163300379442e-01
-2.868499163314287559e-01
-3.190387766116976054e-01
-1.359933072706672741e+00
-6.839247633504307311e-01
-1.671938737033175748e+00
-3.721298236033451778e-02
-3.456215010457346914e-01
-3.382037347653805703e-01
-1.359933072706672741e+00
-6.839247633504307311e-01
-1.671938737033175748e+00
-6.740305666148387054e-02
-3.213639538254976502e-01
-3.583251646638508925e-01
1.475120056503744559e+00
7.695330902866939216e-01
-1.528014126686431551e+00
-6.960048352670919480e-02
-3.515182680354518308e-01
-3.927571212013027946e-01
1.475120056503744559e+00
7.695330902866939216e-01
-1.528014126686431551e+00
-1.030766079561538651e-01
-3.315572187185977238e-01
-3.731192310915059096e-01
1.155132960744700732e+00
-1.388450544237463946e+00
3.442347441586469659e-01
-4.602790636497185173e-02
-3.137681237638102472e-01
-3.903048075133370709e-01
1.155132960744700732e+00
-1.388450544237463946e+00
3.442347441586469659e-01
-2.365733901659267807e-02
-3.199084012805171184e-01
-4.272723044956789895e-01
-2.221441471072811424e+00
nan
-2.221441467085554233e+00
2.610459999999999864e-02
2.799937000000000120e-01
1.333500000000000241e-01
1.564216617696195355e+00
-9.324488590046207115e-01
-1.564216624445366799e+00
8.860460000000003333e-02
2.799937001121810543e-01
1.333499998878189818e-01
-1.223609763192262667e+00
-2.582097795665972750e+00
-6.533859398284199704e-01
2.073546000000000833e-01
2.799937003253250012e-01
1.333499992483870855e-01
-1.262678836650629854e+00
4.404271787267668992e-01
-1.047400258880397894e+00
4.869273657683559353e-02
1.658045491599682841e-01
7.160657165301932692e-02
-3.003386340643714458e+00
5.591437723930406944e-01
-6.326066820745696040e-01
-1.099691268463288962e-01
5.161539781960036710e-02
9.863144381319723097e-03
-7.801857759375490087e-01
-1.928678765146309537e+00
-2.283969330245573914e+00
-1.850729890320462756e-01
-1.417301191761495271e-01
9.093215980062688969e-04
-2.471669413415891192e-01
4.561963297843519838e-01
-2.067187061165862261e+00
-2.204116488241937288e-01
-2.387911105097598741e-01
-8.806932074664236554e-03
7.151920590075766526e-01
-1.168157420708667127e+00
-1.883143236840843393e+00
-1.391252341659808545e-01
-2.866662303550441826e-01
-5.198741599752870757e-02
7.151920584342366105e-01
-1.168157424921869358e+00
-1.883143232218602359e+00
-1.391252340143048494e-01
-2.866662301116888467e-01
-5.198741598181483292e-02
-1.359759506229415882e+00
-6.836567777847530891e-01
-1.671509777347211401e+00
-3.757581218451250260e-02
-3.454244853772049928e-01
-7.112228857996284737e-02
-1.359759506229415882e+00
-6.836567777847530891e-01
-1.671509777347211401e+00
-6.777920831589037687e-02
-3.211701819615194742e-01
-9.122762997375513661e-02
1.026925444155332157e+00
-1.064846384791473310e+00
5.264006387009567689e-01
-6.994725275062120551e-02
-3.513272523734062291e-01
-1.256845579776286193e-01
1.026925444155332157e+00
-1.064846384791473310e+00
5.264006387009567689e-01
-5.241093990445935130e-02
-3.652612096190074320e-01
-1.631420497763235722e-01
1.155000733444030203e+00
-1.388799916093654385e+00
3.447400307148711929e-01
-4.638052299524109134e-02
-3.135738151288662290e-01
-1.232267431230346516e-01
1.155000733444030203e+00
-1.388799916093654385e+00
3.447400307148711929e-01
-2.399039868851514379e-02
-3.197200873849764813e-01
-1.601814017670152857e-01
0.000000000000000000e+00
0.000000000000000000e+00
0.000000000000000000e+00
0.000000000000000000e+00
0.000000000000000000e+00
0.000000000000000000e+00
-3.068248261752673511e-01
-5.507187242767698760e-10
1.652156448856304636e-09
0.000000000000000000e+00
-0.000000000000000000e+00
0.000000000000000000e+00
-3.068248343610313622e-01
5.288472672530943886e-01
-9.743655639146014957e-01
0.000000000000000000e+00
0.000000000000000000e+00
0.000000000000000000e+00
6.364225701523527068e-01
1.208709300199400705e+00
-6.053632293037102263e-01
-1.441165337776688926e-01
1.354230726320661549e-01
1.188841824665071989e-01
5.376740349863102786e-01
1.221966361218519870e+00
-3.773664970243945094e-01
-2.882330675553377852e-01
2.708461453633564942e-01
2.377683649868694293e-01
-1.835596892140040071e-01
-7.618076142012960572e-01
-5.743945931490471724e-01
-3.719832523055373596e-01
3.039094363202893279e-01
2.255042385701641061e-01
-3.431460921746750659e-01
-6.631086243495579735e-01
-9.839676186745781594e-01
-4.204020186231370304e-01
3.224135488099067470e-01
2.164358382868555586e-01
-2.766889454838935336e+00
7.650206722343069199e-01
3.045728088075497775e-01
-4.388699578500451781e-01
2.276231863609001760e-01
2.867567581100045615e-01
-2.766889454838934892e+00
7.650206722343070309e-01
3.045728088075496665e-01
-4.388699579121637107e-01
2.276231864504887348e-01
2.867567573206619702e-01
-4.438046910314296767e+00
-2.038250342119960479e+00
-5.675377390334593874e-01
-4.356313204477297307e-01
2.055209808939650329e-01
3.716940703473400887e-01
-4.438046910314296767e+00
-2.038250342119960479e+00
-5.675377390334593874e-01
-3.808517355693588624e-01
1.333551376120795107e-01
2.025030085818193548e-01
-3.973341867049275944e+00
-1.550432636346568582e+00
6.015256169500908801e-01
-4.755697939266547714e-01
4.471343903815824805e-02
4.127868806631203591e-01
-3.973341867049275944e+00
-1.550432636346568582e+00
6.015256169500908801e-01
-5.180241021671632140e-01
1.026047435914074213e-01
2.815723318484188997e-01
-2.187421100391687467e+00
1.549667513655059503e+00
5.249038335013855860e-01
-4.851913907342619292e-01
5.867828595833074479e-02
2.903028957326994064e-01
-2.187421100391687467e+00
1.549667513655059503e+00
5.249038335013855860e-01
-5.392556646616567528e-01
-1.044280041074480136e-02
2.690673268531889040e-01
0.000000000000000000e+00
0.000000000000000000e+00
0.000000000000000000e+00
0.000000000000000000e+00
0.000000000000000000e+00
0.000000000000000000e+00
-3.109041969508025138e-01
-5.580407715092560499e-10
1.674122594223649931e-09
0.000000000000000000e+00
-0.000000000000000000e+00
0.000000000000000000e+00
-3.109042051231050707e-01
5.263247374774157050e-01
-9.733922461750026400e-01
0.000000000000000000e+00
0.000000000000000000e+00
0.000000000000000000e+00
6.397533233674758124e-01
1.210514208416291648e+00
-6.034428915900102997e-01
-1.436479276617512735e-01
1.352439363416716722e-01
1.190095508906219013e-01
5.444474700002883694e-01
1.223011128135169212e+00
-3.816477605212561519e-01
-2.872958553235025470e-01
2.704878727839730712e-01
2.380191018356554444e-01
-1.791301036048303097e-01
-7.643635208742195486e-01
-5.805931449346454221e-01
-3.720363637950975244e-01
3.040259797548551246e-01
2.246054834904842590e-01
-3.368251778827594523e-01
-6.663540372154507230e-01
-9.861162281111017780e-01
-4.209625601370031722e-01
3.228028898543172653e-01
2.149804465023593403e-01
-2.766898105886909320e+00
7.648818360281252060e-01
3.047725993003741474e-01
-4.393995029482840597e-01
2.281007630565028699e-01
2.852715228386749624e-01
-2.766898105886908432e+00
7.648818360281255391e-01
3.047725993003740919e-01
-4.393995030104327348e-01
2.281007631462083629e-01
2.852715220493214909e-01
-4.420158426036994825e+00
-2.009659826277012229e+00
-5.587043553654006400e-01
-4.361275133078422184e-01
2.061060016465210976e-01
3.701763190319313224e-01
-4.420158426036994825e+00
-2.009659826277012229e+00
-5.587043553654006400e-01
-3.821716314604561848e-01
1.341119764418272631e-01
2.022699035990707106e-01
-2.307865802103648889e+00
1.646098076755581285e+00
1.918687412546656867e-01
-4.760622004620932435e-01
4.527183371279819291e-02
4.112690007482930898e-01
-2.307865802103648889e+00
1.646098076755581285e+00
1.918687412546656867e-01
-5.350474148346030523e-01
-3.781036036994661620e-02
4.145602133139393297e-01
-2.187598647816042519e+00
1.549614240477330762e+00
5.252429857158064097e-01
-4.856884757250362616e-01
5.925485046315151494e-02
2.887833232211813317e-01
-2.187598647816042519e+00
1.549614240477330762e+00
5.252429857158064097e-01
-5.397256546209056038e-01
-9.826855075511037318e-03
2.675328446259973569e-01
