-2.221441471072811424e+00
nan
-2.221441467085554233e+00
2.610459999999999864e-02
2.799937000000000120e-01
-1.333499999999999686e-01
1.582518278310860671e+00
-9.151915601107616371e-01
-1.582518285189555840e+00
8.860460000000003333e-02
2.799937001121810543e-01
-1.333500001121810108e-01
-1.006432232378977609e+00
-2.689759522804354486e+00
-7.186376700456813538e-01
2.073546000000000833e-01
2.799937003253250012e-01
-1.333500007516129071e-01
-1.243137851936631844e+00
1.968454793902060518e-01
-1.101933598916527979e+00
7.278456840661279292e-02
1.459533498346684832e-01
-2.104803516991919365e-01
-2.949699557744805301e+00
5.027288003804532002e-01
-9.274253619849999186e-01
-6.178546318677449745e-02
1.191299916049542995e-02
-2.876107023278482999e-01
-7.868888906823399143e-01
-1.853364184104323353e+00
-2.223522936797838412e+00
-1.302570364728122265e-01
-1.837140944664164000e-01
-2.996495515594923553e-01
-2.790254753619306749e-01
5.271622581869688240e-01
-1.913892602076488147e+00
-1.613368202817479502e-01
-2.821161679425824298e-01
-3.103799510851873444e-01
1.015443315213947928e+00
-8.968195027954084519e-01
-2.157701944331149591e+00
-7.685731273902277061e-02
-3.155418687323247040e-01
-3.604798296484460485e-01
1.015443314611945036e+00
-8.968195081451549866e-01
-2.157701940490519998e+00
-7.685731258443387337e-02
-3.155418685225521713e-01
-3.604798295277311659e-01
-1.010997124433405725e+00
-1.056744923869847724e-01
-1.379891633415567975e+00
2.479972815192063584e-02
-3.692939658358540544e-01
-3.906048870099750325e-01
-1.010997124433405725e+00
-1.056744923869847724e-01
-1.379891633415567975e+00
-1.169980717743532295e-02
-3.457298701086972126e-01
-3.864505593974140174e-01
1.724080939881539321e+00
1.391527700079140839e+00
-1.569458471713872871e+00
-1.373685974804528254e-03
-3.523677237407139007e-01
-4.461769014223359586e-01
1.724080939881539321e+00
1.391527700079140839e+00
-1.569458471713872871e+00
-2.896021011590994149e-02
-3.470476793760455259e-01
-4.127789682770023894e-01
1.317580355051955809e+00
-1.717065525618930888e+00
1.886650056186124358e-01
2.264246126760302569e-02
-3.198339745334295436e-01
-4.274276757543643557e-01
1.317580355051955809e+00
-1.717065525618930888e+00
1.886650056186124358e-01
5.204090722198256858e-02
-3.179894489335391983e-01
-4.596312504843345637e-01
-2.221441471072811424e+00
nan
-2.221441467085554233e+00
2.610459999999999864e-02
2.799937000000000120e-01
1.333500000000000241e-01
1.581829397483912159e+00
-9.158471979727794698e-01
-1.581829404357721236e+00
8.860460000000003333e-02
2.799937001121810543e-01
1.333499998878189818e-01
-1.008283401222890951e+00
-2.689503356864153538e+00
-7.171310121068376064e-01
2.073546000000000833e-01
2.799937003253250012e-01
1.333499992483870855e-01
-1.243734093857239653e+00
1.993688197368377879e-01
-1.100052107685849379e+00
7.258831302889307002e-02
1.460247056596732373e-01
5.643864531221061409e-02
-2.950692743488505076e+00
5.022684621582033104e-01
-9.231302054395387202e-01
-6.217797394221394325e-02
1.205571081082343343e-02
-2.047270830486011550e-02
-7.864968297792689356e-01
-1.853698606304287066e+00
-2.223440850583016548e+00
-1.305820720098471999e-01
-1.835975487906340298e-01
-3.246984858404111662e-02
-2.790068020044741970e-01
5.267876667754355369e-01
-1.913868515277491689e+00
-1.616405673487588124e-01
-2.820076414624544392e-01
-4.318833857127949566e-02
1.015733117584890710e+00
-8.969931109688775717e-01
-2.157580055004887587e+00
-7.714750902125934451e-02
-3.154356867079354809e-01
-9.326379548913353579e-02
1.015733116982459494e+00
-8.969931163189807100e-01
-2.157580051164431190e+00
-7.714750886670330987e-02
-3.154356864981565645e-01
-9.326379536838753925e-02
-1.011097962928241945e+00
-1.077327384501038376e-01
-1.383229327301764622e+00
2.451773870372354891e-02
-3.691891012365282609e-01
-1.233587920550201084e-01
-1.011097962928241945e+00
-1.077327384501038376e-01
-1.383229327301764622e+00
-1.194251606089503231e-02
-3.455412541033769380e-01
-1.193375642479672510e-01
1.229365500237621145e+00
-1.409127928027200438e+00
4.451395409331351805e-01
-1.640737442591091999e-03
-3.522656771875026793e-01
-1.789386976731439649e-01
1.229365500237621145e+00
-1.409127928027200438e+00
4.451395409331351805e-01
2.386140575302211908e-02
-3.557419099567798448e-01
-2.141849403491263848e-01
1.317321952027349363e+00
-1.717484142180309759e+00
1.890674008412661367e-01
2.237030052372902811e-02
-3.197309497129717792e-01
-1.601846263034935602e-01
1.317321952027349363e+00
-1.717484142180309759e+00
1.890674008412661367e-01
5.178365384252447967e-02
-3.178984726965695673e-01
-1.923752740002713235e-01
0.000000000000000000e+00
0.000000000000000000e+00
0.000000000000000000e+00
0.000000000000000000e+00
0.000000000000000000e+00
0.000000000000000000e+00
-6.409884118838750366e-02
-1.150507685017749814e-10
3.451523631699756306e-10
0.000000000000000000e+00
-0.000000000000000000e+00
0.000000000000000000e+00
-6.409885048709054733e-02
6.303592949631385833e-01
-1.095464736401892569e+00
0.000000000000000000e+00
0.000000000000000000e+00
0.000000000000000000e+00
6.337250000075302925e-01
1.325436441944331634e+00
-6.954990261439035759e-01
-1.954563108610397060e-01
1.424727573536386516e-01
9.341930262371270222e-02
1.601974017259949201e-01
1.398812055813920097e+00
3.153710374678903028e-03
-3.909126217220794675e-01
2.849455147277198952e-01
1.868386052591884672e-01
-3.619608661930544535e-01
-2.543994517637249153e-01
-1.771231816674522230e-01
-4.071357579706899044e-01
2.866581675833573817e-01
2.512785153460051490e-01
-7.020679523558711610e-01
-7.110534240340837808e-02
-8.729095629220824382e-01
-4.218352385509203661e-01
2.882791330702145216e-01
2.789895351347024821e-01
-2.756716277332990295e+00
7.418499192915276597e-01
3.455827571002634824e-01
-4.474504833980488261e-01
1.793626439090367231e-01
3.084635927541138356e-01
-2.756716277332989851e+00
7.418499192915282148e-01
3.455827571002636489e-01
-4.474504833809903603e-01
1.793626442952366284e-01
3.084635920611486504e-01
-4.485540516142096479e+00
-1.557531254911737495e+00
-1.801201057817493068e+00
-4.512229568533929758e-01
1.314473283946661353e-01
3.812286061998345632e-01
-4.485540516142096479e+00
-1.557531254911737495e+00
-1.801201057817493068e+00
-4.152497778028320652e-01
2.158247348632193474e-01
2.186817330241946911e-01
-4.025995512162800161e+00
-1.407967895583120965e+00
-3.603853637336802973e-01
-4.982984686706555810e-01
-3.079402891671302600e-02
3.539845042595779478e-01
-4.025995512162800161e+00
-1.407967895583120965e+00
-3.603853637336802973e-01
-5.434044201946763852e-01
1.136076795786533644e-01
2.937250891815108567e-01
-2.187671071394101663e+00
1.349281073469942083e+00
8.998524987707321454e-01
-4.956324598719540342e-01
2.919183304853077698e-02
2.464818113637142760e-01
-2.187671071394101663e+00
1.349281073469942083e+00
8.998524987707321454e-01
-5.407439347232856353e-01
-1.480473073167833109e-02
2.027798293527149909e-01
0.000000000000000000e+00
0.000000000000000000e+00
0.000000000000000000e+00
0.000000000000000000e+00
0.000000000000000000e+00
0.000000000000000000e+00
-6.839047324222476132e-02
-1.227538027028094840e-10
3.682614696339205816e-10
0.000000000000000000e+00
-0.000000000000000000e+00
0.000000000000000000e+00
-6.839048254264817883e-02
6.292854625752581921e-01
-1.096128662402873655e+00
0.000000000000000000e+00
0.000000000000000000e+00
0.000000000000000000e+00
6.347550551643776906e-01
1.328271114226104999e+00
-6.948422849986733985e-01
-1.952464518653348746e-01
1.424611852659378453e-01
9.396866942710047077e-02
1.669815455687878869e-01
1.400292370333390490e+00
-6.472029581730542880e-04
-3.904929037306696937e-01
2.849223705536994555e-01
1.879373388667298916e-01
-3.559961981302525169e-01
-2.567836618800114490e-01
-1.811302446580007608e-01
-4.074190350978165731e-01
2.869699429145431413e-01
2.510525918065510953e-01
-6.953381830313529743e-01
-7.403616666410964275e-02
-8.757007149554517644e-01
-4.224917461515324546e-01
2.887798340888355075e-01
2.781108964897559543e-01
-2.756620138123507147e+00
7.414701938095507039e-01
3.459337879034345975e-01
-4.480573143984113438e-01
1.799698252749459826e-01
3.076102348813335996e-01
-2.756620138123506258e+00
7.414701938095510370e-01
3.459337879034345975e-01
-4.480573143814512993e-01
1.799698256612630998e-01
3.076102341884542901e-01
-4.472159081966115224e+00
-1.541119467675920340e+00
-1.785419117190384597e+00
-4.517767350341972410e-01
1.321787959283096392e-01
3.804062289294140031e-01
-4.472159081966115224e+00
-1.541119467675920340e+00
-1.785419117190384597e+00
-4.157526091396819279e-01
2.152592022606576727e-01
2.184596861897674658e-01
-2.267466539506939327e+00
1.570106034534446859e+00
6.181311435603342730e-01
-4.988419626103596238e-01
-3.008299191269048212e-02
3.531505077678371851e-01
-2.267466539506939327e+00
1.570106034534446859e+00
6.181311435603342730e-01
-5.520335331936299106e-01
-9.423899888707835959e-02
3.209916803307168998e-01
-2.187725330909550348e+00
1.348930012605473738e+00
9.003264888595535753e-01
-4.961912391908571696e-01
2.992108821187561274e-02
2.456611538487293855e-01
-2.187725330909550348e+00
1.348930012605473738e+00
9.003264888595535753e-01
-5.412639975923431157e-01
-1.402158605365366739e-02
2.019756423985447080e-01
