-2.221441471072811424e+00
nan
-2.221441467085554233e+00
2.610459999999999864e-02
2.799937000000000120e-01
-1.333499999999999686e-01
1.425864521454096367e+00
-1.052706356411328148e+00
-1.425864527242435065e+00
8.860460000000003333e-02
2.799937001121810543e-01
-1.333500001121810108e-01
-1.892674738036557447e-01
3.082863908600795622e+00
4.641367508439557255e-01
2.073546000000000833e-01
2.799937003253250012e-01
-1.333500007516129071e-01
-8.775773584186603582e-01
-1.075980126607119614e+00
-1.290252026825225773e+00
2.324313725906901607e-01
8.555226550818326170e-02
-1.932556257186062720e-01
-1.409549965953085016e+00
9.099352722395797066e-01
-1.400767022223523561e+00
2.575081451813802658e-01
-1.088891694172964830e-01
-2.531612503339565334e-01
1.337635433564447474e-01
-4.764328430310244555e-01
-3.012323537628616599e+00
2.669648021270606963e-01
-1.730165854786953061e-01
-4.503958724181635898e-01
8.927837692136266767e-01
1.047707669936444042e+00
-1.345431917332484906e+00
2.773565729454973705e-01
-2.045059757019501712e-01
-5.487040201101258674e-01
-1.366861316774419022e+00
-1.028276166338447428e+00
1.533216039279459597e+00
3.806535850027080170e-01
-1.990784684769462687e-01
-5.567247411110721744e-01
-1.366861316842480356e+00
-1.028276161189431992e+00
1.533216043061546685e+00
3.806535850242018792e-01
-1.990784687475646852e-01
-5.567247410173811195e-01
5.995703986162475019e-01
-1.620295904705224110e+00
1.872997146276143221e+00
4.932552811274647508e-01
-2.060692443191670109e-01
-5.941806895000445454e-01
5.995703986162475019e-01
-1.620295904705224110e+00
1.872997146276143221e+00
5.358413639767884984e-01
-2.062237676008400189e-01
-5.846338159429080861e-01
1.497591176629521903e-01
-2.676045162801540922e+00
-1.559108334474684110e+00
4.947147846257592407e-01
-1.630643430417229034e-01
-5.471887499782951414e-01
1.497591176629521903e-01
-2.676045162801540922e+00
-1.559108334474684110e+00
5.214411175420258227e-01
-1.781701377665453612e-01
-5.782090533164382373e-01
-6.776469830817383189e-01
2.049325451406428300e+00
1.799823846750295608e+00
4.980690327151759966e-01
-2.050752011008156184e-01
-5.326770149375287255e-01
-6.776469830817383189e-01
2.049325451406428300e+00
1.799823846750295608e+00
5.383882147323465484e-01
-2.049878638902242478e-01
-5.493832131372364813e-01
-2.221441471072811424e+00
nan
-2.221441467085554233e+00
2.610459999999999864e-02
2.799937000000000120e-01
1.333500000000000241e-01
1.426032278793865515e+00
-1.052570827476486892e+00
-1.426032284583350851e+00
8.860460000000003333e-02
2.799937001121810543e-01
1.333499998878189818e-01
-1.892433075175914137e-01
3.082798476801838383e+00
4.644980816538913926e-01
2.073546000000000833e-01
2.799937003253250012e-01
1.333499992483870855e-01
-8.775726125646687859e-01
-1.075593866572662760e+00
-1.290056868967041526e+00
2.324287229345946004e-01
8.556606463172242161e-02
7.339849520005961581e-02
-1.410048604053118604e+00
9.098933941353295474e-01
-1.400747650210131701e+00
2.575028458691891453e-01
-1.088615711703010414e-01
1.344699150334971449e-02
1.333397181134133302e-01
-4.768808267891936348e-01
-3.012295091817190240e+00
2.669041481743016919e-01
-1.730510942832970966e-01
-1.837700732691848193e-01
8.925498596325057710e-01
1.047522744807544592e+00
-1.345584023652250272e+00
2.772683000200904524e-01
-2.045711038243578639e-01
-2.820713237955584929e-01
-1.366817057557485837e+00
-1.028214381542811973e+00
1.533225720824489491e+00
3.805649959959978568e-01
-1.991467464182879454e-01
-2.900982439516444633e-01
-1.366817057625379306e+00
-1.028214376393874030e+00
1.533225724606573692e+00
3.805649960174890545e-01
-1.991467466889070559e-01
-2.900982438579548517e-01
5.997070499549562728e-01
-1.620164217459957978e+00
1.872823657203699588e+00
4.931642296773473544e-01
-2.061409423339662650e-01
-3.275609558747227257e-01
5.997070499549562728e-01
-1.620164217459957978e+00
1.872823657203699588e+00
5.357523953829307350e-01
-2.062979245660386540e-01
-3.180234182982523139e-01
-8.200271562046282936e-01
2.393989777966727850e+00
1.433285383813998060e+00
4.946278673626619549e-01
-1.631361076722818160e-01
-2.805690839732192243e-01
-8.200271562046282936e-01
2.393989777966727850e+00
1.433285383813998060e+00
5.353178089068291179e-01
-1.677962635841294681e-01
-2.956473043131510048e-01
-6.772911315152757572e-01
2.049573976268613595e+00
1.800015656096906502e+00
4.979817041338437944e-01
-2.051470749200825505e-01
-2.660575699648020098e-01
-6.772911315152757572e-01
2.049573976268613595e+00
1.800015656096906502e+00
5.382948875835749103e-01
-2.050630866436581046e-01
-2.827782550801838934e-01
0.000000000000000000e+00
0.000000000000000000e+00
0.000000000000000000e+00
0.000000000000000000e+00
0.000000000000000000e+00
0.000000000000000000e+00
-1.263134865302688037e-01
-2.267196009789769874e-10
6.801589165711705148e-10
0.000000000000000000e+00
-0.000000000000000000e+00
0.000000000000000000e+00
-1.263134924811656623e-01
2.345773061278214611e-01
-7.613900724136006826e-01
-0.000000000000000000e+00
0.000000000000000000e+00
0.000000000000000000e+00
-2.473703506304332222e-01
1.173233551503378935e+00
-4.721986832435254300e-01
-1.620982782622887586e-01
-2.666009440757271046e-02
1.867813495409807734e-02
-1.329555460489692198e+00
1.057487135719469951e+00
-5.495171514121173217e-01
-3.241965565245775172e-01
-5.332018877072813162e-02
3.735626992188069428e-02
-1.410712495920857679e+00
1.303411107937994640e+00
2.182439900531947252e-01
-5.680087470985970555e-01
-3.207511527470781609e-01
1.126169330464387303e-01
-1.358803665987236453e+00
6.383804953404921267e-01
4.367491065633527514e-01
-6.892723086344445527e-01
-4.571677436198288147e-01
1.434946598074162971e-01
-2.672485891269583469e+00
5.693560444453883429e-01
5.387528172757083400e-01
-6.967630394114029402e-01
-4.229514509931248112e-01
7.017694536863386401e-02
-2.672485891269583469e+00
5.693560444453877878e-01
5.387528172757086731e-01
-6.967630392122631244e-01
-4.229514507311570859e-01
7.017694607962016162e-02
-2.606836301559720681e+00
2.218572143501856164e+00
2.726011219183515077e-01
-7.143225098471595036e-01
-4.623874635895391938e-01
2.474923887256413879e-02
-2.606836301559720681e+00
2.218572143501856164e+00
2.726011219183515077e-01
-6.930999588958154378e-01
-4.258913130715617501e-01
-6.932824133770648656e-02
-2.757783805733707183e+00
1.450240428642991741e+00
3.630256805918823798e-02
-7.107363767601262428e-01
-3.360158565927406360e-01
-9.101173018548969207e-02
-2.757783805733707183e+00
1.450240428642991741e+00
3.630256805918823798e-02
-7.551748956287845926e-01
-4.205929122679535892e-01
-8.811282262517841635e-02
-2.609159402162693819e+00
-4.176506263317891210e-01
6.864267405619454143e-01
-6.798405645637697337e-01
-2.954263388304350091e-01
1.935193383328576155e-02
-2.609159402162693819e+00
-4.176506263317891210e-01
6.864267405619454143e-01
-6.729231610188347590e-01
-3.113393082434258718e-01
3.596338875176940952e-02
0.000000000000000000e+00
0.000000000000000000e+00
0.000000000000000000e+00
0.000000000000000000e+00
0.000000000000000000e+00
0.000000000000000000e+00
-1.253239484728613795e-01
-2.249434828486682133e-10
6.748305612900351573e-10
0.000000000000000000e+00
-0.000000000000000000e+00
0.000000000000000000e+00
-1.253239544249776793e-01
2.348037317652919287e-01
-7.614877273951620174e-01
-0.000000000000000000e+00
0.000000000000000000e+00
0.000000000000000000e+00
-2.465363336485214552e-01
1.174698474398810255e+00
-4.716724297649003694e-01
-1.621310953226250962e-01
-2.660699645095269267e-02
1.847894251883678424e-02
-1.332169361093132887e+00
1.058495980169259054e+00
-5.488734986624229650e-01
-3.242621906452502478e-01
-5.321399285783929428e-02
3.695788505126129664e-02
-1.412993644562067885e+00
1.304303087590728438e+00
2.177235423798405956e-01
-5.682475890562608267e-01
-3.211006497207197774e-01
1.125179603472565848e-01
-1.361008355242335321e+00
6.384112372703096838e-01
4.367207669654075142e-01
-6.895995654987132628e-01
-4.577431721133616849e-01
1.435375382525898025e-01
-2.672479566718775068e+00
5.695427388222327192e-01
5.386318157610850976e-01
-6.970929710537033808e-01
-4.235560652210670907e-01
7.020917101719398312e-02
-2.672479566718775068e+00
5.695427388222322751e-01
5.386318157610854307e-01
-6.970929708545793302e-01
-4.235560649591076920e-01
7.020917172817789376e-02
-2.606555520250747993e+00
2.224785131970484997e+00
2.715041060101872628e-01
-7.146622901602314171e-01
-4.630248676582733869e-01
2.477094074731189810e-02
-2.606555520250747993e+00
2.224785131970484997e+00
2.715041060101872628e-01
-6.934006970439119399e-01
-4.266018845822173722e-01
-6.956939420877572555e-02
-2.588660979758349967e+00
-2.960339849261606759e-01
1.032343654574940262e+00
-7.110621829153939144e-01
-3.366516883755817924e-01
-9.099220537209656845e-02
-2.588660979758349967e+00
-2.960339849261606759e-01
1.032343654574940262e+00
-7.017876348776433959e-01
-3.336780860556156636e-01
-6.688303606177403715e-02
-2.609174344347743091e+00
-4.174659340595036072e-01
6.863014757349278350e-01
-6.801688119120203879e-01
-2.960634805161057592e-01
1.937109279552085006e-02
-2.609174344347743091e+00
-4.174659340595036072e-01
6.863014757349278350e-01
-6.732461367602671221e-01
-3.120236658459540346e-01
3.598133352320237455e-02
