-2.221441471072811424e+00
nan
-2.221441467085554233e+00
2.610459999999999864e-02
2.799937000000000120e-01
-1.333499999999999686e-01
1.422620465770775722e+00
-1.055322517207348598e+00
-1.422620471536950371e+00
8.860460000000003333e-02
2.799937001121810543e-01
-1.333500001121810108e-01
-4.243786527537623393e-02
3.103388522496640434e+00
4.600058351169274973e-01
2.073546000000001110e-01
2.799937003253250012e-01
-1.333500007516129071e-01
-9.993789951323853726e-01
-9.570683439554039662e-01
-1.251002527052677893e+00
2.129601730312767893e-01
8.388159710388218282e-02
-1.927942647394293441e-01
-1.624681347943977894e+00
9.372604724112381103e-01
-1.471595961411030329e+00
2.185657460625534676e-01
-1.122305062242968665e-01
-2.522385283751131801e-01
-1.091352580416777296e-01
-7.069696988748632727e-01
-2.919646139104972615e+00
1.992440358860327609e-01
-2.080821466722773683e-01
-4.353843296900372639e-01
6.950026740261397995e-01
1.000635866833200271e+00
-1.414539744056676485e+00
1.952589350867870166e-01
-2.557729351785422711e-01
-5.274374130890771006e-01
-1.492557367982897842e+00
-8.169438025438691131e-01
1.841639153074871915e+00
2.971929430361381352e-01
-2.475412070798992670e-01
-5.449233839197643592e-01
-1.492557368147275909e+00
-8.169437966551700292e-01
1.841639156234299524e+00
2.971929430837321751e-01
-2.475412073054619189e-01
-5.449233837485024656e-01
6.969565239468515916e-01
-1.098942225537525408e+00
1.865999908292351517e+00
4.076256868324339422e-01
-2.598653863792115271e-01
-5.871570753163934953e-01
6.969565239468515916e-01
-1.098942225537525408e+00
1.865999908292351517e+00
4.510735189736553297e-01
-2.597657339103524032e-01
-5.912822512185464952e-01
-2.119924644247767748e-02
-2.751591062210166694e+00
-1.046286388810997670e+00
4.085193774434078273e-01
-2.042043561026860021e-01
-5.561595739653559800e-01
-2.119924644247767748e-02
-2.751591062210166694e+00
-1.046286388810997670e+00
4.296383293216187726e-01
-2.298433046480729547e-01
-5.844681471131289996e-01
-9.127770054673582933e-01
2.322969064348077595e+00
1.518514013932686035e+00
4.159234224483437936e-01
-2.392301794443240370e-01
-5.296053756945505731e-01
-9.127770054673582933e-01
2.322969064348077595e+00
1.518514013932686035e+00
4.569703979938785632e-01
-2.398006996559321757e-01
-5.444229810969906103e-01
-2.221441471072811424e+00
nan
-2.221441467085554233e+00
2.610459999999999864e-02
2.799937000000000120e-01
1.333500000000000241e-01
1.422880641096301524e+00
-1.055113026582303437e+00
-1.422880646864253196e+00
8.860460000000003333e-02
2.799937001121810543e-01
1.333499998878189818e-01
-4.236903690065875472e-02
3.103306897688369759e+00
4.605725119889358954e-01
2.073546000000000833e-01
2.799937003253250012e-01
1.333499992483870855e-01
-9.993273987179022155e-01
-9.564505436066470523e-01
-1.250708008958596462e+00
2.129512321010069709e-01
8.390307209691785784e-02
7.383409187804955420e-02
-1.625625642262604531e+00
9.369661831282362074e-01
-1.471587186385214574e+00
2.185478642020138584e-01
-1.121875562383539970e-01
1.431818485980566186e-02
-1.097282305208122366e-01
-7.079177539027003974e-01
-2.919457956112793795e+00
1.991547619574560724e-01
-2.081626915341609485e-01
-1.687553822936305181e-01
6.945156542580918080e-01
1.000185386773330132e+00
-1.414766744818768407e+00
1.951336861514160470e-01
-2.559144815823681807e-01
-2.607752714293712915e-01
-1.492502012691250934e+00
-8.168505639809811036e-01
1.841637473018284954e+00
2.970670515392827005e-01
-2.476893490226944883e-01
-2.782680903868601785e-01
-1.492502012855358107e+00
-8.168505580923874909e-01
1.841637476177699684e+00
2.970670515868738537e-01
-2.476893492482590553e-01
-2.782680902156000058e-01
6.975253132678439494e-01
-1.098208692588143354e+00
1.864818234157709531e+00
4.074961959259104649e-01
-2.600208247927181526e-01
-3.205090629388299139e-01
6.975253132678439494e-01
-1.098208692588143354e+00
1.864818234157709531e+00
4.509390400252067388e-01
-2.599501588683584830e-01
-3.246870322423764388e-01
-1.088624462575336072e+00
2.620003109924289308e+00
1.110671936342194854e+00
4.083954923053353392e-01
-2.043596503908191031e-01
-2.895119825185172857e-01
-1.088624462575336072e+00
2.620003109924289308e+00
1.110671936342194854e+00
4.499637728784015578e-01
-2.074338961876034115e-01
-3.024490682641480799e-01
-9.123484360382004832e-01
2.323271852926074299e+00
1.518653826370031990e+00
4.157990800282879151e-01
-2.393857722446214864e-01
-2.629580504987366063e-01
-9.123484360382004832e-01
2.323271852926074299e+00
1.518653826370031990e+00
4.568409768402852955e-01
-2.399651619971240046e-01
-2.777893733729126513e-01
0.000000000000000000e+00
0.000000000000000000e+00
0.000000000000000000e+00
0.000000000000000000e+00
0.000000000000000000e+00
0.000000000000000000e+00
7.132897398900805985e-02
1.280281066198934953e-10
-3.840843840287090907e-10
0.000000000000000000e+00
-0.000000000000000000e+00
0.000000000000000000e+00
7.132896803190635904e-02
2.313701391610898661e-01
-7.633114046787722318e-01
-0.000000000000000000e+00
0.000000000000000000e+00
0.000000000000000000e+00
4.521904890546017686e-02
1.144830927031658563e+00
-4.864289330030155400e-01
-1.634482326156574405e-01
-3.869981886602810251e-05
-1.528543615367628124e-02
-1.476526067778364038e+00
1.069542382992069829e+00
-3.815451242333827708e-01
-3.268964652313148811e-01
-7.739966284931246165e-05
-3.057087231496596544e-02
-1.459166671608486121e+00
1.277287013062861298e+00
1.944496958939101461e-02
-5.593503880673692530e-01
-2.631248451987895365e-01
1.316219613914743347e-01
-1.360669034437018032e+00
6.923057619401050689e-01
3.182474998562697666e-01
-6.760012500731567009e-01
-3.975231266773165961e-01
2.063008880191681549e-01
-2.673898708917216371e+00
5.862552925181950814e-01
5.435216367972064422e-01
-6.907266153192478386e-01
-3.888755025434916801e-01
1.245307294544552995e-01
-2.673898708917216371e+00
5.862552925181945263e-01
5.435216367972066642e-01
-6.907266150962465545e-01
-3.888755020596865175e-01
1.245307300296848163e-01
-2.798816566543000040e+00
3.003484371590850799e+00
-7.137646916067446057e-01
-7.087878823181571475e-01
-4.417815297775770089e-01
9.274255605346651277e-02
-2.798816566543000040e+00
3.003484371590850799e+00
-7.137646916067446057e-01
-7.211066552566337551e-01
-4.843386689416872559e-01
-3.803123774293422354e-02
-2.902298847151309147e+00
1.429768501701324634e+00
-3.908371229279850034e-01
-7.208684073779878521e-01
-3.584116107517116290e-01
-5.661333179049421460e-02
-2.902298847151309147e+00
1.429768501701324634e+00
-3.908371229279850034e-01
-7.713637664771593183e-01
-4.488256203543261602e-01
-1.239665316945795515e-02
-2.526611628144613153e+00
-2.985478195674805546e-01
9.855962557033252081e-01
-6.862635752703336589e-01
-2.833841156190701760e-01
3.270151145128746828e-02
-2.526611628144613153e+00
-2.985478195674805546e-01
9.855962557033252081e-01
-6.812775089018598962e-01
-2.803667043245084978e-01
4.639747950098710438e-02
0.000000000000000000e+00
0.000000000000000000e+00
0.000000000000000000e+00
0.000000000000000000e+00
0.000000000000000000e+00
0.000000000000000000e+00
7.252252296910380314e-02
1.301704031865497345e-10
-3.905112748024191962e-10
0.000000000000000000e+00
-0.000000000000000000e+00
0.000000000000000000e+00
7.252251700883856345e-02
2.317699800834080448e-01
-7.636264494350253340e-01
-0.000000000000000000e+00
0.000000000000000000e+00
0.000000000000000000e+00
4.640810508366216558e-02
1.146747300478056397e+00
-4.859196279172594557e-01
-1.635339908674111054e-01
4.250710447584707299e-05
-1.551811723155296745e-02
-1.480202359858173944e+00
1.070998496032789182e+00
-3.799017029985809479e-01
-3.270679817348222107e-01
8.501418341697389303e-05
-3.103623447085604448e-02
-1.462777134446045402e+00
1.277929612370559020e+00
1.886404724687062995e-02
-5.596006141639063847e-01
-2.635334393756198490e-01
1.317963706190365958e-01
-1.364071466209508365e+00
6.920746482082058559e-01
3.185679553460166735e-01
-6.762947633939335734e-01
-3.982138828816298437e-01
2.067852490765478835e-01
-2.673908202805762357e+00
5.863822624876960932e-01
5.433494750563927500e-01
-6.910213635820930955e-01
-3.896026342919580165e-01
1.250200824546199296e-01
-2.673908202805761913e+00
5.863822624876957601e-01
5.433494750563929720e-01
-6.910213633591087978e-01
-3.896026338081655660e-01
1.250200830298523469e-01
-2.799397150190300998e+00
3.016021665741777991e+00
-7.203994133420486001e-01
-7.090904197504845907e-01
-4.425494996597620911e-01
9.323962513877556701e-02
-2.799397150190300998e+00
3.016021665741777991e+00
-7.203994133420486001e-01
-7.216403579983330374e-01
-4.855414944247358200e-01
-3.798275587341215509e-02
-2.495371600322169314e+00
-7.295969781035821500e-02
1.273686973042040815e+00
-7.211577514954029544e-01
-3.591775198451778728e-01
-5.612057711787860059e-02
-2.495371600322169314e+00
-7.295969781035821500e-02
1.273686973042040815e+00
-7.162982388055616489e-01
-3.385153787480869036e-01
-4.541638227506614167e-02
-2.526647919819301702e+00
-2.984273463571804341e-01
9.854200182398590302e-01
-6.865555718371745275e-01
-2.841520076979394682e-01
3.319472489996672104e-02
-2.526647919819301702e+00
-2.984273463571804341e-01
9.854200182398590302e-01
-6.815585572483886523e-01
-2.811820320810678453e-01
4.690666316796143764e-02
