-2.221441471072811424e+00
nan
-2.221441467085554233e+00
2.610459999999999864e-02
2.799937000000000120e-01
-1.333499999999999686e-01
1.583261570304210553e+00
-9.144836002338008196e-01
-1.583261577188178837e+00
8.860460000000003333e-02
2.799937001121810543e-01
-1.333500001121810108e-01
-7.508138145679560393e-01
2.813808254793681130e+00
7.534047090301770888e-01
2.073546000000000833e-01
2.799937003253250012e-01
-1.333500007516129071e-01
-1.174576942868482410e-01
-1.264722494862428270e+00
-1.572789562386588180e+00
3.094841326623275490e-01
1.260263319071646126e-01
-2.221678369139575282e-01
-6.867205045060812418e-01
6.288353889966229460e-01
-1.237134956929179852e+00
4.116136653246550425e-01
-2.794103669485581420e-02
-3.109856727575773805e-01
-8.949463588291518557e-01
-4.308710560776806697e-01
2.658424532167828591e+00
5.321210631172703653e-01
8.689259672051412309e-03
-4.760294198833772694e-01
1.702138569607081653e+00
1.267541828377003466e+00
-1.071222094185676710e+00
5.967259006941614263e-01
2.774199824478131016e-02
-5.549424771967443881e-01
-7.254576294110260948e-01
-1.496429683164177904e+00
3.285343015749301321e-01
6.972789596884838570e-01
3.635949655421476939e-03
-5.464546477750518161e-01
-7.254576293204164639e-01
-1.496429681085549523e+00
3.285343069058267451e-01
6.972789596649817678e-01
3.635949478240016464e-03
-5.464546479998376727e-01
3.377564016348252873e-01
-2.853084189810810134e+00
6.500068545725692370e-01
8.154340626515284018e-01
-1.176638056211709582e-03
-5.585860792683156051e-01
3.377564016348252873e-01
-2.853084189810810134e+00
6.500068545725692370e-01
8.484008982906651175e-01
-2.845676216647569090e-02
-5.499998285684618571e-01
-2.479523365595722173e-01
1.044103097195503649e+00
2.171791874622577723e+00
8.039464301799590373e-01
-2.975700629496665084e-02
-5.028098216321553737e-01
-2.479523365595722173e-01
1.044103097195503649e+00
2.171791874622577723e+00
8.460795290321045936e-01
-2.699425192339526686e-02
-5.138511211031276948e-01
-1.936226160499237847e-01
5.883793931922719489e-01
2.287411450782561584e+00
8.003250960096031097e-01
-5.723897180778069610e-02
-5.377151384102497600e-01
-1.936226160499237847e-01
5.883793931922719489e-01
2.287411450782561584e+00
8.431958472113388892e-01
-5.092003546930078117e-02
-5.429027061986365643e-01
-2.221441471072811424e+00
nan
-2.221441467085554233e+00
2.610459999999999864e-02
2.799937000000000120e-01
1.333500000000000241e-01
1.583266288807077204e+00
-9.144791042432630634e-01
-1.583266295691078795e+00
8.860460000000003333e-02
2.799937001121810543e-01
1.333499998878189818e-01
-7.508149623200613965e-01
2.813803278841034317e+00
7.534136900586225760e-01
2.073546000000000833e-01
2.799937003253250012e-01
1.333499992483870855e-01
-1.174574318821960950e-01
-1.264715322335631331e+00
-1.572784919590229702e+00
3.094844246294134460e-01
1.260270847503235092e-01
4.453119375346385744e-02
-6.867229246503985252e-01
6.288401778074304005e-01
-1.237125148797580287e+00
4.116142492588268365e-01
-2.793953100854018601e-02
-4.428761142273585083e-02
-8.949349860407562751e-01
-4.308799647138573108e-01
2.658427966751113924e+00
5.321203408459083128e-01
8.692286909126586969e-03
-2.093319745692937273e-01
1.702140652069378701e+00
1.267547277539093464e+00
-1.071219480814988190e+00
5.967245431473574557e-01
2.774580172606164533e-02
-2.882453645491588334e-01
-7.254559133927288572e-01
-1.496428457637663634e+00
3.285357065607240057e-01
6.972776509482445650e-01
3.639886858324274665e-03
-2.797577335503119711e-01
-7.254559133021161177e-01
-1.496428455559037030e+00
3.285357118916202301e-01
6.972776509247422538e-01
3.639886681142852354e-03
-2.797577337750978832e-01
3.376647524171954018e-01
-2.853106085112227852e+00
6.500185046907333009e-01
8.154327373614843610e-01
-1.172537123865901448e-03
-2.918893911807045605e-01
3.376647524171954018e-01
-2.853106085112227852e+00
6.500185046907333009e-01
8.483977540027999309e-01
-2.845449218285022244e-02
-2.833019741879558850e-01
-2.572097816761458322e-01
1.037499428830463755e+00
2.154179966727300055e+00
8.039452496900937328e-01
-2.975293758129574084e-02
-2.361131202310202681e-01
-2.572097816761458322e-01
1.037499428830463755e+00
2.154179966727300055e+00
8.462678973652650871e-01
-2.756229191910190141e-02
-2.465407609016622426e-01
-1.936115092747108801e-01
5.883881459730729846e-01
2.287448521073373708e+00
8.003238863786511503e-01
-5.723489758008429296e-02
-2.710184383271431741e-01
-1.936115092747108801e-01
5.883881459730729846e-01
2.287448521073373708e+00
8.431943263413038681e-01
-5.091451080775021704e-02
-2.762068111998940978e-01
0.000000000000000000e+00
0.000000000000000000e+00
0.000000000000000000e+00
0.000000000000000000e+00
0.000000000000000000e+00
0.000000000000000000e+00
-8.814409896139936418e-01
-1.582095110674592134e-09
4.746286124986423237e-09
0.000000000000000000e+00
-0.000000000000000000e+00
0.000000000000000000e+00
-8.814409967166203508e-01
4.824685135573595351e-01
-8.363681343091088349e-01
-0.000000000000000000e+00
0.000000000000000000e+00
0.000000000000000000e+00
-1.396900033663091012e+00
1.259558836717671548e+00
-3.880947021864765145e-01
-1.716252100590074103e-01
-1.637055687238024304e-01
8.643886686643752204e-02
-8.281727216351033594e-01
1.354932149962223775e+00
1.005400002975054691e-01
-3.432504201180148207e-01
-3.274111371666677539e-01
1.728777338949368247e-01
-1.512996117042640254e+00
1.152969547615922519e+00
9.370332085191154237e-01
-5.705563092566228178e-01
-4.519800526027759613e-01
-2.073782591904624328e-02
-1.688589804577030229e+00
2.971473612083612159e-01
5.866481288995969434e-01
-6.793937100040858823e-01
-5.108383236613329714e-01
-1.240519557534431883e-01
-2.673660982846777667e+00
5.333030197217094592e-01
5.034968439202254231e-01
-6.627298055889325745e-01
-4.375165975227240933e-01
-1.132258040184033199e-01
-2.673660982846777667e+00
5.333030197217091262e-01
5.034968439202249790e-01
-6.627298056196013754e-01
-4.375165981355587652e-01
-1.132258035321465905e-01
-2.774624896686027409e+00
2.083474408957904922e-01
-1.412977190623742052e-01
-6.667764119139406587e-01
-4.104612111373802108e-01
-1.633710492330029129e-01
-2.774624896686027409e+00
2.083474408957904922e-01
-1.412977190623742052e-01
-6.688421078662551977e-01
-3.912957248568922908e-01
-9.454749353182606564e-02
-2.554708089419051475e+00
1.252696266598074315e+00
1.137422304743664458e+00
-6.226406400815094333e-01
-2.671183940199196583e-01
-8.083044471110964468e-02
-2.554708089419051475e+00
1.252696266598074315e+00
1.137422304743664458e+00
-6.396144531519410981e-01
-2.474025646937108858e-01
-1.406684512855313207e-01
-2.635885061233879334e+00
1.001685230904598267e+00
1.386214853249208900e+00
-6.274186680231838009e-01
-3.622667079089724185e-01
-5.421717339085696530e-03
-2.635885061233879334e+00
1.001685230904598267e+00
1.386214853249208900e+00
-6.413743814702643764e-01
-3.165124682607218798e-01
-6.502070555313708977e-02
0.000000000000000000e+00
0.000000000000000000e+00
0.000000000000000000e+00
0.000000000000000000e+00
0.000000000000000000e+00
0.000000000000000000e+00
-8.814538279963106682e-01
-1.582118154238633251e-09
4.746355255690095892e-09
0.000000000000000000e+00
-0.000000000000000000e+00
0.000000000000000000e+00
-8.814538350989606919e-01
4.824763444530336676e-01
-8.363684918291149906e-01
-0.000000000000000000e+00
0.000000000000000000e+00
0.000000000000000000e+00
-1.396922842339059612e+00
1.259575677202520394e+00
-3.880827780862771692e-01
-1.716257986543726355e-01
-1.637078441284830488e-01
8.643923932896374618e-02
-8.282171617990943258e-01
1.354946904853951750e+00
1.005280115888613907e-01
-3.432515973087453265e-01
-3.274156879760261041e-01
1.728784788199936029e-01
-1.513034793025971769e+00
1.152975788136255009e+00
9.370259308098503048e-01
-5.705604701339135332e-01
-4.519940242206126335e-01
-2.073997725928033997e-02
-1.688626802135792415e+00
2.971572300385540988e-01
5.866375735470525932e-01
-6.793993355969901726e-01
-5.108569161000322545e-01
-1.240556891721663058e-01
-2.673657444342258938e+00
5.333017460801752208e-01
5.034916944085584545e-01
-6.627357392736422659e-01
-4.375362437358134016e-01
-1.132298782223810363e-01
-2.673657444342258493e+00
5.333017460801746656e-01
5.034916944085578994e-01
-6.627357393043117328e-01
-4.375362443486471853e-01
-1.132298777361249453e-01
-2.774575573000603868e+00
2.084961122559735036e-01
-1.410053550461832783e-01
-6.667825579657724600e-01
-4.104820358103327127e-01
-1.633754189095017739e-01
-2.774575573000603868e+00
2.084961122559735036e-01
-1.410053550461832783e-01
-6.688390166679095694e-01
-3.913038422626939905e-01
-9.455265062931136888e-02
-2.550542756016423773e+00
1.277862870783584182e+00
1.159594967604802074e+00
-6.226469810252781567e-01
-2.671392484002240719e-01
-8.083492123098495741e-02
-2.550542756016423773e+00
1.277862870783584182e+00
1.159594967604802074e+00
-6.385123375538496182e-01
-2.446582625152324553e-01
-1.405047967130489128e-01
-2.635880478715595832e+00
1.001683744912071905e+00
1.386209771734653540e+00
-6.274251095079663720e-01
-3.622874383248050889e-01
-5.426294917924512351e-03
-2.635880478715595832e+00
1.001683744912071905e+00
1.386209771734653540e+00
-6.413836001820955035e-01
-3.165359463015938180e-01
-6.502870187687026515e-02
