-2.221441471072811424e+00
nan
-2.221441467085554233e+00
2.610459999999999864e-02
2.799937000000000120e-01
-1.333499999999999686e-01
1.524674824936444795e+00
-9.686167358197935728e-01
-1.524674831407778486e+00
8.860460000000003333e-02
2.799937001121810543e-01
-1.333500001121810108e-01
-1.409005921736027789e+00
-2.504862942334919573e+00
-5.586387502967855578e-01
2.073546000000000833e-01
2.799937003253250012e-01
-1.333500007516129071e-01
-1.259524915553593027e+00
6.526809770815860112e-01
-9.874744685427838675e-01
3.216039678062115881e-02
1.836296658125243508e-01
-1.785823344382880817e-01
-2.976285146145710492e+00
6.912892968413787420e-01
-3.687766659368076350e-01
-1.430338064387577379e-01
8.726563114337684834e-02
-2.238146677918781968e-01
7.192117182212087734e-01
1.881890510852203935e+00
2.255567104310309823e+00
-2.342148553339359895e-01
-9.880654734348265356e-02
-2.367146955255464147e-01
-1.108010043685754009e-01
3.654230659249934066e-01
-2.202384569976697737e+00
-2.784466232419280374e-01
-1.918868291616763755e-01
-2.487011188611022439e-01
4.090669649929699614e-01
-1.384413676193549270e+00
-1.578418013147790955e+00
-1.993284302546056153e-01
-2.513787831683677032e-01
-2.797668789014834401e-01
4.090669644566105045e-01
-1.384413679235124039e+00
-1.578418007959609959e+00
-1.993284301162210337e-01
-2.513787829350735414e-01
-2.797668789958119850e-01
-1.494804415539985554e+00
-1.494622232633536996e+00
-1.774998943387143369e+00
-9.704223960709490449e-02
-3.115186103134073292e-01
-2.869569679517975369e-01
-1.494804415539985554e+00
-1.494622232633536996e+00
-1.774998943387143369e+00
-1.171325283728524569e-01
-3.064595462932026004e-01
-3.253695608499337921e-01
1.115203032429915364e+00
2.649123640070079611e-01
-1.260653913870030784e+00
-1.343546999448985702e-01
-3.381560072364023783e-01
-3.312065267413113467e-01
1.115203032429915364e+00
2.649123640070079611e-01
-1.260653913870030784e+00
-1.736203906011035414e-01
-3.191568837484815013e-01
-3.326136403088503224e-01
9.379812284169659620e-01
-1.073130752504957597e+00
4.268126804374978711e-01
-1.128481852606607050e-01
-3.019553053524998698e-01
-3.458261244871277396e-01
9.379812284169659620e-01
-1.073130752504957597e+00
4.268126804374978711e-01
-9.851244289552277267e-02
-3.189182592185368925e-01
-3.833958704483275692e-01
-2.221441471072811424e+00
nan
-2.221441467085554233e+00
2.610459999999999864e-02
2.799937000000000120e-01
1.333500000000000241e-01
1.523196676425033980e+00
-9.699398306629313238e-01
-1.523196682886033493e+00
8.860460000000003333e-02
2.799937001121810543e-01
1.333499998878189818e-01
-1.410557906331380673e+00
-2.505608463078969894e+00
-5.560245142856663492e-01
2.073546000000000833e-01
2.799937003253250012e-01
1.333499992483870855e-01
-1.259063304418992280e+00
6.555260890078338232e-01
-9.843139982580418890e-01
3.208734464077037107e-02
1.836432511202189810e-01
8.837244777193545286e-02
-2.974515046264420537e+00
6.928139940098549943e-01
-3.633944486994256651e-01
-1.431799107184592856e-01
8.729280175947086440e-02
4.339489662889878252e-02
7.192367419641563231e-01
1.879373745692906494e+00
2.255856975835738076e+00
-2.345594469095216295e-01
-9.866303160875543321e-02
3.022453589599543786e-02
-1.087473418695644733e-01
3.662093717663647552e-01
-2.202380051976160935e+00
-2.789061803564895636e-01
-1.916705660048188542e-01
1.809901412789608616e-02
4.093626221828065015e-01
-1.384492070708629896e+00
-1.578208723177459749e+00
-1.997681328634774711e-01
-2.511451600991421729e-01
-1.294940928311232725e-02
4.093626216463329137e-01
-1.384492073750558383e+00
-1.578208717989406873e+00
-1.997681327251279448e-01
-2.511451598658187567e-01
-1.294940937741995146e-02
-1.497529218113761829e+00
-1.488574885491103394e+00
-1.771476263611676316e+00
-9.746666879634646730e-02
-3.112616230843018861e-01
-2.011755511317356998e-02
-1.497529218113761829e+00
-1.488574885491103394e+00
-1.771476263611676316e+00
-1.177562787310714454e-01
-3.060787319260582784e-01
-5.840868323116599897e-02
7.737498796607324980e-01
-7.485972598698531488e-01
5.425173208054174800e-01
-1.347642262701045923e-01
-3.379088511823614138e-01
-6.437375813084891818e-02
7.737498796607324980e-01
-7.485972598698531488e-01
5.425173208054174800e-01
-1.256739770527845468e-01
-3.637578177439267368e-01
-9.834344198978542395e-02
9.379108850835607969e-01
-1.073357534333378105e+00
4.273671772222241705e-01
-1.132631560169657936e-01
-3.017036043319749616e-01
-7.899010882013433876e-02
9.379108850835607969e-01
-1.073357534333378105e+00
4.273671772222241705e-01
-9.890593286991747335e-02
-3.186699117307614793e-01
-1.165501365273358264e-01
0.000000000000000000e+00
0.000000000000000000e+00
0.000000000000000000e+00
0.000000000000000000e+00
0.000000000000000000e+00
0.000000000000000000e+00
-5.419313798031847318e-01
-9.727105914182939971e-10
2.918132261787622369e-09
0.000000000000000000e+00
-0.000000000000000000e+00
0.000000000000000000e+00
-5.419313863142449783e-01
3.722572161555846026e-01
-7.930655600213616374e-01
0.000000000000000000e+00
0.000000000000000000e+00
0.000000000000000000e+00
6.583265052860567401e-01
1.032448540712466833e+00
-4.831782231945871420e-01
-9.326105961523428745e-02
1.144276675876245292e-01
1.174400011913975250e-01
7.178298664737076118e-01
1.034381474255011701e+00
-7.177650408820880346e-01
-1.865221192304685749e-01
2.288553353557583603e-01
2.348800024675243014e-01
-2.817076316667725955e-01
-1.069021496394908066e+00
-9.886309854085648663e-01
-3.334217737341906851e-01
3.035619298292439039e-01
1.956278232101428538e-01
-2.282139813058143285e-01
-1.126049208126169265e+00
-7.431835556220012240e-01
-4.126300802596198358e-01
3.439141591924702590e-01
1.745645382388280598e-01
-2.778128329335394664e+00
7.913275849618743862e-01
2.580403573273686857e-01
-4.218619476759044029e-01
2.780251784326577824e-01
2.772324124801053835e-01
-2.778128329335394220e+00
7.913275849618750524e-01
2.580403573273685747e-01
-4.218619478107484277e-01
2.780251782063100641e-01
2.772324117224767570e-01
-4.588557649263372618e+00
-2.571565302870887137e+00
7.620145999942704584e-01
-4.120331609936382367e-01
2.844441535358750994e-01
3.633666857730293298e-01
-4.588557649263372618e+00
-2.571565302870887137e+00
7.620145999942704584e-01
-3.171077505491879944e-01
9.287666320748402815e-02
2.884893893503271967e-01
-4.251656914888476635e+00
-2.119168756785819951e+00
2.078958202556834944e+00
-4.401755340658918270e-01
1.518850801038048315e-01
4.668951719126531730e-01
-4.251656914888476635e+00
-2.119168756785819951e+00
2.078958202556834944e+00
-4.766920065729169931e-01
6.427078630556778971e-02
3.029067923061677936e-01
-2.225195572642130415e+00
1.609365872880101911e+00
9.967771629292598856e-02
-4.610856670928265566e-01
1.168195101766515143e-01
3.493062781411335194e-01
-2.225195572642130415e+00
1.609365872880101911e+00
9.967771629292598856e-02
-5.198583055926077057e-01
3.464843185882088283e-02
3.639807134579173820e-01
0.000000000000000000e+00
0.000000000000000000e+00
0.000000000000000000e+00
0.000000000000000000e+00
0.000000000000000000e+00
0.000000000000000000e+00
-5.451100155957696591e-01
-9.784159128241728660e-10
2.935248228864826075e-09
0.000000000000000000e+00
-0.000000000000000000e+00
0.000000000000000000e+00
-5.451100220724540701e-01
3.685537973323037564e-01
-7.895121364022360533e-01
0.000000000000000000e+00
0.000000000000000000e+00
0.000000000000000000e+00
6.632371514969841453e-01
1.032823874013653942e+00
-4.794228576811769837e-01
-9.264649638659383513e-02
1.138579111419282253e-01
1.171170080035408567e-01
7.239914706844607917e-01
1.035455583657361123e+00
-7.218061981024048723e-01
-1.852929927731876980e-01
2.277158224656043450e-01
2.342340160919237357e-01
-2.792804523763962044e-01
-1.068686945899507856e+00
-9.961261896062904020e-01
-3.331543894313377385e-01
3.032093669044957363e-01
1.942230297903625724e-01
-2.246343699978337605e-01
-1.127618537222646822e+00
-7.439550364300564489e-01
-4.128432434481762447e-01
3.439978883098151474e-01
1.728054409428486371e-01
-2.778294507477048647e+00
7.915329325800066762e-01
2.579286745833987426e-01
-4.220788894744906261e-01
2.781481962717899936e-01
2.754030082708305294e-01
-2.778294507477048203e+00
7.915329325800074534e-01
2.579286745833987426e-01
-4.220788896093189968e-01
2.781481960454600943e-01
2.754030075130811661e-01
-4.566512925370973974e+00
-2.531739842424715725e+00
7.556443082526016486e-01
-4.122469533461161628e-01
2.846194571181126509e-01
3.614492693311625593e-01
-4.566512925370973974e+00
-2.531739842424715725e+00
7.556443082526016486e-01
-3.192202008824248094e-01
9.443079737642391669e-02
2.864135160072527886e-01
-2.383968548901450379e+00
1.570641964924021750e+00
-2.294070968446904057e-01
-4.404041112808987357e-01
1.520425817879116903e-01
4.650053618407645750e-01
-2.383968548901450379e+00
1.570641964924021750e+00
-2.294070968446904057e-01
-4.996882586602707232e-01
6.897455616954167867e-02
5.123509582528009698e-01
-2.225518853049967660e+00
1.609694151716714261e+00
9.965266448252652065e-02
-4.613118055386914440e-01
1.169797975010282154e-01
3.473977181834096428e-01
-2.225518853049967660e+00
1.609694151716714261e+00
9.965266448252652065e-02
-5.200812247385726561e-01
3.481998325874569034e-02
3.620458170313547441e-01
