-2.221441471072811424e+00
nan
-2.221441467085554233e+00
2.610459999999999864e-02
2.799937000000000120e-01
-1.333499999999999686e-01
1.543594819420161857e+00
-9.514987539073591627e-01
-1.543594826024098809e+00
8.860460000000003333e-02
2.799937001121810543e-01
-1.333500001121810108e-01
-6.676677451850645539e-01
2.883004095967315550e+00
6.841488431655172731e-01
2.073546000000000833e-01
2.799937003253250012e-01
-1.333500007516129071e-01
-2.611180426278346678e-01
-1.270358312326314687e+00
-1.516648332953138612e+00
2.974722213432968165e-01
1.154961629988844052e-01
-2.160807358925659893e-01
-7.970562580064919356e-01
6.738198513082255259e-01
-1.233386999397121819e+00
3.875898426865935220e-01
-4.900137449288016755e-02
-2.988114707047973551e-01
-8.109379257742198588e-01
-3.073545598536747692e-01
2.785320895545179809e+00
4.918768280987367847e-01
-2.246516481366116202e-02
-4.763595043450154498e-01
1.574679944845166268e+00
1.225802405109494453e+00
-1.119894849338903819e+00
5.486926930918369916e-01
-8.270451585563710212e-03
-5.620013755381292331e-01
-8.359408710270544995e-01
-1.457348166298786829e+00
5.110294848447053395e-01
6.503397184656954932e-01
-2.714118678513913543e-02
-5.532927541963970075e-01
-8.359408709409991145e-01
-1.457348163731605029e+00
5.110294900241532101e-01
6.503397184415367072e-01
-2.714118700163288891e-02
-5.532927543835364226e-01
3.128916198404072535e-01
-2.746240621778132773e+00
9.086132952957254316e-01
7.681145005756001565e-01
-3.032682165265596780e-02
-5.691014042406278284e-01
3.128916198404072535e-01
-2.746240621778132773e+00
9.086132952957254316e-01
8.013018444409547580e-01
-5.545766251493753490e-02
-5.559948345396193981e-01
-2.758946716464958926e-01
1.300835130898878145e+00
2.174671195714561023e+00
7.596449826069167077e-01
-4.840945134021945595e-02
-5.085945465026772139e-01
-2.758946716464958926e-01
1.300835130898878145e+00
2.174671195714561023e+00
8.003426744855336450e-01
-4.491683724072868811e-02
-5.239646683992400522e-01
-2.358586404358976041e-01
8.386178826317983726e-01
2.319356306133882661e+00
7.559204056958240825e-01
-8.199558394392408855e-02
-5.376608990870611615e-01
-2.358586404358976041e-01
8.386178826317983726e-01
2.319356306133882661e+00
7.977691017744803492e-01
-7.376287952668146575e-02
-5.469156459287947136e-01
-2.221441471072811424e+00
nan
-2.221441467085554233e+00
2.610459999999999864e-02
2.799937000000000120e-01
1.333500000000000241e-01
1.543604079805146245e+00
-9.514902918953921374e-01
-1.543604086409148257e+00
8.860460000000003333e-02
2.799937001121810543e-01
1.333499998878189818e-01
-6.676695142828442675e-01
2.882995690300624414e+00
6.841671071744569455e-01
2.073546000000000833e-01
2.799937003253250012e-01
1.333499992483870855e-01
-2.611191132520369051e-01
-1.270342551097980444e+00
-1.516637813107349464e+00
2.974726718139945048e-01
1.154974606825744099e-01
5.061717459019872412e-02
-7.970647295643352725e-01
6.738299345774499960e-01
-1.233370364289733567e+00
3.875907436279889540e-01
-4.899877912550457126e-02
-3.211564973927011346e-02
-8.109139951523181011e-01
-3.073659125346950294e-01
2.785328260310129700e+00
4.918747776704187613e-01
-2.246056827529413144e-02
-2.096651178001662230e-01
1.574681589663277759e+00
1.225810489450936069e+00
-1.119893406961070204e+00
5.486892042443675122e-01
-8.264820668393239173e-03
-2.953077717931069102e-01
-8.359375671164220867e-01
-1.457345420252967649e+00
5.110317679493630028e-01
6.503362998382739013e-01
-2.713537524641749729e-02
-2.865995786831053715e-01
-8.359375670303597072e-01
-1.457345417685790734e+00
5.110317731288104293e-01
6.503362998141146711e-01
-2.713537546291117097e-02
-2.865995788702447866e-01
3.127554751817525625e-01
-2.746279307120774948e+00
9.086373153636505551e-01
7.681110232544569039e-01
-3.032078268867336932e-02
-3.024087118166458032e-01
3.127554751817525625e-01
-2.746279307120774948e+00
9.086373153636505551e-01
8.012955903183869300e-01
-5.545406881932696264e-02
-2.892998002804340052e-01
-2.978453824670118655e-01
1.285707154368429750e+00
2.143515242321267777e+00
7.596417855440062983e-01
-4.840347032722310677e-02
-2.419018321687039230e-01
-2.978453824670118655e-01
1.285707154368429750e+00
2.143515242321267777e+00
8.008677686457428280e-01
-4.574186895575113598e-02
-2.559757555749439528e-01
-2.358324809259755850e-01
8.386371255131527258e-01
2.319415157030014996e+00
7.559171516559586301e-01
-8.198958940814807250e-02
-2.709681930775266201e-01
-2.358324809259755850e-01
8.386371255131527258e-01
2.319415157030014996e+00
7.977650639842029934e-01
-7.375482134476968321e-02
-2.802246477616882614e-01
0.000000000000000000e+00
0.000000000000000000e+00
0.000000000000000000e+00
0.000000000000000000e+00
0.000000000000000000e+00
0.000000000000000000e+00
-7.371317413217408632e-01
-1.323074984723469426e-09
3.969225617309453902e-09
0.000000000000000000e+00
-0.000000000000000000e+00
0.000000000000000000e+00
-7.371317481875498956e-01
4.162016490649026457e-01
-8.275539519107332209e-01
-0.000000000000000000e+00
0.000000000000000000e+00
0.000000000000000000e+00
-1.205627937183591847e+00
1.271378120274079038e+00
-3.974601101666999092e-01
-1.705632554880955332e-01
-1.355606451027320525e-01
8.374925464909935280e-02
-8.543733685048459092e-01
1.340823068371201021e+00
-1.529233794398198731e-01
-3.411265109761910663e-01
-2.711212899631529893e-01
1.674985094200642788e-01
-1.504185544783153805e+00
1.178475852580036953e+00
8.265764610941961354e-01
-5.751290033632713294e-01
-4.387615197765737940e-01
4.996282797586681923e-03
-1.639324247963412695e+00
3.454622585537167057e-01
5.988559435123999020e-01
-6.877888963604535943e-01
-5.206201278334339211e-01
-8.331132459027565385e-02
-2.673123518479719074e+00
5.373867383962747102e-01
5.102850649296966079e-01
-6.734795444301353573e-01
-4.454719484161098197e-01
-8.749128176163512016e-02
-2.673123518479719074e+00
5.373867383962744881e-01
5.102850649296961638e-01
-6.734795444202280601e-01
-4.454719489286843026e-01
-8.749128116993806770e-02
-2.731228757093063564e+00
3.037777248603369951e-01
2.094868775425462459e-01
-6.803493214206395301e-01
-4.276317103087252658e-01
-1.422662922993604417e-01
-2.731228757093063564e+00
3.037777248603369951e-01
2.094868775425462459e-01
-6.711032561138858821e-01
-3.848823571942026067e-01
-8.370979285994276098e-02
-2.566396570667856647e+00
1.325311627025012484e+00
9.719247357343611116e-01
-6.386064426260169569e-01
-2.702112743866755817e-01
-8.937778296859560934e-02
-2.566396570667856647e+00
1.325311627025012484e+00
9.719247357343611116e-01
-6.623712019199931023e-01
-2.701020090886381286e-01
-1.522783400560072942e-01
-2.649980045489461755e+00
8.307957489200905599e-01
8.759432382156329133e-01
-6.370878131819963652e-01
-3.498098210473287173e-01
2.403636227303926343e-03
-2.649980045489461755e+00
8.307957489200905599e-01
8.759432382156329133e-01
-6.519879992819517245e-01
-3.376776331457390645e-01
-5.418058499879846446e-02
0.000000000000000000e+00
0.000000000000000000e+00
0.000000000000000000e+00
0.000000000000000000e+00
0.000000000000000000e+00
0.000000000000000000e+00
-7.369660092657080996e-01
-1.322777512880633662e-09
3.968333201631850200e-09
0.000000000000000000e+00
-0.000000000000000000e+00
0.000000000000000000e+00
-7.369660161313736912e-01
4.162045726424529746e-01
-8.275323357163587579e-01
-0.000000000000000000e+00
0.000000000000000000e+00
0.000000000000000000e+00
-1.205587208633420060e+00
1.271598196909875744e+00
-3.973150217422998232e-01
-1.705597373384874771e-01
-1.355468986501298101e-01
8.372058483140425167e-02
-8.543811963833296552e-01
1.341035458325614549e+00
-1.528190728675870025e-01
-3.411194746769750097e-01
-2.710937970580045708e-01
1.674411697846499569e-01
-1.504144684857059655e+00
1.178684466812097487e+00
8.266411272309195368e-01
-5.751640621757939664e-01
-4.387253133943525008e-01
4.918834060440496758e-03
-1.639308142102623433e+00
3.455118484842713555e-01
5.988721190597680044e-01
-6.878445169374903800e-01
-5.205791145688192234e-01
-8.339990634360150423e-02
-2.673115342922705473e+00
5.374358309772262476e-01
5.103049775881430827e-01
-6.735346840311215999e-01
-4.454300911659982987e-01
-8.758552846956249582e-02
-2.673115342922705473e+00
5.374358309772258036e-01
5.103049775881426386e-01
-6.735346840212191877e-01
-4.454300916785720599e-01
-8.758552787786610949e-02
-2.731356094975749382e+00
3.032853168471690286e-01
2.088094860673772590e-01
-6.804055493603459182e-01
-4.275886999102280761e-01
-1.423669233094974340e-01
-2.731356094975749382e+00
3.032853168471690286e-01
2.088094860673772590e-01
-6.711817404114382990e-01
-3.848543420933104309e-01
-8.378336098618749395e-02
-2.618502571968222892e+00
9.406196476232417947e-01
7.465276481175854295e-01
-6.386592987067920557e-01
-2.701687257309570711e-01
-8.947814173495188816e-02
-2.618502571968222892e+00
9.406196476232417947e-01
7.465276481175854295e-01
-6.538844665939174128e-01
-2.762449941616055837e-01
-1.352255214697825614e-01
-2.649917901686130062e+00
8.315167059088448553e-01
8.768008337013679654e-01
-6.371414387904449361e-01
-3.497671602520240342e-01
2.303180198206564167e-03
-2.649917901686130062e+00
8.315167059088448553e-01
8.768008337013679654e-01
-6.520585870011210705e-01
-3.376037208076639873e-01
-5.431551731751696477e-02
