-2.221441471072811424e+00
nan
-2.221441467085554233e+00
2.610459999999999864e-02
2.799937000000000120e-01
-1.333499999999999686e-01
1.556346473656623486e+00
-9.397679790551173307e-01
-1.556346480350279560e+00
8.860460000000003333e-02
2.799937001121810543e-01
-1.333500001121810108e-01
-6.263088606153316418e-01
-2.887876934126056394e+00
-7.133498216419860150e-01
2.073546000000000833e-01
2.799937003253250012e-01
-1.333500007516129071e-01
-1.190713008057208366e+00
-2.203137452952725894e-01
-1.164028367516015017e+00
1.224301787545668818e-01
1.148714832646002271e-01
-2.202263272685594797e-01
-2.654205265715551043e+00
6.167722181404281523e-01
-1.345053921379990802e+00
3.750575750913368034e-02
-5.025073396745124987e-02
-3.071026534598725322e-01
-7.500004239617905633e-01
-1.644096993356519931e+00
-2.368037091662169580e+00
-3.541380968484698910e-02
-2.384012090566549613e-01
-3.559430613610100602e-01
-8.746881134918313427e-02
6.668951499356652324e-01
-1.714462493413399180e+00
-6.739006094234659128e-02
-3.330783474698266189e-01
-3.838325094984398889e-01
1.471061099372807934e+00
-3.557188219680291752e-01
-2.511682936884412687e+00
2.340959873050374451e-02
-3.435954513920262410e-01
-4.329127991103016160e-01
1.471061098746111462e+00
-3.557188289858931318e-01
-2.511682934770254061e+00
2.340959886845980775e-02
-3.435954513063782523e-01
-4.329127988734327581e-01
-2.203428027786105414e-01
3.669994107174198161e-01
-4.178189480327554328e-01
1.268827546825618824e-01
-3.841065287534582984e-01
-4.751397998930085298e-01
-2.203428027786105414e-01
3.669994107174198161e-01
-4.178189480327554328e-01
9.321044862847670254e-02
-4.056133311458198221e-01
-4.575792082040610054e-01
-1.457658203360235216e+00
-2.390744359367998673e+00
1.020886061180386273e+00
1.115277622515176981e-01
-3.360052426378327683e-01
-5.140021794627841478e-01
-1.457658203360235216e+00
-2.390744359367998673e+00
1.020886061180386273e+00
9.799337782739898917e-02
-3.670442930415557803e-01
-4.864678570105188671e-01
1.437778000022891911e+00
-2.214874615099004185e+00
-2.306841249169470642e-01
1.329587932506134385e-01
-3.227425380313425074e-01
-4.772385397376864291e-01
1.437778000022891911e+00
-2.214874615099004185e+00
-2.306841249169470642e-01
1.703028126539251619e-01
-3.163284094028293580e-01
-4.988955084395146344e-01
-2.221441471072811424e+00
nan
-2.221441467085554233e+00
2.610459999999999864e-02
2.799937000000000120e-01
1.333500000000000241e-01
1.556403566774017921e+00
-9.397151016684741620e-01
-1.556403573468076340e+00
8.860460000000003333e-02
2.799937001121810543e-01
1.333499998878189818e-01
-6.276649046387764441e-01
-2.887326004500208931e+00
-7.133397347953178702e-01
2.073546000000000833e-01
2.799937003253250012e-01
1.333499992483870855e-01
-1.191071422839840244e+00
-2.182114292646926412e-01
-1.162787620418950452e+00
1.222481049838761158e-01
1.149520627962510588e-01
4.649873335207294067e-02
-2.656690016892677253e+00
6.147263079079103854e-01
-1.342508333173591639e+00
3.714160996775214829e-02
-5.008957490417634273e-02
-4.035253221862182549e-02
-7.496720668479158745e-01
-1.646159014006328913e+00
-2.366489145998512900e+00
-3.563836763854479062e-02
-2.383786267205308118e-01
-8.886601308451239079e-02
-8.886831049991468501e-02
6.654775058715056701e-01
-1.714371971638547043e+00
-6.755179832951155317e-02
-3.331221687025400779e-01
-1.166014902615164772e-01
1.471211332617235135e+00
-3.559451045505685474e-01
-2.511693235523916101e+00
2.325173448337715387e-02
-3.436565427915171389e-01
-1.656709093660070353e-01
1.471211331989866311e+00
-3.559451115686541045e-01
-2.511693233409734827e+00
2.325173462131988056e-02
-3.436565427058744238e-01
-1.656709091291284353e-01
-2.220270002456473935e-01
3.660417148574170443e-01
-4.265998944152156191e-01
1.267233811550510514e-01
-3.841863791278239404e-01
-2.078836051857489153e-01
-2.220270002456473935e-01
3.660417148574170443e-01
-4.265998944152156191e-01
9.285546554435554489e-02
-4.053579612239668895e-01
-1.902918591569122686e-01
1.419250650318662377e+00
-1.973175352324864074e+00
1.523319280199744996e-01
1.113801398129490444e-01
-3.360853438387243486e-01
-2.467509361153974734e-01
1.419250650318662377e+00
-1.973175352324864074e+00
1.523319280199744996e-01
1.468211028102316684e-01
-3.308765988670963054e-01
-2.716818053793398358e-01
1.437278346316614108e+00
-2.215272651915230373e+00
-2.304822128963198435e-01
1.328090965816494107e-01
-3.228234652428130236e-01
-2.099857893468548287e-01
1.437278346316614108e+00
-2.215272651915230373e+00
-2.304822128963198435e-01
1.701589901551353590e-01
-3.164295330682098117e-01
-2.316385999266814266e-01
0.000000000000000000e+00
0.000000000000000000e+00
0.000000000000000000e+00
0.000000000000000000e+00
0.000000000000000000e+00
0.000000000000000000e+00
4.179002082587999767e-01
7.500875090069045489e-10
-2.250262902972432314e-09
0.000000000000000000e+00
-0.000000000000000000e+00
0.000000000000000000e+00
4.179001985387436058e-01
6.119322635172300684e-01
-1.163074169226191001e+00
0.000000000000000000e+00
0.000000000000000000e+00
0.000000000000000000e+00
8.242682956634669322e-01
1.402051292008251737e+00
-7.473660979574789920e-01
-2.452118125602662513e-01
1.350790347867959762e-01
-1.703661397222569485e-02
-8.805149653352826178e-01
1.594889654117249256e+00
5.525948698861228303e-01
-4.904236251205325026e-01
2.701580694375096403e-01
-3.407322801604878437e-02
-1.294197778768852114e+00
3.700335985652592474e-01
1.917838017689473817e-01
-4.643476990839924823e-01
1.868583806217682108e-01
2.478947443353256286e-01
-1.505536537535875130e+00
5.691531510648955017e-01
-2.418658072008624260e-01
-4.565101903948019513e-01
1.446313917587349895e-01
3.822579738912830760e-01
-2.731622548458544131e+00
7.111677149662730679e-01
4.208751819422167362e-01
-4.869881197121285754e-01
4.877788949489724607e-02
3.464129456967937060e-01
-2.731622548458543243e+00
7.111677149662731789e-01
4.208751819422172913e-01
-4.869881195797221562e-01
4.877789019999595466e-02
3.464129453647258883e-01
-5.201620874018734852e+00
-1.309416222347414838e-01
-5.346676417303229734e+00
-4.999684923134771197e-01
-2.302105465946347254e-02
3.834871502008558863e-01
-5.201620874018734852e+00
-1.309416222347414838e-01
-5.346676417303229734e+00
-6.172578178394697579e-01
2.483574103254797272e-01
4.909482760792527878e-01
-4.281234090653013524e+00
-8.579732436861726708e-01
-2.109700384137803475e+00
-5.478507995358349314e-01
-1.356409422121540032e-01
2.630125673180676582e-01
-4.281234090653013524e+00
-8.579732436861726708e-01
-2.109700384137803475e+00
-6.369576080429130149e-01
1.079343375214852734e-02
3.842858683423269195e-01
-2.248861682279944763e+00
8.300304872158297265e-01
1.288523490567111462e+00
-5.272876290929964238e-01
-2.619676590471729100e-02
2.115428070164354635e-01
-2.248861682279944763e+00
8.300304872158297265e-01
1.288523490567111462e+00
-5.535283287855510270e-01
-2.678164673923361452e-02
1.661216442986292730e-01
0.000000000000000000e+00
0.000000000000000000e+00
0.000000000000000000e+00
0.000000000000000000e+00
0.000000000000000000e+00
0.000000000000000000e+00
4.124306237366247019e-01
7.402701723593945593e-10
-2.220810888109350435e-09
0.000000000000000000e+00
-0.000000000000000000e+00
0.000000000000000000e+00
4.124306139988511699e-01
6.131497698668646468e-01
-1.165155628614202410e+00
0.000000000000000000e+00
0.000000000000000000e+00
0.000000000000000000e+00
8.214652900324534990e-01
1.406364821151254718e+00
-7.477353216319089224e-01
-2.455520266196761781e-01
1.349824326198577340e-01
-1.588519606817989649e-02
-8.743006183444486101e-01
1.597373143840784770e+00
5.509949260904575263e-01
-4.911040532393523561e-01
2.699648651054200044e-01
-3.177039220703120614e-02
-1.288138872406130675e+00
3.687837647442731570e-01
1.913343943962602656e-01
-4.648518724995653884e-01
1.874481004042833632e-01
2.491076238611297233e-01
-1.500547986109115106e+00
5.679134225121365009e-01
-2.444809183443213685e-01
-4.569525679617953418e-01
1.456148171734881480e-01
3.829196183137181242e-01
-2.731698587330347650e+00
7.107426789044393178e-01
4.208218812252620955e-01
-4.873952031575646826e-01
4.978406806569694865e-02
3.471584070418921031e-01
-2.731698587330347650e+00
7.107426789044393178e-01
4.208218812252627616e-01
-4.873952030252451939e-01
4.978406877082716675e-02
3.471584067099003912e-01
-5.193018807828535088e+00
-1.285909917956303827e-01
-5.327885897311403163e+00
-5.003417256954697523e-01
-2.198516046664807794e-02
3.843319883604326970e-01
-5.193018807828535088e+00
-1.285909917956303827e-01
-5.327885897311403163e+00
-6.154036394385450359e-01
2.498134974772007744e-01
4.899213035187586773e-01
-2.270061208735178138e+00
1.178190230875593381e+00
1.174734155193498442e+00
-5.482083647615147992e-01
-1.346157651461466209e-01
2.638395546666351676e-01
-2.270061208735178138e+00
1.178190230875593381e+00
1.174734155193498442e+00
-5.837005619993922423e-01
-1.495766546364133698e-01
2.102591883841261611e-01
-2.249016547400421562e+00
8.295895024180588440e-01
1.288516228832649713e+00
-5.276586945562384834e-01
-2.516669175542658732e-02
2.123816255009240428e-01
-2.249016547400421562e+00
8.295895024180588440e-01
1.288516228832649713e+00
-5.538603242841406704e-01
-2.573827703257458577e-02
1.670164866122897940e-01
