-2.221441471072811424e+00
nan
-2.221441467085554233e+00
2.610459999999999864e-02
2.799937000000000120e-01
-1.333499999999999686e-01
1.582820464726135246e+00
-9.149038052292605139e-01
-1.582820471606974033e+00
8.860460000000003333e-02
2.799937001121810543e-01
-1.333500001121810108e-01
-9.236423404931024539e-01
-2.732991868833470672e+00
-7.308295818572539959e-01
2.073546000000000833e-01
2.799937003253250012e-01
-1.333500007516129071e-01
-1.232136668165127125e+00
1.060342494402593400e-01
-1.118050342573151834e+00
8.299493410769252788e-02
1.387744238858864276e-01
-2.146936511557783200e-01
-2.906978360439872677e+00
5.058964705063747624e-01
-1.030696835002298695e+00
-4.136473178461502753e-02
-2.444852737208347282e-03
-2.960373012411014471e-01
-7.852809091722993129e-01
-1.822525982389640253e+00
-2.230529437974887674e+00
-1.096987767611612707e-01
-1.978103283178200833e-01
-3.123480108610045547e-01
-2.604725112851452584e-01
5.532998731440174067e-01
-1.862511411585521914e+00
-1.403842347443658156e-01
-2.961109918942712027e-01
-3.249751526116295142e-01
1.121089491745578925e+00
-7.863025847929813184e-01
-2.247201874066001359e+00
-5.456512797497231615e-02
-3.241079485997511722e-01
-3.761152917250004668e-01
1.121089491135672356e+00
-7.863025905371575641e-01
-2.247201870561458925e+00
-5.456512782195055422e-02
-3.241079484115599318e-01
-3.761152915712385192e-01
-8.544155412987086695e-01
5.219089448242768964e-02
-1.226329433697579852e+00
4.734247783834494294e-02
-3.753073296918938984e-01
-4.096477273649100637e-01
-8.544155412987086695e-01
5.219089448242768964e-02
-1.226329433697579852e+00
9.254831813570479904e-03
-3.574918078164792679e-01
-3.979567254742205074e-01
1.769449304770217335e+00
1.651700253040596644e+00
-1.533001320640876797e+00
2.357800625980413511e-02
-3.504408100568610629e-01
-4.632826055338148397e-01
1.769449304770217335e+00
1.651700253040596644e+00
-1.533001320640876797e+00
-1.611569646153117319e-03
-3.528551965969121129e-01
-4.277242432553965412e-01
1.360528289264972823e+00
-1.834454716641862992e+00
1.130391586566296125e-01
4.735001507967588619e-02
-3.212587001116893326e-01
-4.394068922498969298e-01
1.360528289264972823e+00
-1.834454716641862992e+00
1.130391586566296125e-01
7.891655177514836361e-02
-3.174976282129683969e-01
-4.693092203170565746e-01
-2.221441471072811424e+00
nan
-2.221441467085554233e+00
2.610459999999999864e-02
2.799937000000000120e-01
1.333500000000000241e-01
1.582283312901639594e+00
-9.154152406499341810e-01
-1.582283319778668096e+00
8.860460000000003333e-02
2.799937001121810543e-01
1.333499998878189818e-01
-9.254277037981675225e-01
-2.732646685626261895e+00
-7.295975765873775609e-01
2.073546000000000833e-01
2.799937003253250012e-01
1.333499992483870855e-01
-1.232771232975715670e+00
1.084497127020261076e-01
-1.116328803143174397e+00
8.279146212664215132e-02
1.388459124944369794e-01
5.219381233950472210e-02
-2.908369473569683006e+00
5.050333503391158940e-01
-1.026726705057200428e+00
-4.177167574671578065e-02
-2.301875519858942454e-03
-2.896237425039246971e-02
-7.848454840642410391e-01
-1.823195626824863025e+00
-2.230029929148332091e+00
-1.100061697097804436e-01
-1.977111737053159624e-01
-4.516453510231792368e-02
-2.608223169532728480e-01
5.526761728971741894e-01
-1.862450448760045507e+00
-1.406531653157630790e-01
-2.960295942339511432e-01
-5.774675847822928476e-02
1.121351594710736865e+00
-7.864955181151114250e-01
-2.247106903735877292e+00
-5.482281703582560228e-02
-3.240335178975774499e-01
-1.088642121861990719e-01
1.121351594100334692e+00
-7.864955238596066378e-01
-2.247106900231472082e+00
-5.482281688283281718e-02
-3.240335177093843777e-01
-1.088642120324105067e-01
-8.548743718787854551e-01
4.996116074577617444e-02
-1.230959701171359333e+00
4.709063080156362935e-02
-3.752395891466863698e-01
-1.423686656796159522e-01
-8.548743718787854551e-01
4.996116074577617444e-02
-1.230959701171359333e+00
9.030421987931552819e-03
-3.572687766243638485e-01
-1.308269358716425135e-01
1.287521162809572184e+00
-1.536588078282134839e+00
3.976115879600991554e-01
2.334047504019247377e-02
-3.503750863082987776e-01
-1.960108194793137026e-01
1.287521162809572184e+00
-1.536588078282134839e+00
3.976115879600991554e-01
5.143354939480601629e-02
-3.509170513166533500e-01
-2.294058276668539120e-01
1.360213163997771035e+00
-1.834884300764615395e+00
1.133972498664265333e-01
4.710798294732276847e-02
-3.211926921604671969e-01
-1.721309729830502455e-01
1.360213163997771035e+00
-1.834884300764615395e+00
1.133972498664265333e-01
7.868743577101189324e-02
-3.174461172108495322e-01
-2.020214808427922004e-01
0.000000000000000000e+00
0.000000000000000000e+00
0.000000000000000000e+00
0.000000000000000000e+00
0.000000000000000000e+00
0.000000000000000000e+00
2.900480088961182243e-02
5.206060781634474093e-11
-1.561818495423563732e-10
0.000000000000000000e+00
-0.000000000000000000e+00
0.000000000000000000e+00
2.900479133874603668e-02
6.479898122234045710e-01
-1.124963666927355499e+00
0.000000000000000000e+00
0.000000000000000000e+00
0.000000000000000000e+00
6.519975466444998258e-01
1.355442551135509266e+00
-7.174641426268708599e-01
-2.115764118151001183e-01
1.422594613667757801e-01
7.648776090358712365e-02
-2.448230506284154728e-02
1.456241550166275989e+00
1.417553064186007905e-01
-4.231528236302001811e-01
2.845189227243036800e-01
1.529755218018473140e-01
-5.055106241021283253e-01
-8.472951783955384730e-02
-5.618903496611923898e-02
-4.192110638368545250e-01
2.744328854711249321e-01
2.572693945595366238e-01
-8.627376527402743633e-01
1.180463024310034470e-01
-7.666683375760617869e-01
-4.236645916275224577e-01
2.697739174357101644e-01
3.043614602941190350e-01
-2.752924150451658392e+00
7.346860178838444666e-01
3.597055398274267013e-01
-4.511658762102419562e-01
1.598586019370758504e-01
3.183848607740173420e-01
-2.752924150451657059e+00
7.346860178838447997e-01
3.597055398274269233e-01
-4.511658761649685601e-01
1.598586024154136920e-01
3.183848601435184111e-01
-4.591658699222525009e+00
-1.399407023266450611e+00
-2.378561861687538581e+00
-4.573849868058939006e-01
1.042030804021027018e-01
3.844627803636924690e-01
-4.591658699222525009e+00
-1.399407023266450611e+00
-2.378561861687538581e+00
-4.313701360818249508e-01
2.484779931720979829e-01
2.493598650164998987e-01
-4.095870047209213105e+00
-1.381613842606716158e+00
-7.353337422680097379e-01
-5.057344067364406559e-01
-5.199788309347994075e-02
3.334665629138825471e-01
-4.095870047209213105e+00
-1.381613842606716158e+00
-7.353337422680097379e-01
-5.566377121705049502e-01
1.121672930075791053e-01
3.085533096645997064e-01
-2.196364250927758111e+00
1.249272426372551426e+00
1.011964619059476878e+00
-4.986902206308737595e-01
2.228106788041117614e-02
2.356654651877124751e-01
-2.196364250927758111e+00
1.249272426372551426e+00
1.011964619059476878e+00
-5.398524462607666718e-01
-1.145111822375112498e-02
1.879695774344617709e-01
0.000000000000000000e+00
0.000000000000000000e+00
0.000000000000000000e+00
0.000000000000000000e+00
0.000000000000000000e+00
0.000000000000000000e+00
2.452375619951910335e-02
4.401759758826959300e-11
-1.320528148268899181e-10
0.000000000000000000e+00
-0.000000000000000000e+00
0.000000000000000000e+00
2.452374664270876720e-02
6.474391097943673623e-01
-1.126033644475602280e+00
0.000000000000000000e+00
0.000000000000000000e+00
0.000000000000000000e+00
6.520730350465848701e-01
1.358541892209884860e+00
-7.171686462620721070e-01
-2.114808473474759365e-01
1.422525378730958578e-01
7.718557450997635960e-02
-1.778521779771097266e-02
1.457879524561465523e+00
1.381987797729508360e-01
-4.229616946949519285e-01
2.845050757383689732e-01
1.543711490154548727e-01
-4.992480467349970641e-01
-8.669813952518382050e-02
-5.946734511482035246e-02
-4.195771666891064955e-01
2.747869929747035478e-01
2.573242175609459226e-01
-8.561798157877544835e-01
1.154297506890415437e-01
-7.695174243925849700e-01
-4.243330467760450531e-01
2.703278379951296606e-01
3.037524594668619127e-01
-2.752824314992337928e+00
7.342491878003915007e-01
3.600554939761780870e-01
-4.517830289239351815e-01
1.605141573528051924e-01
3.178214779670133772e-01
-2.752824314992337484e+00
7.342491878003918337e-01
3.600554939761785866e-01
-4.517830288787759163e-01
1.605141578312440087e-01
3.178214773366162538e-01
-4.579433523033182851e+00
-1.386504592438807526e+00
-2.361326812734342084e+00
-4.579466194109952926e-01
1.049767799195039097e-01
3.839529296762498878e-01
-4.579433523033182851e+00
-1.386504592438807526e+00
-2.361326812734342084e+00
-4.315143193388560339e-01
2.477039558858260548e-01
2.488861340661005506e-01
-2.261900881114859985e+00
1.507976230341933066e+00
7.604810747148057493e-01
-5.062859281222344965e-01
-5.124201943353416666e-02
3.329438542604602480e-01
-2.261900881114859985e+00
1.507976230341933066e+00
7.604810747148057493e-01
-5.562326525491079199e-01
-1.054139665005297821e-01
2.918060370264052295e-01
-2.196400519088860914e+00
1.248847679354381457e+00
1.012421152056617979e+00
-4.992594515678600575e-01
2.305262443974895326e-02
2.351585767037696340e-01
-2.196400519088860914e+00
1.248847679354381457e+00
1.012421152056617979e+00
-5.403812546699809927e-01
-1.062719653014090881e-02
1.874916711654788237e-01
