-2.221441471072811424e+00
nan
-2.221441467085554233e+00
2.610459999999999864e-02
2.799937000000000120e-01
-1.333499999999999686e-01
1.580821190004963128e+00
-9.168058914000083437e-01
-1.580821196871622591e+00
8.860460000000003333e-02
2.799937001121810543e-01
-1.333500001121810108e-01
-1.054714548881761083e+00
-2.664795187830244494e+00
-7.084583478323354111e-01
2.073546000000000833e-01
2.799937003253250012e-01
-1.333500007516129071e-01
-1.248881353269425620e+00
2.501825231670337102e-01
-1.091666669831276248e+00
6.705662644582466303e-02
1.502575756607525959e-01
-2.075794866289273621e-01
-2.969109780191706793e+00
5.069779636565886483e-01
-8.648575947041475809e-01
-7.324134710835072948e-02
2.052145081344855515e-02
-2.818089721868687336e-01
-7.866220882353299748e-01
-1.869904646885045763e+00
-2.226712504801779069e+00
-1.423183293028844054e-01
-1.749877969598170047e-01
-2.921894618683796851e-01
-2.827290652114610725e-01
5.120877080178503071e-01
-1.946026524784986833e+00
-1.738992792143408128e-01
-2.733039983700728537e-01
-3.022209444581112070e-01
9.515843911799979349e-01
-9.596447209918742560e-01
-2.101744575221833333e+00
-9.018074925238425688e-02
-3.099578934524412910e-01
-3.513306402044679144e-01
9.515843905834031613e-01
-9.596447261016836094e-01
-2.101744571194354538e+00
-9.018074909750900536e-02
-3.099578932320155022e-01
-3.513306401049669514e-01
-1.097672363863622547e+00
-2.123435515816203822e-01
-1.458329078053550942e+00
1.137751406698425671e-02
-3.650639081560673738e-01
-3.792628309850559210e-01
-1.097672363863622547e+00
-2.123435515816203822e-01
-1.458329078053550942e+00
-2.397178871329547212e-02
-3.394828517530718015e-01
-3.801445740683113694e-01
1.683721126474711172e+00
1.245639034672549883e+00
-1.577602970181531727e+00
-1.620404341480351229e-02
-3.530154133206772626e-01
-4.354222961128544345e-01
1.683721126474711172e+00
1.245639034672549883e+00
-1.577602970181531727e+00
-4.510988190867824127e-02
-3.435890880930536073e-01
-4.041119460943844999e-01
1.287841205370471975e+00
-1.646320414126549503e+00
2.287889619350594594e-01
7.857109790700117502e-03
-3.188268043248942418e-01
-4.199641736410033022e-01
1.287841205370471975e+00
-1.646320414126549503e+00
2.287889619350594594e-01
3.586168374255212926e-02
-3.183805523781275126e-01
-4.534348447066580690e-01
-2.221441471072811424e+00
nan
-2.221441467085554233e+00
2.610459999999999864e-02
2.799937000000000120e-01
1.333500000000000241e-01
1.580043665805100472e+00
-9.175445322594096842e-01
-1.580043672666247234e+00
8.860460000000003333e-02
2.799937001121810543e-01
1.333499998878189818e-01
-1.056591023942004881e+00
-2.664601837555245378e+00
-7.068004217842787096e-01
2.073546000000000833e-01
2.799937003253250012e-01
1.333499992483870855e-01
-1.249429425018492967e+00
2.527702691325344753e-01
-1.089680189648597253e+00
6.686735486658781924e-02
1.503285423117620145e-01
5.935485919079758199e-02
-2.969847781449506119e+00
5.067599370636638456e-01
-8.603866601400849135e-01
-7.361989026682444481e-02
2.066338411582724355e-02
-1.464028054721325245e-02
-7.862692969068346693e-01
-1.870055644320307575e+00
-2.226896689711904020e+00
-1.426519712512859805e-01
-1.748618403700715751e-01
-2.501854556086715448e-02
-2.824787761038996536e-01
5.118623860656751345e-01
-1.946026370756715806e+00
-1.742235469073125098e-01
-2.731802855578400746e-01
-3.505754184812384655e-02
9.518882302818577612e-01
-9.598067716412663763e-01
-2.101608433170879753e+00
-9.049016213374240503e-02
-3.098337171151565594e-01
-8.414225157971327862e-02
9.518882296848720781e-01
-9.598067767514529836e-01
-2.101608429143586143e+00
-9.049016197890190349e-02
-3.098337168947213893e-01
-8.414225148017892564e-02
-1.097597797905228267e+00
-2.141520716115564993e-01
-1.460873500968322469e+00
1.107763384264359718e-02
-3.649377578226332686e-01
-1.120436584434105903e-01
-1.097597797905228267e+00
-2.141520716115564993e-01
-1.460873500968322469e+00
-2.423352595100364965e-02
-3.393081381669900698e-01
-1.130364902240163921e-01
1.190726280785175728e+00
-1.333554040036658561e+00
4.687564242714264973e-01
-1.648864188811594023e-02
-3.528926430018123894e-01
-1.682113512538597200e-01
1.190726280785175728e+00
-1.333554040036658561e+00
4.687564242714264973e-01
7.384249774062663640e-03
-3.583618187334146055e-01
-2.043349485984312930e-01
1.287614512050047733e+00
-1.646728825465220147e+00
2.292164693649507701e-01
7.567115613444488909e-03
-3.187025815159973408e-01
-1.527480445045804047e-01
1.287614512050047733e+00
-1.646728825465220147e+00
2.292164693649507701e-01
3.558773264338688236e-02
-3.182669177870368071e-01
-1.862054254987134116e-01
0.000000000000000000e+00
0.000000000000000000e+00
0.000000000000000000e+00
0.000000000000000000e+00
0.000000000000000000e+00
0.000000000000000000e+00
-1.174168725327232460e-01
-2.107511020403924172e-10
6.322534117518378994e-10
0.000000000000000000e+00
-0.000000000000000000e+00
0.000000000000000000e+00
-1.174168816430641860e-01
6.147181327761126468e-01
-1.074386358292638066e+00
0.000000000000000000e+00
0.000000000000000000e+00
0.000000000000000000e+00
6.287776065746100151e-01
1.304737944405082839e+00
-6.795864079912827815e-01
-1.850169334728033188e-01
1.420184341250251836e-01
1.014769195300650600e-01
2.579961223047775309e-01
1.362665470990026995e+00
-8.003223543343399027e-02
-3.700338669456066931e-01
2.840368682875502593e-01
2.029538390815859572e-01
-2.962515188773406916e-01
-3.627899973983014781e-01
-2.560853807158446904e-01
-3.998260439537735245e-01
2.922433796750288360e-01
2.466420297580433352e-01
-6.125822086863725868e-01
-1.932454142881928905e-01
-9.218848567020371254e-01
-4.213640642798247571e-01
2.973589573026725885e-01
2.643111010198689881e-01
-2.758847074493392171e+00
7.464386348992326781e-01
3.371245185092000551e-01
-4.456645115953336567e-01
1.900963864171702211e-01
3.029428470324816991e-01
-2.758847074493391727e+00
7.464386348992330111e-01
3.371245185092000551e-01
-4.456645115953731251e-01
1.900963867438905941e-01
3.029428463087558421e-01
-4.445281427201082991e+00
-1.647422289397517670e+00
-1.503789012039923989e+00
-4.479365892774198055e-01
1.472735242201264616e-01
3.791649030497240558e-01
-4.445281427201082991e+00
-1.647422289397517670e+00
-1.503789012039923989e+00
-4.080154745333443578e-01
1.965118211728249520e-01
2.072146788184099919e-01
-3.992833084531736798e+00
-1.419228178277135433e+00
-1.500984152874056676e-01
-4.939180267842261385e-01
-1.696027113859543967e-02
3.665128884361598116e-01
-3.992833084531736798e+00
-1.419228178277135433e+00
-1.500984152874056676e-01
-5.369396813235085553e-01
1.123954508539043995e-01
2.878511646945128843e-01
-2.184486544059881297e+00
1.402704063509400356e+00
8.264359411137103262e-01
-4.939053052944351041e-01
3.379792950921314820e-02
2.542315701743280698e-01
-2.184486544059881297e+00
1.402704063509400356e+00
8.264359411137103262e-01
-5.412235502542155352e-01
-1.617431462497678774e-02
2.139746091222433089e-01
0.000000000000000000e+00
0.000000000000000000e+00
0.000000000000000000e+00
0.000000000000000000e+00
0.000000000000000000e+00
0.000000000000000000e+00
-1.216412554732177465e-01
-2.183334310613066272e-10
6.550004026149231975e-10
0.000000000000000000e+00
-0.000000000000000000e+00
0.000000000000000000e+00
-1.216412645824731381e-01
6.133299823853738397e-01
-1.074766906565338687e+00
0.000000000000000000e+00
0.000000000000000000e+00
0.000000000000000000e+00
6.303524115821010909e-01
1.307395688418865776e+00
-6.786891195957350797e-01
-1.847432587156675188e-01
1.419901794543614593e-01
1.019376733761014064e-01
2.648174451539592744e-01
1.364048620967414971e+00
-8.395967019731709335e-02
-3.694865174313351486e-01
2.839803589475968781e-01
2.038753467743867898e-01
-2.905287839646472081e-01
-3.653797225118317060e-01
-2.605463186752018934e-01
-4.000592088743366026e-01
2.925246153261331639e-01
2.462599712322423584e-01
-6.058057257861011458e-01
-1.963340299309178083e-01
-9.246087197994080631e-01
-4.220076721481441084e-01
2.978338557545242571e-01
2.632886960014793609e-01
-2.758762999520183445e+00
7.461009654837661431e-01
3.374599602177823510e-01
-4.462607557070172315e-01
1.906774398506167201e-01
3.019332675809617839e-01
-2.758762999520183001e+00
7.461009654837664762e-01
3.374599602177825175e-01
-4.462607557071425202e-01
1.906774401774609662e-01
3.019332668573068146e-01
-4.431060567748585477e+00
-1.628657433346266892e+00
-1.489020534504781557e+00
-4.484826149213931301e-01
1.479791353500891637e-01
3.781724255687627934e-01
-4.431060567748585477e+00
-1.628657433346266892e+00
-1.489020534504781557e+00
-4.087026021030469303e-01
1.961588796265596457e-01
2.070962456682467479e-01
-2.272970332426616391e+00
1.598840834112558174e+00
5.293979737770322380e-01
-4.944541287245174388e-01
-1.627673165524809451e-02
3.655100334136214268e-01
-2.272970332426616391e+00
1.598840834112558174e+00
5.293979737770322380e-01
-5.493146406835176521e-01
-8.574633624582819746e-02
3.397723535765445613e-01
-2.184559757478503617e+00
1.402406434112799083e+00
8.269022639436147681e-01
-4.944547174181549987e-01
3.450072182437946555e-02
2.532397329378771600e-01
-2.184559757478503617e+00
1.402406434112799083e+00
8.269022639436147681e-01
-5.417358151166858926e-01
-1.541861462687316164e-02
2.129917058771951255e-01
