-2.221441471072811424e+00
nan
-2.221441467085554233e+00
2.610459999999999864e-02
2.799937000000000120e-01
-1.333499999999999686e-01
1.431990412427772030e+00
-1.047741884894999087e+00
-1.431990418258007436e+00
8.860460000000003333e-02
2.799937001121810543e-01
-1.333500001121810108e-01
-2.503113729255224129e-01
3.069997603243060702e+00
4.757134692429991207e-01
2.073546000000000833e-01
2.799937003253250012e-01
-1.333500007516129071e-01
-8.171039165485621814e-01
-1.118000913270552621e+00
-1.310512621726295679e+00
2.405630651513021578e-01
8.718813908723546668e-02
-1.945726550387319731e-01
-1.326007939376858014e+00
8.895555154637698747e-01
-1.369814186200926764e+00
2.737715303026042046e-01
-1.056174222622132952e-01
-2.557953089751530129e-01
2.355847765913093583e-01
-3.788889204982342496e-01
-3.047074288288288635e+00
2.954970592070584878e-01
-1.565125397978946176e-01
-4.558976288139069410e-01
9.765392645495459822e-01
1.066862397394435558e+00
-1.317798007801804117e+00
3.119793661899317727e-01
-1.812563226782440140e-01
-5.552965285326285638e-01
-1.308366506919369732e+00
-1.104579813848705960e+00
1.403113329864829728e+00
4.155772112105776128e-01
-1.778479384876950342e-01
-5.597610469039507874e-01
-1.308366506954389941e+00
-1.104579809016084768e+00
1.403113333878986291e+00
4.155772112223007908e-01
-1.778479387688403635e-01
-5.597610468465556988e-01
5.467706115698768299e-01
-1.816808911315798358e+00
1.820288778616837577e+00
5.290494934881839750e-01
-1.831233295742426825e-01
-5.947920673053150864e-01
5.467706115698768299e-01
-1.816808911315798358e+00
1.820288778616837577e+00
5.704284528120113773e-01
-1.856488473597237843e-01
-5.811485849858244457e-01
-2.024230401672560409e-01
2.572323788157635960e+00
1.736439017229480353e+00
5.301782682517124368e-01
-1.467725866157968129e-01
-5.424743512020463454e-01
-2.024230401672560409e-01
2.572323788157635960e+00
1.736439017229480353e+00
5.590688671640733354e-01
-1.578327651947942778e-01
-5.732598489062541436e-01
-5.883068920654899170e-01
1.924205767523526900e+00
1.910732078217463492e+00
5.320166917971487219e-01
-1.904138080246878251e-01
-5.335964222877251917e-01
-5.883068920654899170e-01
1.924205767523526900e+00
1.910732078217463492e+00
5.719914654652479280e-01
-1.893618064291746617e-01
-5.510793250054458747e-01
-2.221441471072811424e+00
nan
-2.221441467085554233e+00
2.610459999999999864e-02
2.799937000000000120e-01
1.333500000000000241e-01
1.432124258232102543e+00
-1.047633059890436646e+00
-1.432124264063253882e+00
8.860460000000003333e-02
2.799937001121810543e-01
1.333499998878189818e-01
-2.502966189839271327e-01
3.069940040348802857e+00
4.760001761875204407e-01
2.073546000000000833e-01
2.799937003253250012e-01
1.333499992483870855e-01
-8.171109607142054143e-01
-1.117696109744208188e+00
-1.310352872848530970e+00
2.405617480327765789e-01
8.719945092597511382e-02
7.209101853477592470e-02
-1.326370081321602390e+00
8.895659750694929757e-01
-1.369781089147574349e+00
2.737688960655530468e-01
-1.055947985847998927e-01
1.083203817184188317e-02
2.352338259409144650e-01
-3.791860308991372164e-01
-3.047077350530184248e+00
2.954481064131422308e-01
-1.565315141433722412e-01
-1.892647205395628363e-01
9.763798419083771218e-01
1.066751235104837159e+00
-1.317914491354362783e+00
3.119073848059905618e-01
-1.812957478471618200e-01
-2.886623431663180028e-01
-1.308328911748700918e+00
-1.104530741506884794e+00
1.403124508429965722e+00
4.155050620287286667e-01
-1.778893636653652854e-01
-2.931322783850193181e-01
-1.308328911783589898e+00
-1.104530736674327107e+00
1.403124512444119620e+00
4.155050620404493467e-01
-1.778893639465109477e-01
-2.931322783276253396e-01
5.467384113503294119e-01
-1.816816311510130344e+00
1.820289105749837377e+00
5.289754077965427292e-01
-1.831668839495279588e-01
-3.281692502540118350e-01
5.467384113503294119e-01
-1.816816311510130344e+00
1.820289105749837377e+00
5.703540969817892936e-01
-1.856930940378017925e-01
-3.145250768268429420e-01
-7.157268692697247303e-01
2.287658545589593473e+00
1.562447005584137072e+00
5.301076265826069056e-01
-1.468162695350030966e-01
-2.758515192570828445e-01
-7.157268692697247303e-01
2.287658545589593473e+00
1.562447005584137072e+00
5.703124714487792790e-01
-1.514325653861177956e-01
-2.921916963219741148e-01
-5.879823792065993482e-01
1.924431289063218253e+00
1.910940746097550269e+00
5.319456685691099640e-01
-1.904575446858641219e-01
-2.669737755199222407e-01
-5.879823792065993482e-01
1.924431289063218253e+00
1.910940746097550269e+00
5.719142531285443809e-01
-1.894066629491803766e-01
-2.844708901535081824e-01
0.000000000000000000e+00
0.000000000000000000e+00
0.000000000000000000e+00
0.000000000000000000e+00
0.000000000000000000e+00
0.000000000000000000e+00
-2.022016762933548373e-01
-3.629310268110142642e-10
1.088793262337876246e-09
0.000000000000000000e+00
-0.000000000000000000e+00
0.000000000000000000e+00
-2.022016823089174409e-01
2.437093187946028916e-01
-7.675020421666999271e-01
-0.000000000000000000e+00
0.000000000000000000e+00
0.000000000000000000e+00
-3.656901774738922639e-01
1.192909799480584621e+00
-4.660969782329023037e-01
-1.628991933624416300e-01
-3.786688851311868775e-02
3.089239642061861885e-02
-1.262625394221071229e+00
1.076444267916895070e+00
-5.858343558487575375e-01
-3.257983867248833709e-01
-7.573377695532562681e-02
6.178479286375426066e-02
-1.410024372556660577e+00
1.297724475870245309e+00
3.030761759988426229e-01
-5.710134903095454018e-01
-3.411156086574974045e-01
1.026599396495090216e-01
-1.379642040694015970e+00
6.063038945298140359e-01
4.802323804153371123e-01
-6.925066242539801298e-01
-4.762750852942018720e-01
1.161597833895702675e-01
-2.672322104972753465e+00
5.637745343840427914e-01
5.359400433877563596e-01
-6.968502955829101175e-01
-4.326834828105651232e-01
4.864565636853845909e-02
-2.672322104972753021e+00
5.637745343840423473e-01
5.359400433877562486e-01
-6.968502953998753080e-01
-4.326834826509040055e-01
4.864565711324010666e-02
-2.580107107303611258e+00
1.891701726438073994e+00
5.020735505509694718e-01
-7.137725994708756794e-01
-4.654833131017139247e-01
-1.229582525056227560e-03
-2.580107107303611258e+00
1.891701726438073994e+00
5.020735505509694718e-01
-6.866952047309317075e-01
-4.095063863750066924e-01
-7.299012492820983189e-02
-2.716774774064453890e+00
1.445391178220301942e+00
1.774887408171499925e-01
-7.037590221930453138e-01
-3.250685682815197541e-01
-9.900685093182622076e-02
-2.716774774064453890e+00
1.445391178220301942e+00
1.774887408171499925e-01
-7.462930518226296162e-01
-4.035780758289221892e-01
-1.107170535731852590e-01
-2.638725998496487257e+00
-4.355216423064159348e-01
5.526269508744534598e-01
-6.753647938577036491e-01
-3.003585978026962477e-01
1.658009334883414621e-02
-2.638725998496487257e+00
-4.355216423064159348e-01
5.526269508744534598e-01
-6.683319757878422029e-01
-3.244000504490327508e-01
3.121402846705162437e-02
0.000000000000000000e+00
0.000000000000000000e+00
0.000000000000000000e+00
0.000000000000000000e+00
0.000000000000000000e+00
0.000000000000000000e+00
-2.012801742603316235e-01
-3.612770262844887586e-10
1.083831259929297355e-09
0.000000000000000000e+00
-0.000000000000000000e+00
0.000000000000000000e+00
-2.012801802767523740e-01
2.438879586105050512e-01
-7.675641281189400367e-01
-0.000000000000000000e+00
0.000000000000000000e+00
0.000000000000000000e+00
-3.649755025333847325e-01
1.194271194525305280e+00
-4.655867188658042721e-01
-1.629222776993602684e-01
-3.781883430870035256e-02
3.070683773043164644e-02
-1.264754197967946858e+00
1.077380557535628114e+00
-5.854588093907691082e-01
-3.258445553987205368e-01
-7.563766854681633345e-02
6.141367548329096371e-02
-1.411816086263207204e+00
1.298646331389166964e+00
3.026482951042696601e-01
-5.712462617054835379e-01
-3.414031688054763314e-01
1.024793405854768774e-01
-1.381396703410872728e+00
6.064260889882686634e-01
4.801473601237830069e-01
-6.928337665685082580e-01
-4.767529588220065784e-01
1.160671025902830222e-01
-2.672312563058202528e+00
5.639796244609643905e-01
5.358465838902960465e-01
-6.971800182736732632e-01
-4.331855613641273361e-01
4.853720048454426145e-02
-2.672312563058202528e+00
5.639796244609638354e-01
5.358465838902961575e-01
-6.971800180906534417e-01
-4.331855612044723802e-01
4.853720122924314040e-02
-2.579820189333261737e+00
1.895553134144720264e+00
5.018849259414168706e-01
-7.141122152949167523e-01
-4.660126043086189607e-01
-1.354578751880664012e-03
-2.579820189333261737e+00
1.895553134144720264e+00
5.018849259414168706e-01
-6.869810928291668617e-01
-4.100457498771539200e-01
-7.327291493554888291e-02
-2.625653041696316414e+00
-3.613718007548767375e-01
9.120747446083551369e-01
-7.040844335709557367e-01
-3.255965789260973908e-01
-9.913333065247220688e-02
-2.625653041696316414e+00
-3.613718007548767375e-01
9.120747446083551369e-01
-6.939691475009204247e-01
-3.318303909250527872e-01
-7.248364222126363332e-02
-2.638734962804696327e+00
-4.353172375955610129e-01
5.525296964655690424e-01
-6.756925387858058185e-01
-3.008875642861571498e-01
1.645317897176185040e-02
-2.638734962804696327e+00
-4.353172375955610129e-01
5.525296964655690424e-01
-6.686563865446114585e-01
-3.249739825232192958e-01
3.107919441241907554e-02
