-2.221441471072811424e+00
nan
-2.221441467085554233e+00
2.610459999999999864e-02
2.799937000000000120e-01
-1.333499999999999686e-01
1.583026056826315697e+00
-9.147079789688065121e-01
-1.583026063708613096e+00
8.860460000000003333e-02
2.799937001121810543e-01
-1.333500001121810108e-01
-9.736507623269390344e-01
-2.706832336708713704e+00
-7.242664520477248846e-01
2.073546000000000833e-01
2.799937003253250012e-01
-1.333500007516129071e-01
-1.238926561117060565e+00
1.608051128245461536e-01
-1.108525027686593445e+00
7.677247838862510942e-02
1.430802578179233564e-01
-2.122677983402716240e-01
-2.934201256565398985e+00
5.024287945873529004e-01
-9.689556604856349731e-01
-5.380964322274983669e-02
6.166815126770558431e-03
-2.911855956101427889e-01
-7.865766407346133082e-01
-1.841646762917146907e+00
-2.224462384540586424e+00
-1.221017529400764967e-01
-1.894270699631654398e-01
-3.046937363327419934e-01
-2.734459151986027292e-01
5.374165268360415748e-01
-1.892976740794652946e+00
-1.529606161190079638e-01
-2.878265402813435236e-01
-3.160663923288573041e-01
1.057824752597965823e+00
-8.534875431954711544e-01
-2.194080348787284862e+00
-6.795525712811249786e-02
-3.190835777702625831e-01
-3.666741886674186879e-01
1.057824751992629597e+00
-8.534875487038537933e-01
-2.194080345077336069e+00
-6.795525697398770160e-02
-3.190835775685664233e-01
-3.666741885331111228e-01
-9.501348763971702027e-01
-3.952344470696601136e-02
-1.322088028166907403e+00
3.378927422632878319e-02
-3.718570698075676639e-01
-3.982014762833745447e-01
-9.501348763971702027e-01
-3.952344470696601136e-02
-1.322088028166907403e+00
-3.404106739667858705e-03
-3.502306689818909247e-01
-3.908739716429522892e-01
1.745810740900612279e+00
1.493032005264906648e+00
-1.558467495536326686e+00
8.571352410321267379e-03
-3.517195791253582837e-01
-4.531408242287739974e-01
1.745810740900612279e+00
1.493032005264906648e+00
-1.558467495536326686e+00
-1.809177210573644640e-02
-3.493732023160964206e-01
-4.186689018640412652e-01
1.335771904202913918e+00
-1.764139039442968793e+00
1.597463323590540274e-01
3.251510442743413276e-02
-3.204402132883356069e-01
-4.322829326484464163e-01
1.335771904202913918e+00
-1.764139039442968793e+00
1.597463323590540274e-01
6.280467003039819085e-02
-3.177662552277892849e-01
-4.635900131332852947e-01
-2.221441471072811424e+00
nan
-2.221441467085554233e+00
2.610459999999999864e-02
2.799937000000000120e-01
1.333500000000000241e-01
1.582397115404220234e+00
-9.153069107789431058e-01
-1.582397122282056090e+00
8.860460000000003333e-02
2.799937001121810543e-01
1.333499998878189818e-01
-9.754790838873976799e-01
-2.706538449380427647e+00
-7.228659813149956870e-01
2.073546000000000833e-01
2.799937003253250012e-01
1.333499992483870855e-01
-1.239544538438296817e+00
1.632850762254149102e-01
-1.106709646756847132e+00
7.657265344244670868e-02
1.431516860352003706e-01
5.463948165614547492e-02
-2.935357725251020788e+00
5.018067646957903305e-01
-9.647857430362748454e-01
-5.420929311510666593e-02
6.309671561615215474e-03
-2.407103561714121764e-02
-7.861640521801169790e-01
-1.842110793682290915e+00
-2.224208973412018508e+00
-1.224202225029937807e-01
-1.893172457285929311e-01
-3.751084006403557214e-02
-2.735774449578528000e-01
5.369421506919873632e-01
-1.892937160861239310e+00
-1.532505024570997854e-01
-2.877285660356046493e-01
-4.885845538101718510e-02
1.058104047407870896e+00
-8.536689389858939103e-01
-2.193968763866198657e+00
-6.823250150371346079e-02
-3.189898191013053053e-01
-9.944240610308152650e-02
1.058104046802080811e+00
-8.536689444946187200e-01
-2.193968760156411513e+00
-6.823250134962008384e-02
-3.189898188996047046e-01
-9.944240596874449889e-02
-9.503712691417942615e-01
-4.168497548718375079e-02
-1.325946987172527125e+00
3.351930864927084308e-02
-3.717668085085122920e-01
-1.309403347090740688e-01
-9.503712691417942615e-01
-4.168497548718375079e-02
-1.325946987172527125e+00
-3.637343291863506800e-03
-3.500296056142839785e-01
-1.237557434562224640e-01
1.253585553092285698e+00
-1.459916608967445573e+00
4.273782102465857324e-01
8.316081141576239788e-03
-3.516317960846341295e-01
-1.858873333736567879e-01
1.253585553092285698e+00
-1.459916608967445573e+00
4.273782102465857324e-01
3.487436874014065991e-02
-3.538734392029088127e-01
-2.204470428714554453e-01
1.335491296344317957e+00
-1.764562975958375857e+00
1.601313216426635544e-01
3.225494955948492171e-02
-3.203517460350954194e-01
-1.650248628399829387e-01
1.335491296344317957e+00
-1.764562975958375857e+00
1.601313216426635544e-01
6.255863836016647972e-02
-3.176908218929972438e-01
-1.963193839641581562e-01
0.000000000000000000e+00
0.000000000000000000e+00
0.000000000000000000e+00
0.000000000000000000e+00
0.000000000000000000e+00
0.000000000000000000e+00
-2.762814143186797383e-02
-4.958964694338342580e-11
1.487689656850009419e-10
0.000000000000000000e+00
-0.000000000000000000e+00
0.000000000000000000e+00
-2.762815084078791561e-02
6.387188883997382272e-01
-1.108104929987156595e+00
0.000000000000000000e+00
0.000000000000000000e+00
0.000000000000000000e+00
6.394128937289514925e-01
1.338101657659250154e+00
-7.049761610833722436e-01
-2.021207485747484600e-01
1.425183399099447246e-01
8.718793280222275621e-02
8.965964087619190948e-02
1.422246031057565974e+00
5.869758568259203502e-02
-4.042414971494970310e-01
2.850366798286969039e-01
1.743758656095222570e-01
-4.142676581338038955e-01
-1.846238984642754044e-01
-1.270186471371897441e-01
-4.119725078501233484e-01
2.822392329132124011e-01
2.539671701127951819e-01
-7.646581851965819077e-01
6.959478641082872397e-03
-8.338939495332028384e-01
-4.223714113630585021e-01
2.814475604001198117e-01
2.890336046208435428e-01
-2.755251068594932740e+00
7.389137595102317491e-01
3.512021433944508275e-01
-4.487886696830907796e-01
1.718644401546716161e-01
3.123429612014671508e-01
-2.755251068594932295e+00
7.389137595102321932e-01
3.512021433944513826e-01
-4.487886696546851129e-01
1.718644405788518070e-01
3.123429605318587821e-01
-4.522168198649307413e+00
-1.496991570760296764e+00
-2.018368116169332538e+00
-4.535504527846456746e-01
1.207317447512531727e-01
3.825667473580213751e-01
-4.522168198649307413e+00
-1.496991570760296764e+00
-2.018368116169332538e+00
-4.208696275720207325e-01
2.289378874859329949e-01
2.290903474987294186e-01
-4.052280688138611531e+00
-1.399841133171285668e+00
-5.064389551556961466e-01
-5.012182228101988990e-01
-3.949654057695269060e-02
3.457167740531448819e-01
-4.052280688138611531e+00
-1.399841133171285668e+00
-5.064389551556961466e-01
-5.482851410561548899e-01
1.136966096257658321e-01
2.988844581854311899e-01
-2.190662051620265061e+00
1.310848094696172028e+00
9.462906730662937749e-01
-4.967914200531038382e-01
2.638128451769744531e-02
2.418419000859706736e-01
-2.190662051620265061e+00
1.310848094696172028e+00
9.462906730662937749e-01
-5.403605884300198836e-01
-1.353921522614581763e-02
1.962791422752876991e-01
0.000000000000000000e+00
0.000000000000000000e+00
0.000000000000000000e+00
0.000000000000000000e+00
0.000000000000000000e+00
0.000000000000000000e+00
-3.198257383199319681e-02
-5.740540124931612686e-11
1.722162325201369824e-10
0.000000000000000000e+00
-0.000000000000000000e+00
0.000000000000000000e+00
-3.198258324438751216e-02
6.378544958519299923e-01
-1.108940653292344924e+00
0.000000000000000000e+00
0.000000000000000000e+00
0.000000000000000000e+00
6.400672079151630278e-01
1.341045185924386374e+00
-7.044705556378958455e-01
-2.019555302417750109e-01
1.425120515732750670e-01
8.779641370136583023e-02
9.641124461347319596e-02
1.423789869457557034e+00
5.498876037697036923e-02
-4.039110604835499663e-01
2.850241031567510297e-01
1.755928274085991891e-01
-4.081690204852490567e-01
-1.868477946553168123e-01
-1.307306931409451256e-01
-4.122892362243721909e-01
2.825690169796368223e-01
2.538502230815116723e-01
-7.579854417814402279e-01
4.148270970531303670e-03
-8.367148772860462103e-01
-4.230343394444484595e-01
2.819677358189907057e-01
2.882581054778540208e-01
-2.755150841126142502e+00
7.385091391567655261e-01
3.515571897119436628e-01
-4.494009309014795339e-01
1.724900113490586140e-01
3.116010024881731288e-01
-2.755150841126142058e+00
7.385091391567659702e-01
3.515571897119433298e-01
-4.494009308731796715e-01
1.724900117733501603e-01
3.116010018186584074e-01
-4.509287146760708964e+00
-1.482043849496114341e+00
-2.001982589927816747e+00
-4.541083089640577386e-01
1.214800472820135868e-01
3.818649275218218841e-01
-4.509287146760708964e+00
-1.482043849496114341e+00
-2.001982589927816747e+00
-4.212386864935162567e-01
2.282644025593853765e-01
2.287778504271224533e-01
-2.264713272311306369e+00
1.547347193161603851e+00
6.759828260119438159e-01
-5.017657780296401748e-01
-3.876759814034419493e-02
3.450027449567684146e-01
-2.264713272311306369e+00
1.547347193161603851e+00
6.759828260119438159e-01
-5.537263352675377837e-01
-9.908248462231628029e-02
3.089845321076932771e-01
-2.190706879668841811e+00
1.310465112681078237e+00
9.467625145572823309e-01
-4.973553793645980603e-01
2.712753640436062208e-02
2.411424156446173583e-01
-2.190706879668841811e+00
1.310465112681078237e+00
9.467625145572823309e-01
-5.408850207477097216e-01
-1.273918970901725956e-02
1.956011838614085674e-01
