-2.221441471072811424e+00
nan
-2.221441467085554233e+00
2.610459999999999864e-02
2.799937000000000120e-01
-1.333499999999999686e-01
1.427992288947127930e+00
-1.050985598793025444e+00
-1.427992294750012547e+00
8.860460000000003333e-02
2.799937001121810543e-01
-1.333500001121810108e-01
-2.136674083175154615e-01
3.078053068747414134e+00
4.681149437935538393e-01
2.073546000000000833e-01
2.799937003253250012e-01
-1.333500007516129071e-01
-8.540705307091703835e-01
-1.093312253888909069e+00
-1.298060825220709757e+00
2.356788454955239531e-01
8.613940771897324322e-02
-1.937093443133207360e-01
-1.375779184992579118e+00
9.023444753159927112e-01
-1.388354511746778597e+00
2.640030909910477952e-01
-1.077148849967664301e-01
-2.540686875237106457e-01
1.744776838252559137e-01
-4.376098611636914382e-01
-3.026484791434878030e+00
2.783579702407696366e-01
-1.665371324192639335e-01
-4.526565286668492449e-01
9.261620808086974410e-01
1.055334990625199199e+00
-1.334326299998940701e+00
2.911841263050475859e-01
-1.953207753482592568e-01
-5.515051711479217467e-01
-1.343863727019596110e+00
-1.059601041711867531e+00
1.481262399772285354e+00
3.946206944446376541e-01
-1.906452146463960828e-01
-5.580685546981296596e-01
-1.343863727073944414e+00
-1.059601036688849529e+00
1.481262403649106441e+00
3.946206944621248880e-01
-1.906452149218372250e-01
-5.580685546187525992e-01
5.788438349519752224e-01
-1.700571399149627405e+00
1.855396587260691232e+00
5.075744647407565147e-01
-1.969107272693878807e-01
-5.945808829480280222e-01
5.788438349519752224e-01
-1.700571399149627405e+00
1.855396587260691232e+00
5.497131451992595119e-01
-1.978971846004440038e-01
-5.832627719854959203e-01
1.733744323852815239e-01
-2.656837958644972186e+00
-1.644158152086443669e+00
5.089410303431258775e-01
-1.564831736580642452e-01
-5.453514255894711393e-01
1.733744323852815239e-01
-2.656837958644972186e+00
-1.644158152086443669e+00
5.365437441218767756e-01
-1.699349127926983727e-01
-5.763656486316837135e-01
-6.412652617066056937e-01
2.000060083381647758e+00
1.844667223744361984e+00
5.116736779459278850e-01
-1.992411591032956508e-01
-5.330615538755645311e-01
-6.412652617066056937e-01
2.000060083381647758e+00
1.844667223744361984e+00
5.518558111941620492e-01
-1.988169775318735788e-01
-5.500896883073108645e-01
-2.221441471072811424e+00
nan
-2.221441467085554233e+00
2.610459999999999864e-02
2.799937000000000120e-01
1.333500000000000241e-01
1.428146194396314961e+00
-1.050860984631990513e+00
-1.428146200200251847e+00
8.860460000000003333e-02
2.799937001121810543e-01
1.333499998878189818e-01
-2.136473850028925980e-01
3.077990675365029016e+00
4.684457400726251275e-01
2.073546000000000555e-01
2.799937003253250012e-01
1.333499992483870855e-01
-8.540711008886660016e-01
-1.092959412427152888e+00
-1.297880125619594871e+00
2.356767852097121363e-01
8.615218190821652411e-02
7.294867837957993983e-02
-1.376220037779239513e+00
9.023267406883621611e-01
-1.388329625847851467e+00
2.639989704194242170e-01
-1.076893366183558076e-01
1.254735786206705173e-02
1.740831017962359284e-01
-4.379935696861468331e-01
-3.026470930146841543e+00
2.783020234691949146e-01
-1.665650559600320157e-01
-1.860283766712733100e-01
9.259599419346643545e-01
1.055182027449850679e+00
-1.334464158560781710e+00
2.911023581700672991e-01
-1.953750374569155346e-01
-2.848726931375976656e-01
-1.343822025458909275e+00
-1.059544403620915842e+00
1.481272905104657811e+00
3.945386710635832017e-01
-1.907021393532805642e-01
-2.914419928192771847e-01
-1.343822025513104146e+00
-1.059544398597969117e+00
1.481272908981474901e+00
3.945386710810678821e-01
-1.907021396287222337e-01
-2.914419927399014565e-01
5.789084428318509445e-01
-1.700503477717108414e+00
1.855306140837305051e+00
5.074901890786016612e-01
-1.969705248068980841e-01
-3.279607949446678439e-01
5.789084428318509445e-01
-1.700503477717108414e+00
1.855306140837305051e+00
5.496300999445540292e-01
-1.979583593134937869e-01
-3.166473860946717456e-01
-7.777337309235566876e-01
2.352316318182277044e+00
1.485343749007711711e+00
5.088606167292873961e-01
-1.565430647850769852e-01
-2.787313680883830580e-01
-7.777337309235566876e-01
2.352316318182277044e+00
1.485343749007711711e+00
5.493616533164241700e-01
-1.612409701952919328e-01
-2.942985401094690978e-01
-6.409218996308150285e-01
2.000299412493161011e+00
1.844866096321177595e+00
5.115928640491016477e-01
-1.993011353166963262e-01
-2.664417034063652490e-01
-6.409218996308150285e-01
2.000299412493161011e+00
1.844866096321177595e+00
5.517689105927084947e-01
-1.988793986577011286e-01
-2.834842544749816562e-01
0.000000000000000000e+00
0.000000000000000000e+00
0.000000000000000000e+00
0.000000000000000000e+00
0.000000000000000000e+00
0.000000000000000000e+00
-1.569947055374665834e-01
-2.817892053572362394e-10
8.453677573074109876e-10
0.000000000000000000e+00
-0.000000000000000000e+00
0.000000000000000000e+00
-1.569947115107252211e-01
2.377290762506291955e-01
-7.635073438829069747e-01
-0.000000000000000000e+00
0.000000000000000000e+00
0.000000000000000000e+00
-2.947877735491593598e-01
1.180800148940562178e+00
-4.698684992082000633e-01
-1.623583470361945613e-01
-3.110186717522182495e-02
2.370060202570303115e-02
-1.303120510415741728e+00
1.063581841448383081e+00
-5.665725379319788146e-01
-3.247166940723891226e-01
-6.220373429528858883e-02
4.740120406857938062e-02
-1.409375914401874486e+00
1.302033454876897034e+00
2.523167994244871482e-01
-5.692581858536943651e-01
-3.291207035763172861e-01
1.087860922473970759e-01
-1.365975281089920168e+00
6.260925671272873361e-01
4.547748613621599434e-01
-6.906998286735949177e-01
-4.651993448134051357e-01
1.326529810271048770e-01
-2.672399651972653167e+00
5.670393103823103687e-01
5.376716966791483809e-01
-6.969354417995657913e-01
-4.271244135678417542e-01
6.150541420177181584e-02
-2.672399651972652279e+00
5.670393103823098135e-01
5.376716966791484920e-01
-6.969354416064590385e-01
-4.271244133463123482e-01
6.150541492794460441e-02
-2.593262769649920862e+00
2.086766229424358965e+00
3.754910958470900617e-01
-7.142705784282719073e-01
-4.639679015541604556e-01
1.420013994109231570e-02
-2.593262769649920862e+00
2.086766229424358965e+00
3.754910958470900617e-01
-6.902819207465377138e-01
-4.187943664693458135e-01
-7.117529232173969156e-02
-2.740362628721336069e+00
1.448800244033789708e+00
9.474005739095252288e-02
-7.080922922199680558e-01
-3.316723531963011173e-01
-9.461333667667448655e-02
-2.740362628721336069e+00
1.448800244033789708e+00
9.474005739095252288e-02
-7.517512875944208917e-01
-4.140474882924638500e-01
-9.774151191946385542e-02
-2.621398249381219347e+00
-4.270744006514922142e-01
6.332582358377032428e-01
-6.781336932577076704e-01
-2.973596370322438842e-01
1.810357013400282211e-02
-2.621398249381219347e+00
-4.270744006514922142e-01
6.332582358377032428e-01
-6.711300294246501652e-01
-3.165514920088796091e-01
3.415238177914520223e-02
0.000000000000000000e+00
0.000000000000000000e+00
0.000000000000000000e+00
0.000000000000000000e+00
0.000000000000000000e+00
0.000000000000000000e+00
-1.560337227472634591e-01
-2.800643409684261076e-10
8.401931632764605298e-10
0.000000000000000000e+00
-0.000000000000000000e+00
0.000000000000000000e+00
-1.560337287215775304e-01
2.379353291591237984e-01
-7.635883619532312094e-01
-0.000000000000000000e+00
0.000000000000000000e+00
0.000000000000000000e+00
-2.940031961709446695e-01
1.182220202754147964e+00
-4.693477176196822476e-01
-1.623867356892123026e-01
-3.105113432608842122e-02
2.350696643929532648e-02
-1.305542013150500891e+00
1.064555749594309431e+00
-5.660464945761791711e-01
-3.247734713784245497e-01
-6.210226859736309168e-02
4.701393289567071254e-02
-1.411457085402528122e+00
1.302941021786764075e+00
2.518307847983584646e-01
-5.694948058548118253e-01
-3.294474258634194075e-01
1.086522606898007864e-01
-1.367997017457891706e+00
6.261620352621741770e-01
4.547184605274894320e-01
-6.910278802988721880e-01
-4.657384183581802506e-01
1.326382320295255990e-01
-2.672391837990238717e+00
5.672339501454672916e-01
5.375613245955584985e-01
-6.972661793896863802e-01
-4.276907997679257334e-01
6.147782915944931953e-02
-2.672391837990238717e+00
5.672339501454668476e-01
5.375613245955588315e-01
-6.972661791965950595e-01
-4.276907995464038770e-01
6.147782988561948520e-02
-2.592962056885993682e+00
2.092006725293459546e+00
3.748393052435594619e-01
-7.146112421863303199e-01
-4.645649808617680621e-01
1.415947554448776513e-02
-2.592962056885993682e+00
2.092006725293459546e+00
3.748393052435594619e-01
-6.905732355859959259e-01
-4.194340460676708737e-01
-7.143608399626605321e-02
-2.603676960929198980e+00
-3.242505271940206990e-01
9.853712087352775040e-01
-7.084188788866067066e-01
-3.322679734389299977e-01
-9.465589173819066726e-02
-2.603676960929198980e+00
-3.242505271940206990e-01
9.853712087352775040e-01
-6.987420344192620814e-01
-3.328913052001546413e-01
-6.929158119170603092e-02
-2.621410627830165208e+00
-4.268811904241773814e-01
6.331437680713973837e-01
-6.784626788109350271e-01
-2.979564233627067793e-01
1.806060351872712522e-02
-2.621410627830165208e+00
-4.268811904241773814e-01
6.331437680713973837e-01
-6.714545542603093109e-01
-3.171947343644850315e-01
3.410545713376345045e-02
