-2.221441471072811424e+00
nan
-2.221441467085554233e+00
2.610459999999999864e-02
2.799937000000000120e-01
-1.333499999999999686e-01
1.439596571109640788e+00
-1.041533388276945304e+00
-1.439596576991976518e+00
8.860460000000003333e-02
2.799937001121810543e-01
-1.333500001121810108e-01
-1.222692877599144273e-01
-3.087185469189926312e+00
-4.952964519241891961e-01
2.073546000000000833e-01
2.799937003253250012e-01
-1.333500007516129071e-01
-1.093842369166048378e+00
-7.956686822165250916e-01
-1.220469157503840885e+00
1.911418073596856393e-01
8.589207867207018787e-02
-1.972773487834130757e-01
-1.890491431746813777e+00
9.219062214412405698e-01
-1.525180999100287593e+00
1.749290147193711953e-01
-1.082095430962881355e-01
-2.612046964657262493e-01
-3.624310861265119810e-01
-9.645611212627435149e-01
-2.799628869319995772e+00
1.273958568632025390e-01
-2.370783824354489033e-01
-4.168860092543783535e-01
4.797407674364704278e-01
9.374754276039074519e-01
-1.496060676991774141e+00
1.091764380482256325e-01
-3.016337223056858030e-01
-4.960360147646919460e-01
-1.600847184085939068e+00
-5.395208922161072174e-01
2.166285397103428156e+00
2.086985587909743756e-01
-2.939684783609985419e-01
-5.243318451666114655e-01
-1.600847184381334998e+00
-5.395208855597751763e-01
2.166285399479914719e+00
2.086985588685440207e-01
-2.939684785112473553e-01
-5.243318449344852583e-01
6.937686028929905824e-01
-4.920964512399783053e-01
1.586621351942838487e+00
3.168235064657187738e-01
-3.135505591282431448e-01
-5.696804811981890371e-01
6.937686028929905824e-01
-4.920964512399783053e-01
1.586621351942838487e+00
3.535358745422264581e-01
-3.265885507443880287e-01
-5.893516257872147834e-01
-2.812267295823295266e-01
-2.759743020385220458e+00
-4.813953786241675359e-01
3.149748612410930848e-01
-2.506941591333488595e-01
-5.594116178299615161e-01
-2.812267295823295266e-01
-2.759743020385220458e+00
-4.813953786241675359e-01
3.289507835806487757e-01
-2.873348604373871518e-01
-5.785655659168953413e-01
-1.196298952820907147e+00
2.577299510985496589e+00
1.193091317316290256e+00
3.270309442904302810e-01
-2.740378780192866959e-01
-5.234050173366936454e-01
-1.196298952820907147e+00
2.577299510985496589e+00
1.193091317316290256e+00
3.684000714484360062e-01
-2.730486044341247642e-01
-5.372743280826700607e-01
-2.221441471072811424e+00
nan
-2.221441467085554233e+00
2.610459999999999864e-02
2.799937000000000120e-01
1.333500000000000241e-01
1.439974623744330495e+00
-1.041223514879609624e+00
-1.439974629629258152e+00
8.860460000000003333e-02
2.799937001121810543e-01
1.333499998878189818e-01
-1.224753894990067149e-01
-3.087003496532929159e+00
-4.961095367330760064e-01
2.073546000000000833e-01
2.799937003253250012e-01
1.333499992483870855e-01
-1.093727559969576824e+00
-7.946966636886864110e-01
-1.220020314949552764e+00
1.911136099717286319e-01
8.592824032897083963e-02
6.932010404852687047e-02
-1.892132608615348710e+00
9.210673165659128969e-01
-1.525030982384120604e+00
1.748726199434571804e-01
-1.081372197826727388e-01
5.290209198092393761e-03
-3.631265104975181512e-01
-9.662785673585736479e-01
-2.799061679588480178e+00
1.272751295625450807e-01
-2.372028929582250256e-01
-1.502082824897067459e-01
4.788305266597176479e-01
9.365817624373287131e-01
-1.496310579547948327e+00
1.090225174400313024e-01
-3.018553272709713631e-01
-2.292713420569982841e-01
-1.600792014032900168e+00
-5.393957622204034186e-01
2.166259644907943205e+00
2.085439706866125675e-01
-2.942005107229057059e-01
-2.575723425217171236e-01
-1.600792014327902191e+00
-5.393957555641955004e-01
2.166259647284384027e+00
2.085439707641790485e-01
-2.942005108731577945e-01
-2.575723422895919157e-01
6.943281670517239546e-01
-4.904778581318701702e-01
1.582921875210347329e+00
3.166646841682512203e-01
-3.137942007121376498e-01
-3.029260591896251742e-01
6.943281670517239546e-01
-4.904778581318701702e-01
1.582921875210347329e+00
3.532876102530871365e-01
-3.269496315495864502e-01
-3.226855391695170328e-01
1.322946847108724455e+00
-2.654697817826398243e+00
-6.997502492758640447e-01
3.148227995898926768e-01
-2.509374201723468811e-01
-2.926583103743987113e-01
1.322946847108724455e+00
-2.654697817826398243e+00
-6.997502492758640447e-01
3.564892525144570667e-01
-2.505445016042520123e-01
-3.056388126872489064e-01
-1.195798614507770363e+00
2.577656607045503367e+00
1.193153628245376074e+00
3.268783815644583646e-01
-2.742816445400662606e-01
-2.566518698265730092e-01
-1.195798614507770363e+00
2.577656607045503367e+00
1.193153628245376074e+00
3.682442947150587620e-01
-2.733065620480824576e-01
-2.705317678074953824e-01
0.000000000000000000e+00
0.000000000000000000e+00
0.000000000000000000e+00
0.000000000000000000e+00
0.000000000000000000e+00
0.000000000000000000e+00
3.214344840375199519e-01
5.769415441193330944e-10
-1.730824921527146247e-09
0.000000000000000000e+00
-0.000000000000000000e+00
0.000000000000000000e+00
3.214344776079989252e-01
2.692189235095457378e-01
-8.174252669041321973e-01
0.000000000000000000e+00
0.000000000000000000e+00
0.000000000000000000e+00
3.967674746523793816e-01
1.171115174413646098e+00
-5.203858363231357309e-01
-1.758740217063780309e-01
3.380120007073688509e-02
-5.802616277727040695e-02
-1.607399843115297822e+00
1.192255674839375112e+00
-7.629197046233915369e-02
-3.517480434127560063e-01
6.760240002913656121e-02
-1.160523255915390656e-01
-1.619483754430970812e+00
1.149439764525933327e+00
-1.287876980667482241e-01
-5.471916297358496717e-01
-1.790133194481817736e-01
1.477631037417313775e-01
-1.490510222696608045e+00
7.046056968373576312e-01
2.043340948001631796e-01
-6.464837270516552437e-01
-3.048490305259614619e-01
2.732515523958364279e-01
-2.678607762776697765e+00
6.130978267229847400e-01
5.421304168714615734e-01
-6.679874010324513556e-01
-3.266884925451499222e-01
1.917025747001407376e-01
-2.678607762776697321e+00
6.130978267229844070e-01
5.421304168714619065e-01
-6.679874008086809090e-01
-3.266884918813220962e-01
1.917025750550406249e-01
-3.356453050100376423e+00
3.631036458012991464e+00
-2.723219190481165342e+00
-6.851745096187059625e-01
-3.895418780935543390e-01
1.778641178206800399e-01
-3.356453050100376423e+00
3.631036458012991464e+00
-2.723219190481165342e+00
-7.921064617667216146e-01
-5.555429766223090038e-01
8.832157760208098063e-02
-3.187216923595877383e+00
1.262301921585560649e+00
-1.070883010845278260e+00
-7.129550581370019957e-01
-3.630378277668004361e-01
1.062987722375932642e-02
-3.187216923595877383e+00
1.262301921585560649e+00
-1.070883010845278260e+00
-7.763710281450396655e-01
-4.390521930574759479e-01
1.097699068872600436e-01
-2.428334006747934648e+00
-5.710411489332303803e-02
1.240838084281078224e+00
-6.782241495759331329e-01
-2.600542988449598969e-01
6.576698552736875980e-02
-2.428334006747934648e+00
-5.710411489332303803e-02
1.240838084281078224e+00
-6.786596832018458869e-01
-2.424012292884489828e-01
6.572704622880984338e-02
0.000000000000000000e+00
0.000000000000000000e+00
0.000000000000000000e+00
0.000000000000000000e+00
0.000000000000000000e+00
0.000000000000000000e+00
3.227672563704354625e-01
5.793337321573222694e-10
-1.738001486840103694e-09
0.000000000000000000e+00
-0.000000000000000000e+00
0.000000000000000000e+00
3.227672499317029708e-01
2.700397051446211671e-01
-8.184517454991726559e-01
0.000000000000000000e+00
0.000000000000000000e+00
0.000000000000000000e+00
3.984294760337502850e-01
1.174136357873603931e+00
-5.201543896710747461e-01
-1.761238284953269839e-01
3.395921982434753350e-02
-5.825226267126294016e-02
-1.611730530722613075e+00
1.194832243893792167e+00
-7.300964125083397871e-02
-3.522476569906540234e-01
6.791843953591192307e-02
-1.165045253797375863e-01
-1.624591563448288367e+00
1.149277280696760384e+00
-1.287185222406811991e-01
-5.474653072324314751e-01
-1.792281513014799543e-01
1.483855767811051996e-01
-1.495337745275291619e+00
7.041749999434875340e-01
2.054163621335585166e-01
-6.466526511394935506e-01
-3.053238815954688601e-01
2.743966885477628903e-01
-2.678655808992208343e+00
6.131586188037486673e-01
5.419175268135880685e-01
-6.681539327082410828e-01
-3.272001009392586646e-01
1.928696330959954186e-01
-2.678655808992207454e+00
6.131586188037482232e-01
5.419175268135886236e-01
-6.681539324844870675e-01
-3.272001002754406085e-01
1.928696334509083510e-01
-3.360369323322375035e+00
3.648928392572057700e+00
-2.742743962740927799e+00
-6.853447909578350705e-01
-3.900945879038471009e-01
1.790592372627664852e-01
-3.360369323322375035e+00
3.648928392572057700e+00
-2.742743962740927799e+00
-7.935276969855898921e-01
-5.569410476901689444e-01
8.963190867399312145e-02
-2.397897968500222188e+00
2.547919875432392844e-01
1.432281717805832688e+00
-7.131122233296549595e-01
-3.635889724300478965e-01
1.181692433936998299e-02
-2.397897968500222188e+00
2.547919875432392844e-01
1.432281717805832688e+00
-7.169823213949242380e-01
-3.350367937864729972e-01
2.584673486226707340e-04
-2.428413348559693929e+00
-5.705475190273961994e-02
1.240625440553608794e+00
-6.783839196405749838e-01
-2.606069801275271436e-01
6.695608255597867986e-02
-2.428413348559693929e+00
-5.705475190273961994e-02
1.240625440553608794e+00
-6.788017176510315887e-01
-2.429935054346798462e-01
6.694830112853614179e-02
