-2.221441471072811424e+00
nan
-2.221441467085554233e+00
2.610459999999999864e-02
2.799937000000000120e-01
-1.333499999999999686e-01
1.426447394347541309e+00
-1.052235358916057351e+00
-1.426447400139863930e+00
8.860460000000003333e-02
2.799937001121810543e-01
-1.333500001121810108e-01
-1.982535991983245399e-02
-3.104443625004144724e+00
-4.686844893779988919e-01
2.073546000000000833e-01
2.799937003253250012e-01
-1.333500007516129071e-01
-1.040343289357920753e+00
-8.994376471528071626e-01
-1.238020217931461886e+00
2.047363959727984961e-01
8.414638638137000859e-02
-1.938642522020762871e-01
-1.722215584495093710e+00
9.377890117974905237e-01
-1.496444710218739038e+00
2.021181919455969089e-01
-1.117009276712106203e-01
-2.543785033009853258e-01
-2.085934911161475558e-01
-8.039714732243981032e-01
-2.876465537996483413e+00
1.713981226611460684e-01
-2.204963843543742974e-01
-4.285137264703958726e-01
6.129375910345336020e-01
9.787202556146487042e-01
-1.445013482425473894e+00
1.616818412453419895e-01
-2.748011228882086820e-01
-5.163809658046368822e-01
-1.538002791692745896e+00
-7.164896005456661277e-01
1.967940018003698555e+00
2.627950751765029125e-01
-2.663277326026062264e-01
-5.380230100946341576e-01
-1.538002791904333977e+00
-7.164895943573889037e-01
1.967940020875634355e+00
2.627950752355987518e-01
-2.663277328020293711e-01
-5.380230098966128915e-01
7.138804616481222443e-01
-8.672168745233543863e-01
1.796618620055588478e+00
3.723239425591791663e-01
-2.812962581690662822e-01
-5.817303485974525401e-01
7.138804616481222443e-01
-8.672168745233543863e-01
1.796618620055588478e+00
4.145460023234694424e-01
-2.843415127895983496e-01
-5.923494454595604752e-01
-1.102031263384360693e-01
-2.763701994139220020e+00
-8.306886896755492078e-01
3.724161166687238733e-01
-2.219975424033285294e-01
-5.584183800656493668e-01
-1.102031263384360693e-01
-2.763701994139220020e+00
-8.306886896755492078e-01
3.909636687799746824e-01
-2.520675264346852185e-01
-5.840411335407229565e-01
-1.018575679893735764e+00
2.425923080112169838e+00
1.395691492308187343e+00
3.816050698905549821e-01
-2.529693084059729258e-01
-5.277089926024575162e-01
-1.018575679893735764e+00
2.425923080112169838e+00
1.395691492308187343e+00
4.228573040507679903e-01
-2.531755074505127046e-01
-5.419551072782204937e-01
-2.221441471072811424e+00
nan
-2.221441467085554233e+00
2.610459999999999864e-02
2.799937000000000120e-01
1.333500000000000241e-01
1.426751177065094689e+00
-1.051989769819956289e+00
-1.426751182859493872e+00
8.860460000000003333e-02
2.799937001121810543e-01
1.333499998878189818e-01
-1.993100169951214293e-02
-3.104330167826474085e+00
-4.693443808466962741e-01
2.073546000000000833e-01
2.799937003253250012e-01
1.333499992483870855e-01
-1.040266971329464774e+00
-8.987006307787513970e-01
-1.237674181603141799e+00
2.047223495181597630e-01
8.417238199528134790e-02
7.275228852525349177e-02
-1.723400846579136836e+00
9.373238788079492068e-01
-1.496411237442637709e+00
2.020900990363194427e-01
-1.116489364435379328e-01
1.215457815362787353e-02
-2.092439302421169600e-01
-8.051881649998630097e-01
-2.876162729732351320e+00
1.712968324950574772e-01
-2.205964260956361223e-01
-1.618726301622696595e-01
6.123083374871813866e-01
9.781190430467249231e-01
-1.445259743026663823e+00
1.615434475473016551e-01
-2.749762469639630558e-01
-2.496893088992246934e-01
-1.537945701458703240e+00
-7.163836195932455908e-01
1.967930443303090637e+00
2.626559697222921042e-01
-2.665109868954411154e-01
-2.713378592290819347e-01
-1.537945701669974463e+00
-7.163836134050830529e-01
1.967930446175006010e+00
2.626559697813850014e-01
-2.665109870948667581e-01
-2.713378590310622784e-01
7.145447945263584399e-01
-8.661458975449253250e-01
1.794677401302244846e+00
3.721808946232621484e-01
-2.814885376068190226e-01
-3.150519849425236218e-01
7.145447945263584399e-01
-8.661458975449253250e-01
1.794677401302244846e+00
4.143802957234625217e-01
-2.845893825956890000e-01
-3.257448064480669148e-01
-1.207373714352551808e+00
2.702057089408330004e+00
9.713926273715770554e-01
3.722791789245573080e-01
-2.221895780587709313e-01
-2.917406614907098739e-01
-1.207373714352551808e+00
2.702057089408330004e+00
9.713926273715770554e-01
4.140181339156974172e-01
-2.240645048632640690e-01
-3.043535679890302936e-01
-1.018118488713352088e+00
2.426247534061929390e+00
1.395804327823966018e+00
3.814676614711998148e-01
-2.531617307630913971e-01
-2.610315232033807442e-01
-1.018118488713352088e+00
2.426247534061929390e+00
1.395804327823966018e+00
4.227154224706018426e-01
-2.533789928803227842e-01
-2.752904198759366650e-01
0.000000000000000000e+00
0.000000000000000000e+00
0.000000000000000000e+00
0.000000000000000000e+00
0.000000000000000000e+00
0.000000000000000000e+00
1.627359037103996153e-01
2.920940603229543307e-10
-8.762823273694666342e-10
0.000000000000000000e+00
-0.000000000000000000e+00
0.000000000000000000e+00
1.627358976477115415e-01
2.396151991691510830e-01
-7.754866331906519195e-01
0.000000000000000000e+00
0.000000000000000000e+00
0.000000000000000000e+00
1.748562570582583575e-01
1.146244251468269582e+00
-4.953501483488683688e-01
-1.663771085237051306e-01
1.187822325633131754e-02
-3.124402695711922875e-02
-1.531132199018519158e+00
1.102386290208859476e+00
-2.795978439162021267e-01
-3.327542170474101502e-01
2.375644645545210015e-02
-6.248805393191574770e-02
-1.505945439124313667e+00
1.243156236244443491e+00
-5.182643992223359697e-02
-5.551374748283197658e-01
-2.342783355856190297e-01
1.379575561160456265e-01
-1.391886045452851661e+00
7.028133285537195851e-01
2.695100159246100469e-01
-6.671846026373808858e-01
-3.660980436344000166e-01
2.318163852690747206e-01
-2.675171811894349716e+00
5.952726979301719012e-01
5.441815518349439884e-01
-6.846785833723488812e-01
-3.689702737897438967e-01
1.489586630728789163e-01
-2.675171811894349716e+00
5.952726979301714572e-01
5.441815518349444325e-01
-6.846785831459498706e-01
-3.689702732278443142e-01
1.489586635711920570e-01
-2.957388456702991775e+00
3.296773730712899031e+00
-1.352639506264279756e+00
-7.025507732108314807e-01
-4.262913247023794594e-01
1.238024963457711042e-01
-2.957388456702991775e+00
3.296773730712899031e+00
-1.352639506264279756e+00
-7.416786644960901009e-01
-5.148073452560186780e-01
-6.388080279248043933e-03
-2.991266190674546355e+00
1.392674034746422151e+00
-6.204326437539877670e-01
-7.209430619760605063e-01
-3.638776441563606467e-01
-3.488662528313327127e-02
-2.991266190674546355e+00
1.392674034746422151e+00
-6.204326437539877670e-01
-7.752836051297188336e-01
-4.520296271298849811e-01
2.923000707054232428e-02
-2.489154045062664800e+00
-2.186225302620013466e-01
1.094610428211324926e+00
-6.858083383626752960e-01
-2.767242976302935475e-01
4.249823711621497635e-02
-2.489154045062664800e+00
-2.186225302620013466e-01
1.094610428211324926e+00
-6.824681091014169754e-01
-2.670299459031109102e-01
5.203016611308552974e-02
0.000000000000000000e+00
0.000000000000000000e+00
0.000000000000000000e+00
0.000000000000000000e+00
0.000000000000000000e+00
0.000000000000000000e+00
1.640164238671631136e-01
2.943924611268731656e-10
-8.831775309332056279e-10
0.000000000000000000e+00
-0.000000000000000000e+00
0.000000000000000000e+00
1.640164177996742689e-01
2.401341775913910792e-01
-7.759928659152223185e-01
0.000000000000000000e+00
0.000000000000000000e+00
0.000000000000000000e+00
1.762266634710133451e-01
1.148492414134229644e+00
-4.948976829670942990e-01
-1.665075274466482069e-01
1.198162703487933717e-02
-3.148581785663211174e-02
-1.535163157406030709e+00
1.104187209351916055e+00
-2.773860050674735733e-01
-3.330150548932964139e-01
2.396325401210559064e-02
-6.297163573110522994e-02
-1.510162927480846351e+00
1.243575537843074397e+00
-5.229111017202792144e-02
-5.553941813116570758e-01
-2.346552833918260916e-01
1.382820675236964558e-01
-1.395840983167537130e+00
7.024811110808848458e-01
2.700803640819600115e-01
-6.674444360077190774e-01
-3.667627607080178320e-01
2.325335279342891082e-01
-2.675192539455719665e+00
5.953722861287961132e-01
5.439940775473045553e-01
-6.849384342180825369e-01
-3.696721876823311215e-01
1.496877340757967745e-01
-2.675192539455719221e+00
5.953722861287956691e-01
5.439940775473051104e-01
-6.849384339917007347e-01
-3.696721871204443621e-01
1.496877345741165766e-01
-2.958884638427715874e+00
3.311871179135148946e+00
-1.363367664398314139e+00
-7.028169142970620564e-01
-4.270349801698186676e-01
1.245474610718194375e-01
-2.958884638427715874e+00
3.311871179135148946e+00
-1.363367664398314139e+00
-7.424577534550442781e-01
-5.162071043810081417e-01
-6.036476604985128655e-03
-2.456646743042825598e+00
4.406553894366488366e-02
1.349164000842012712e+00
-7.211962811597231182e-01
-3.646192355088669901e-01
-3.414718885775774870e-02
-2.456646743042825598e+00
4.406553894366488366e-02
1.349164000842012712e+00
-7.192224919333818356e-01
-3.392919956714582352e-01
-3.138040557668597685e-02
-2.489203418462395678e+00
-2.185315372812664525e-01
1.094419924606301553e+00
-6.860642436525095089e-01
-2.774678977824699411e-01
4.323871512787441640e-02
-2.489203418462395678e+00
-2.185315372812664525e-01
1.094419924606301553e+00
-6.827104490527609038e-01
-2.678188206401538873e-01
5.279346135339879620e-02
