-2.221441471072811424e+00
nan
-2.221441467085554233e+00
2.610459999999999864e-02
2.799937000000000120e-01
-1.333499999999999686e-01
1.572936708617693524e+00
-9.242679958990617228e-01
-1.572936715428503884e+00
8.860460000000003333e-02
2.799937001121810543e-01
-1.333500001121810108e-01
-7.508367790141240450e-01
-2.823500678176611878e+00
-7.334266721617159757e-01
2.073546000000000833e-01
2.799937003253250012e-01
-1.333500007516129071e-01
-1.207358890563208220e+00
-8.269057734599891130e-02
-1.146828478905759674e+00
1.055265643301919881e-01
1.245647702006826563e-01
-2.199404091808225270e-01
-2.779482799700760509e+00
5.525919658760272135e-01
-1.226191640662825710e+00
3.698528660383865185e-03
-3.086416010303463797e-02
-3.065308172885945481e-01
-7.718450707754949125e-01
-1.736352079661410253e+00
-2.291016149193135121e+00
-6.686859180889850873e-02
-2.235281470551807037e-01
-3.382186641762759405e-01
-1.785336561941056333e-01
6.138266556724151224e-01
-1.770244385906660556e+00
-9.805525453148983273e-02
-3.204872361396209901e-01
-3.579769437608683047e-01
1.328920614634009123e+00
-5.432631202791602387e-01
-2.410764035730127652e+00
-9.357016718802624311e-03
-3.378534689642411770e-01
-4.089190586208255596e-01
1.328920614012618628e+00
-5.432631267872317649e-01
-2.410764032995137640e+00
-9.357016572894782946e-03
-3.378534688317533230e-01
-4.089190584119423155e-01
-4.988201607900341061e-01
2.862621375819485725e-01
-8.129929505637272236e-01
9.335280912271101683e-02
-3.830400736647803228e-01
-4.481596424341271478e-01
-4.988201607900341061e-01
2.862621375819485725e-01
-8.129929505637272236e-01
5.482985099688447717e-02
-3.855345955307267758e-01
-4.278003648804875603e-01
1.748295558494192603e+00
2.228728573459902051e+00
-1.356445576223243243e+00
7.453157775294240450e-02
-3.435915933006575829e-01
-4.945209701874073716e-01
1.748295558494192603e+00
2.228728573459902051e+00
-1.356445576223243243e+00
5.538775291300510745e-02
-3.632742589582408366e-01
-4.605968229214907894e-01
1.419701768683060861e+00
-2.063424988385446746e+00
-7.253366015195709948e-02
9.719779777928189146e-02
-3.230579825464233168e-01
-4.620961813968668674e-01
1.419701768683060861e+00
-2.063424988385446746e+00
-7.253366015195709948e-02
1.324722827967672878e-01
-3.170365123462747237e-01
-4.870800507527117129e-01
-2.221441471072811424e+00
nan
-2.221441467085554233e+00
2.610459999999999864e-02
2.799937000000000120e-01
1.333500000000000241e-01
1.572732509412286817e+00
-9.244604308118946623e-01
-1.572732516221651888e+00
8.860460000000003333e-02
2.799937001121810543e-01
1.333499998878189818e-01
-7.524070394121727956e-01
-2.823017544105153043e+00
-7.328562433513834407e-01
2.073546000000000833e-01
2.799937003253250012e-01
1.333499992483870855e-01
-1.207904957764117881e+00
-8.047048927033453869e-02
-1.145389356506835155e+00
1.053266738240254269e-01
1.246392922293180772e-01
4.686121289218250774e-02
-2.781569348627461746e+00
5.509699641360160660e-01
-1.222994148381078228e+00
3.298747648050770476e-03
-3.071511604566884435e-02
-3.962757314253152752e-02
-7.714101914844320174e-01
-1.737803960333083042e+00
-2.289813299605862440e+00
-6.712972932425240180e-02
-2.234694280236726172e-01
-7.107363561858988377e-02
-1.795452917927938818e-01
6.127174547245041181e-01
-1.770142225614880216e+00
-9.825588416632882738e-02
-3.204705455099910449e-01
-9.072072678121571865e-02
1.329117779927310394e+00
-5.434865067435789010e-01
-2.410731555681771887e+00
-9.551023265656724548e-03
-3.378514115248550387e-01
-1.416463161166939544e-01
1.329117779305293956e+00
-5.434865132519016706e-01
-2.410731552946819622e+00
-9.551023119768381475e-03
-3.378514113923711260e-01
-1.416463159077946399e-01
-5.000685349469208285e-01
2.844612089065937655e-01
-8.201323437752540135e-01
9.315991122097952437e-02
-3.830536030711896300e-01
-1.808660407849778107e-01
-5.000685349469208285e-01
2.844612089065937655e-01
-8.201323437752540135e-01
5.457329375467884908e-02
-3.852453450749049324e-01
-1.605926507352468113e-01
1.378329883526285160e+00
-1.794166889473906235e+00
2.697633949301718181e-01
7.435164432536688073e-02
-3.436059483542204251e-01
-2.272333320372623700e-01
1.378329883526285160e+00
-1.794166889473906235e+00
2.697633949301718181e-01
1.070691575661352479e-01
-3.399331453920488855e-01
-2.558832180815595048e-01
1.419270066671129316e+00
-2.063850567870475050e+00
-7.226846903014784440e-02
9.701483673844597810e-02
-3.230729531970054635e-01
-1.948060372299316167e-01
1.419270066671129316e+00
-2.063850567870475050e+00
-7.226846903014784440e-02
1.322980804212024186e-01
-3.170701453099608047e-01
-2.197820284475883179e-01
0.000000000000000000e+00
0.000000000000000000e+00
0.000000000000000000e+00
0.000000000000000000e+00
0.000000000000000000e+00
0.000000000000000000e+00
2.432471818289265175e-01
4.366034500227290988e-10
-1.309810568898411219e-09
0.000000000000000000e+00
-0.000000000000000000e+00
0.000000000000000000e+00
2.432471720251223879e-01
6.471832401842505522e-01
-1.161687529698255616e+00
0.000000000000000000e+00
0.000000000000000000e+00
0.000000000000000000e+00
7.342770002964480458e-01
1.396684499374885924e+00
-7.441357921691584831e-01
-2.365997109762319472e-01
1.393552311861907811e-01
2.809375036267423853e-02
-4.844862408900464379e-01
1.554278126378826785e+00
4.062186118120226785e-01
-4.731994219524638945e-01
2.787104622941927734e-01
5.618750068178895996e-02
-9.195690526626941752e-01
2.016090870200776819e-01
1.305723230788801148e-01
-4.441874519161579937e-01
2.346924587570767551e-01
2.592114832620681653e-01
-1.226359194274642128e+00
4.246335380230545908e-01
-4.796269112175234328e-01
-4.355107271189276874e-01
2.124512413164622304e-01
3.546595755571894659e-01
-2.742773128099815771e+00
7.215323056509737043e-01
3.912960562287074451e-01
-4.654717701954450559e-01
1.074358485496223065e-01
3.382925683127649963e-01
-2.742773128099815327e+00
7.215323056509739263e-01
3.912960562287081112e-01
-4.654717700965710914e-01
1.074358491796348625e-01
3.382925678441037753e-01
-4.933113791623938482e+00
-8.826143005151626530e-01
-3.949721458496449511e+00
-4.761037788956604122e-01
3.999777952327172176e-02
3.881207159830353248e-01
-4.933113791623938482e+00
-8.826143005151626530e-01
-3.949721458496449511e+00
-5.039258349552774296e-01
2.925873667649680487e-01
3.664255624634418229e-01
-4.239560836082769235e+00
-1.190845559724948988e+00
-1.562914769461233089e+00
-5.249910093932218524e-01
-9.452549802981162486e-02
2.935026105613662284e-01
-4.239560836082769235e+00
-1.190845559724948988e+00
-1.562914769461233089e+00
-5.961517583908980678e-01
7.921815470258940228e-02
3.541511302261760030e-01
-2.224108244249659805e+00
1.015009932034972140e+00
1.194326330298571159e+00
-5.096301976852045668e-01
3.277543855113793092e-03
2.208291647657938395e-01
-2.224108244249659805e+00
1.015009932034972140e+00
1.194326330298571159e+00
-5.421806736291968631e-01
-1.016003970837187770e-02
1.716328106109731577e-01
0.000000000000000000e+00
0.000000000000000000e+00
0.000000000000000000e+00
0.000000000000000000e+00
0.000000000000000000e+00
0.000000000000000000e+00
2.380808240138979626e-01
4.273303738492104886e-10
-1.281991335730092446e-09
0.000000000000000000e+00
-0.000000000000000000e+00
0.000000000000000000e+00
2.380808141970207625e-01
6.476754192057377901e-01
-1.163378915013724368e+00
0.000000000000000000e+00
0.000000000000000000e+00
0.000000000000000000e+00
7.324108014377036513e-01
1.400374660861420484e+00
-7.443367752836513862e-01
-2.367527036931822426e-01
1.392884587303031274e-01
2.909407588812296108e-02
-4.779357547477488533e-01
1.556284087672773264e+00
4.034181681004861963e-01
-4.735054073863644852e-01
2.785769173840654811e-01
5.818815173363431348e-02
-9.130415217942529083e-01
2.003265065841252357e-01
1.287757423360631481e-01
-4.446838226061822219e-01
2.351355926184518219e-01
2.599190473407483326e-01
-1.220385569468522391e+00
4.227567600876601661e-01
-4.824875113167760854e-01
-4.361282648316026078e-01
2.131886889086418158e-01
3.547204891291092510e-01
-2.742740516224968506e+00
7.210475995286562689e-01
3.914986687389464537e-01
-4.660434527726659004e-01
1.082408469892780917e-01
3.384312676001204889e-01
-2.742740516224968061e+00
7.210475995286567130e-01
3.914986687389467868e-01
-4.660434526739066219e-01
1.082408476193498781e-01
3.384312671315591325e-01
-4.922487742112617859e+00
-8.757643236391128294e-01
-3.929873924975816113e+00
-4.766261432844338120e-01
4.088251322283953382e-02
3.883496770194798109e-01
-4.922487742112617859e+00
-8.757643236391128294e-01
-3.929873924975816113e+00
-5.029941247598834764e-01
2.923185690675396131e-01
3.653457172197455693e-01
-2.262590604220041435e+00
1.334536306085516655e+00
1.018465708485735810e+00
-5.255028716451065618e-01
-9.365434657332404045e-02
2.937166518535715420e-01
-2.262590604220041435e+00
1.334536306085516655e+00
1.018465708485735810e+00
-5.674778086074302452e-01
-1.251556442464749896e-01
2.417438931155716508e-01
-2.224177604251022622e+00
1.014515339088436718e+00
1.194598408598682271e+00
-5.101598888343455984e-01
4.157918385408718859e-03
2.210587336293202143e-01
-2.224177604251022622e+00
1.014515339088436718e+00
1.194598408598682271e+00
-5.426693597825835713e-01
-9.243815171253187690e-03
1.719120308353825344e-01
