-2.221441471072811424e+00
nan
-2.221441467085554233e+00
2.610459999999999864e-02
2.799937000000000120e-01
-1.333499999999999686e-01
1.430551219908543725e+00
-1.048911076831301470e+00
-1.430551225728930786e+00
8.860460000000003333e-02
2.799937001121810543e-01
-1.333500001121810108e-01
-2.380893695232416674e-01
3.072797963700465651e+00
4.729666796360346703e-01
2.073546000000000833e-01
2.799937003253250012e-01
-1.333500007516129071e-01
-8.296531382859470005e-01
-1.109946580972192898e+00
-1.306262066334208605e+00
2.389330141214006387e-01
8.681595930578478448e-02
-1.942611174394950069e-01
-1.342487251549923322e+00
8.939988498233596426e-01
-1.375971849343997633e+00
2.705114282428011663e-01
-1.063617818244052271e-01
-2.551722337764545934e-01
2.152123410788784608e-01
-3.985344633989950647e-01
-3.040298267378825248e+00
2.897777076075229163e-01
-1.598938129086260040e-01
-4.548379096635197238e-01
9.597039203603490165e-01
1.063003187754254952e+00
-1.323293300803135786e+00
3.050410688627556710e-01
-1.859809701944258320e-01
-5.540878594264199153e-01
-1.320329636217804969e+00
-1.089852429052528215e+00
1.429189958388266346e+00
4.085915746728104869e-01
-1.821321124364551070e-01
-5.592397076812429813e-01
-1.320329636259103490e+00
-1.089852424156256605e+00
1.429189962357277910e+00
4.085915746864204334e-01
-1.821321127159050424e-01
-5.592397076164600245e-01
5.575514023383977280e-01
-1.778634678383316903e+00
1.833112757505418688e+00
5.218924409896135153e-01
-1.877242354706192828e-01
-5.947728308003594755e-01
5.575514023383977280e-01
-1.778634678383316903e+00
1.833112757505418688e+00
5.635346354870772734e-01
-1.897017715903615842e-01
-5.818593450997242567e-01
-1.936937826036790877e-01
2.607776670925019413e+00
1.710812662882602364e+00
5.231134837783303349e-01
-1.499878241947026070e-01
-5.434477259988785836e-01
-1.936937826036790877e-01
2.607776670925019413e+00
1.710812662882602364e+00
5.515782966368347751e-01
-1.618322598134644685e-01
-5.743379331592931569e-01
-6.057409351742328862e-01
1.949751025764603352e+00
1.888874150056807810e+00
5.252446089498924442e-01
-1.933666081710941342e-01
-5.334231045480360978e-01
-6.057409351742328862e-01
1.949751025764603352e+00
1.888874150056807810e+00
5.652885666406702869e-01
-1.925400788646053629e-01
-5.507591775282330016e-01
-2.221441471072811424e+00
nan
-2.221441467085554233e+00
2.610459999999999864e-02
2.799937000000000120e-01
1.333500000000000241e-01
1.430691660248465835e+00
-1.048797061316907975e+00
-1.430691666069813905e+00
8.860460000000003333e-02
2.799937001121810543e-01
1.333499998878189818e-01
-2.380729678748562117e-01
3.072738751612786423e+00
4.732678629347601418e-01
2.073546000000000833e-01
2.799937003253250012e-01
1.333499992483870855e-01
-8.296582252965780668e-01
-1.109626030803915198e+00
-1.306095424589320819e+00
2.389314659067950097e-01
8.682775008414952977e-02
7.240069894946614404e-02
-1.342874594072614114e+00
8.940009343235777450e-01
-1.375941429489085044e+00
2.705083318135899084e-01
-1.063382002677449867e-01
1.145139900144589301e-02
2.148468907533273298e-01
-3.988591416005968227e-01
-3.040296308118099144e+00
2.897264337523158817e-01
-1.599156378818948343e-01
-1.882067406687780442e-01
9.595309016677481262e-01
1.062878896973091791e+00
-1.323416881695235636e+00
3.049658254666582358e-01
-1.860251345806888390e-01
-2.874544994460547231e-01
-1.320290639452641468e+00
-1.089800858499927472e+00
1.429200986690523978e+00
4.085161350504612487e-01
-1.821784880448127086e-01
-2.926119402384049772e-01
-1.320290639493801432e+00
-1.089800853603721809e+00
1.429200990659532655e+00
4.085161350640686972e-01
-1.821784883242630326e-01
-2.926119401736231862e-01
5.575496678509328508e-01
-1.778619651056147388e+00
1.833086994544197657e+00
5.218149598450378956e-01
-1.877729772349361614e-01
-3.281511999047938000e-01
5.575496678509328508e-01
-1.778619651056147388e+00
1.833086994544197657e+00
5.634573953475379149e-01
-1.897513317691024159e-01
-3.152386167640248149e-01
-7.362012395583991120e-01
2.309497451140439139e+00
1.536879634730671018e+00
5.230395871617524728e-01
-1.500366836089641331e-01
-2.768260940045661478e-01
-7.362012395583991120e-01
2.309497451140439139e+00
1.536879634730671018e+00
5.633445817355309249e-01
-1.546989746899578300e-01
-2.929043892778150360e-01
-6.054101263570420555e-01
1.949981149742779696e+00
1.889079657845637694e+00
5.251703242395246995e-01
-1.934155311357466933e-01
-2.668016650555656288e-01
-6.054101263570420555e-01
1.949981149742779696e+00
1.889079657845637694e+00
5.652081231636456593e-01
-1.925905586087817700e-01
-2.841520311108224339e-01
0.000000000000000000e+00
0.000000000000000000e+00
0.000000000000000000e+00
0.000000000000000000e+00
0.000000000000000000e+00
0.000000000000000000e+00
-1.872283709137271823e-01
-3.360554974098678440e-10
1.008166660664140061e-09
0.000000000000000000e+00
-0.000000000000000000e+00
0.000000000000000000e+00
-1.872283769141155074e-01
2.415517595194349443e-01
-7.660740103544262380e-01
-0.000000000000000000e+00
0.000000000000000000e+00
0.000000000000000000e+00
-3.420726241161516912e-01
1.188795715042285428e+00
-4.673973282647988503e-01
-1.627016341842993374e-01
-3.559569186011257019e-02
2.854053341316627190e-02
-1.276226409786289429e+00
1.071683179173791300e+00
-5.802759081076482861e-01
-3.254032683685987304e-01
-7.119138365452247486e-02
5.708106684704933320e-02
-1.409482346836990807e+00
1.299435672938329400e+00
2.862203266817977543e-01
-5.704449626253755845e-01
-3.371897501036438816e-01
1.047527111657972215e-01
-1.374729257655274983e+00
6.130670969664062664e-01
4.719720991405195187e-01
-6.919472132040838108e-01
-4.727121179741747836e-01
1.216883427352979663e-01
-2.672341783504920354e+00
5.648362769962362862e-01
5.365309606429572442e-01
-6.969221953330022590e-01
-4.309215649068462439e-01
5.291379738048887504e-02
-2.672341783504920354e+00
5.648362769962357310e-01
5.365309606429574663e-01
-6.969221951464770193e-01
-4.309215647264218463e-01
5.291379811958718538e-02
-2.583599112784805918e+00
1.956292060297071256e+00
4.634456987912116688e-01
-7.139922451620991373e-01
-4.650887918698521917e-01
3.861421912354723318e-03
-2.583599112784805918e+00
1.956292060297071256e+00
4.634456987912116688e-01
-6.878132150062877814e-01
-4.124266257426549287e-01
-7.249371199191395609e-02
-2.724324126903535870e+00
1.446667719055688917e+00
1.505036557130527419e-01
-7.052487170426743335e-01
-3.272754425056694783e-01
-9.767285596263533543e-02
-2.724324126903535870e+00
1.446667719055688917e+00
1.505036557130527419e-01
-7.481539517161072128e-01
-4.071463207634423154e-01
-1.065839001282464643e-01
-2.633093608401429364e+00
-4.334648997013591520e-01
5.795930246348670600e-01
-6.763123865457072448e-01
-2.993428131032146444e-01
1.704634416739125857e-02
-2.633093608401429364e+00
-4.334648997013591520e-01
5.795930246348670600e-01
-6.692768580308278148e-01
-3.217811175058031825e-01
3.222766523739772904e-02
0.000000000000000000e+00
0.000000000000000000e+00
0.000000000000000000e+00
0.000000000000000000e+00
0.000000000000000000e+00
0.000000000000000000e+00
-1.862941484647365475e-01
-3.343786650566574627e-10
1.003136162764062861e-09
0.000000000000000000e+00
-0.000000000000000000e+00
0.000000000000000000e+00
-1.862941544660432214e-01
2.417392958050463281e-01
-7.661417071032992077e-01
-0.000000000000000000e+00
0.000000000000000000e+00
0.000000000000000000e+00
-3.413351953638185110e-01
1.190175726987444227e+00
-4.668832900766003435e-01
-1.627263318060765129e-01
-3.554685231528820211e-02
2.835231804377061696e-02
-1.278453216237217083e+00
1.072630237484681892e+00
-5.798536482340856946e-01
-3.254526636121530814e-01
-7.109370456520566761e-02
5.670463610816756789e-02
-1.411369200281130887e+00
1.300353857407479552e+00
2.857723406050638459e-01
-5.706790940459738337e-01
-3.374909818958476415e-01
1.045869662971858766e-01
-1.376572009319833256e+00
6.131725011264841374e-01
4.718949063659647059e-01
-6.922749280274178574e-01
-4.732112151914221743e-01
1.216205039724169990e-01
-2.672332752208946172e+00
5.650380883958349143e-01
5.364317414152142138e-01
-6.972525418043452605e-01
-4.314459401806806094e-01
5.283111570146065139e-02
-2.672332752208945728e+00
5.650380883958343592e-01
5.364317414152144359e-01
-6.972525416178351199e-01
-4.314459400002629286e-01
5.283111644055622780e-02
-2.583302342279423236e+00
1.960596691284365978e+00
4.631285608499264850e-01
-7.143325155706582441e-01
-4.656415818915778382e-01
3.763301016684372780e-03
-2.583302342279423236e+00
1.960596691284365978e+00
4.631285608499264850e-01
-6.880999153006729374e-01
-4.129986743945928684e-01
-7.277003234456891345e-02
-2.618408569849000056e+00
-3.497021111525257520e-01
9.368596998384987051e-01
-7.055748215504157317e-01
-3.278268914197171591e-01
-9.777259346500810633e-02
-2.618408569849000056e+00
-3.497021111525257520e-01
9.368596998384987051e-01
-6.955842951269275432e-01
-3.321663124333722461e-01
-7.147006885096224282e-02
-2.633103654991825859e+00
-4.332640063916156081e-01
5.794899052697077835e-01
-6.766408466604357796e-01
-2.998952866159844133e-01
1.694617392859237848e-02
-2.633103654991825859e+00
-4.332640063916156081e-01
5.794899052697077835e-01
-6.696016208024749838e-01
-3.223790985857807878e-01
3.212087292153975593e-02
