-2.221441471072811424e+00
nan
-2.221441467085554233e+00
2.610459999999999864e-02
2.799937000000000120e-01
-1.333499999999999686e-01
1.589492919410640193e+00
-9.085264800834264021e-01
-1.589492926338854861e+00
8.860460000000003333e-02
2.799937001121810543e-01
-1.333500001121810108e-01
-7.624683012483196576e-01
2.802735161649601903e+00
7.640327311138117583e-01
2.073546000000000833e-01
2.799937003253250012e-01
-1.333500007516129071e-01
-9.615074357628196344e-02
-1.262619126068115438e+00
-1.581117265694277130e+00
3.112068751469852512e-01
1.276980357172732838e-01
-2.230480246338966410e-01
-6.706790115654727158e-01
6.229252833301827108e-01
-1.238887839447915029e+00
4.150591502939704469e-01
-2.459762907751211758e-02
-3.127460481991306551e-01
-9.060780223223942054e-01
-4.475681340346831516e-01
2.639187362995278452e+00
5.378417079750987817e-01
1.321638182931170885e-02
-4.758343497673886979e-01
1.720356628483217465e+00
1.273759176401791482e+00
-1.063931166743500745e+00
6.035356771601885217e-01
3.282541541710020522e-02
-5.537050805618373150e-01
-7.093613780400271907e-01
-1.501124243699142324e+00
3.025576974749537018e-01
7.039201115881009718e-01
7.986851920971909519e-03
-5.453340837253215501e-01
-7.093613779492807803e-01
-1.501124241690867889e+00
3.025577028250076017e-01
7.039201115649252882e-01
7.986851749949435558e-03
-5.453340839548613816e-01
3.443590015048733077e-01
-2.866316192754020609e+00
6.120563531319069828e-01
8.221133057451681658e-01
2.892334554158007554e-03
-5.569691915681675987e-01
3.443590015048733077e-01
-2.866316192754020609e+00
6.120563531319069828e-01
8.551162270880954264e-01
-2.455309683681030850e-02
-5.490763718434932272e-01
-2.428832573240515269e-01
1.008033744685576272e+00
2.169107921909747105e+00
8.101832920800317028e-01
-2.710085368195972247e-02
-5.020339797478562405e-01
-2.428832573240515269e-01
1.008033744685576272e+00
2.169107921909747105e+00
8.524810390531563087e-01
-2.455255761933842693e-02
-5.124813675928997503e-01
-1.874342221833992239e-01
5.527390917890165900e-01
2.278228184208991092e+00
8.066127915129641668e-01
-5.362659174838038667e-02
-5.376765157790117655e-01
-1.874342221833992239e-01
5.527390917890165900e-01
2.278228184208991092e+00
8.496167836198087464e-01
-4.777825665471596706e-02
-5.422802929365928559e-01
-2.221441471072811424e+00
nan
-2.221441467085554233e+00
2.610459999999999864e-02
2.799937000000000120e-01
1.333500000000000241e-01
1.589497703888569813e+00
-9.085218910295598249e-01
-1.589497710816818454e+00
8.860460000000003333e-02
2.799937001121810543e-01
1.333499998878189818e-01
-7.624694365968530674e-01
2.802730035233622630e+00
7.640417907911440931e-01
2.073546000000000833e-01
2.799937003253250012e-01
1.333499992483870855e-01
-9.615027222060135159e-02
-1.262612000180634242e+00
-1.581112851556359500e+00
3.112071722507414040e-01
1.276988091777171985e-01
4.365100612559401350e-02
-6.706810211458940074e-01
6.229300685830808648e-01
-1.238877827255068453e+00
4.150597445014826969e-01
-2.459608215662650865e-02
-4.604798668015062935e-02
-9.060668007046852601e-01
-4.475776224261966418e-01
2.639190699599505141e+00
5.378410323227659218e-01
1.321953877317176562e-02
-2.091368709569187412e-01
1.720358928343566518e+00
1.273764882934625087e+00
-1.063928156585857154e+00
6.035343840281865990e-01
3.282939183987168552e-02
-2.870079163101844077e-01
-7.093596509920402360e-01
-1.501123064544554575e+00
3.025591833871409397e-01
7.039188701169525331e-01
7.990971864757761417e-03
-2.786371131328168049e-01
-7.093596509012909390e-01
-1.501123062536282360e+00
3.025591887371944511e-01
7.039188700937766274e-01
7.990971693735315212e-03
-2.786371133623566365e-01
3.442625516812573561e-01
-2.866338720941016049e+00
6.120680662713492426e-01
8.221120499799343673e-01
2.896629131329916951e-03
-2.902724426406891878e-01
3.442625516812573561e-01
-2.866338720941016049e+00
6.120680662713492426e-01
8.551130679346934382e-01
-2.455075520788466831e-02
-2.823784555938850249e-01
-2.519318475115751577e-01
1.001548092423960812e+00
2.151109611910999586e+00
8.101821822595965950e-01
-2.709659086771313771e-02
-2.353372164681844514e-01
-2.519318475115751577e-01
1.001548092423960812e+00
2.151109611910999586e+00
8.526574873605750060e-01
-2.514602664952028666e-02
-2.451751471662280413e-01
-1.874237795941222917e-01
5.527474594491211812e-01
2.278265458077455730e+00
8.066116537566300204e-01
-5.362232474520597925e-02
-2.709797528183087723e-01
-1.874237795941222917e-01
5.527474594491211812e-01
2.278265458077455730e+00
8.496153625393632058e-01
-4.777251274235165546e-02
-2.755843000350437499e-01
0.000000000000000000e+00
0.000000000000000000e+00
0.000000000000000000e+00
0.000000000000000000e+00
0.000000000000000000e+00
0.000000000000000000e+00
-9.039835289560937959e-01
-1.622556629591411148e-09
4.867670702016616930e-09
0.000000000000000000e+00
-0.000000000000000000e+00
0.000000000000000000e+00
-9.039835360954553423e-01
4.932474187616095462e-01
-8.374704453580388286e-01
-0.000000000000000000e+00
0.000000000000000000e+00
0.000000000000000000e+00
-1.425070173828152598e+00
1.257402424483546666e+00
-3.874038344463096029e-01
-1.717864368133571185e-01
-1.680587479286726194e-01
8.644790677562333436e-02
-8.273533861764568176e-01
1.353717893101446634e+00
1.411007900644251634e-01
-3.435728736267141814e-01
-3.361174955707375012e-01
1.728958137200508338e-01
-1.512794298517623037e+00
1.149120210250629492e+00
9.535921864974277185e-01
-5.696840124296471686e-01
-4.537244382240647189e-01
-2.460268154232694848e-02
-1.694451208765818118e+00
2.904375157933496432e-01
5.841118851043294313e-01
-6.778658641866146528e-01
-5.088815800764027175e-01
-1.297573834355425226e-01
-2.673762163956950211e+00
5.327527477777140863e-01
5.024477417863654205e-01
-6.609261125136960402e-01
-4.360615931393740929e-01
-1.168250552550847698e-01
-2.673762163956950655e+00
5.327527477777138643e-01
5.024477417863648654e-01
-6.609261125500544010e-01
-4.360615937647535634e-01
-1.168250547854645105e-01
-2.779971772062369784e+00
2.035729309417621535e-01
-1.980946409074806347e-01
-6.645650194412153766e-01
-4.077852007643990584e-01
-1.661712764318785951e-01
-2.779971772062369784e+00
2.035729309417621535e-01
-1.980946409074806347e-01
-6.683950478724132171e-01
-3.923810865801523051e-01
-9.659225332033236078e-02
-2.553800800905598578e+00
1.239340166148380717e+00
1.160477233846469947e+00
-6.202281246959832073e-01
-2.668957183558180457e-01
-7.962087698858139051e-02
-2.553800800905598578e+00
1.239340166148380717e+00
1.160477233846469947e+00
-6.361332316494485717e-01
-2.444906933965521889e-01
-1.385500142756225239e-01
-2.638400683193191210e+00
9.773119899948344846e-01
1.397498939113944960e+00
-6.258889865136578745e-01
-3.639893725703639560e-01
-6.795168187505994106e-03
-2.638400683193191210e+00
9.773119899948344846e-01
1.397498939113944960e+00
-6.385613552180049446e-01
-3.160379480212153758e-01
-6.425373659783532865e-02
0.000000000000000000e+00
0.000000000000000000e+00
0.000000000000000000e+00
0.000000000000000000e+00
0.000000000000000000e+00
0.000000000000000000e+00
-9.039941077324035179e-01
-1.622575617397144810e-09
4.867727665443335661e-09
0.000000000000000000e+00
-0.000000000000000000e+00
0.000000000000000000e+00
-9.039941148717853814e-01
4.932551827888826401e-01
-8.374703250003440180e-01
-0.000000000000000000e+00
0.000000000000000000e+00
0.000000000000000000e+00
-1.425093017451036559e+00
1.257422107332115013e+00
-3.873895450974270682e-01
-1.717869452340410608e-01
-1.680608093278796455e-01
8.644786581384167334e-02
-8.273964951130753365e-01
1.353735828806707842e+00
1.410916823618037497e-01
-3.435738904680821770e-01
-3.361216183691492221e-01
1.728957317964915086e-01
-1.512831331344309582e+00
1.149129486211115436e+00
9.535867953865569957e-01
-5.696886259701954280e-01
-4.537373711503953633e-01
-2.460620885204800601e-02
-1.694486884417752970e+00
2.904482726963195649e-01
5.841019084482166335e-01
-6.778722372515912920e-01
-5.088988156343750013e-01
-1.297627764671460682e-01
-2.673758463137999364e+00
5.327522368116552887e-01
5.024429799206143743e-01
-6.609327834173418514e-01
-4.360798295352416032e-01
-1.168309001796454250e-01
-2.673758463137999364e+00
5.327522368116549556e-01
5.024429799206139302e-01
-6.609327834537008783e-01
-4.360798301606201854e-01
-1.168308997100258040e-01
-2.779926607197861443e+00
2.037035265701686304e-01
-1.978203414153310025e-01
-6.645719144949813195e-01
-4.078045567816650507e-01
-1.661775391299030458e-01
-2.779926607197861443e+00
2.037035265701686304e-01
-1.978203414153310025e-01
-6.683935324357893615e-01
-3.923881247922428317e-01
-9.659824884512435705e-02
-2.550463520892316094e+00
1.258973637943205715e+00
1.178757133073688346e+00
-6.202351670380915616e-01
-2.669151091659955899e-01
-7.962724960782485706e-02
-2.550463520892316094e+00
1.258973637943205715e+00
1.178757133073688346e+00
-6.349201039245536693e-01
-2.419383236651629909e-01
-1.380773818772099426e-01
-2.638395959237370914e+00
9.773112950123401532e-01
1.397494228224083201e+00
-6.258961392302722082e-01
-3.640086293607665002e-01
-6.801637115376631126e-03
-2.638395959237370914e+00
9.773112950123401532e-01
1.397494228224083201e+00
-6.385712937437898473e-01
-3.160598133154187694e-01
-6.426376778679229740e-02
