-2.221441471072811424e+00
nan
-2.221441467085554233e+00
2.610459999999999864e-02
2.799937000000000120e-01
-1.333499999999999686e-01
1.350296158881968189e+00
-1.111399335053974147e+00
-1.350296164158046874e+00
8.860460000000003333e-02
2.799937001121810543e-01
-1.333500001121810108e-01
-1.720862702737036010e+00
-2.484083847026354430e+00
-2.410695072667304595e-01
2.073546000000000833e-01
2.799937003253250012e-01
-1.333500007516129071e-01
-1.186720815055389844e+00
1.011528662553652369e+00
-8.174069704394566482e-01
1.543095775069017184e-02
2.092941918979795979e-01
-1.472026197780153811e-01
-2.701430917293293987e+00
1.192537475394618518e+00
1.287433416829858179e-01
-1.764926844986197396e-01
1.385946833998838446e-01
-1.610552384433300566e-01
6.510536150244239373e-01
1.592964165131090848e+00
1.769860983144654121e+00
-3.296782197229766176e-01
-5.494027251798649925e-04
-1.776794705894532977e-01
1.838858987546011792e-01
-3.211354262807030596e-02
-2.248647131003036925e+00
-4.063698870359087612e-01
-6.902622985101580788e-02
-1.915853977984142975e-01
-3.335015146934467989e-01
-1.678666862964042439e+00
-7.416586977452653828e-01
-3.265341763933287123e-01
-1.346787700664980603e-01
-1.826374500198043593e-01
-3.335015151092680097e-01
-1.678666863122577846e+00
-7.416586919954401003e-01
-3.265341763218249649e-01
-1.346787700168465274e-01
-1.826374502934761945e-01
2.407144170498043412e-01
2.826993896117102611e+00
5.863175455252316315e-01
-2.192040943483749560e-01
-1.831012538585579663e-01
-1.663133102753402426e-01
2.407144170498043412e-01
2.826993896117102611e+00
5.863175455252316315e-01
-1.996648039762610738e-01
-2.208866791873210778e-01
-1.760713269328730846e-01
-2.601452776135699738e-02
-1.423259212237590887e-01
8.107161008198646712e-01
-2.598421371864769736e-01
-2.316900822384030112e-01
-1.594235138108173744e-01
-2.601452776135699738e-02
-1.423259212237590887e-01
8.107161008198646712e-01
-2.505971434236166084e-01
-2.743429353932675951e-01
-1.594965390409393002e-01
2.409998197818958021e-01
-4.279962068708714762e-01
4.034358566360926046e-01
-2.487111957570520282e-01
-2.239738090797674941e-01
-2.018889691885245308e-01
2.409998197818958021e-01
-4.279962068708714762e-01
4.034358566360926046e-01
-2.538138749750397105e-01
-2.642186874146250641e-01
-2.179841099838338569e-01
-2.221441471072811424e+00
nan
-2.221441467085554233e+00
2.610459999999999864e-02
2.799937000000000120e-01
1.333500000000000241e-01
1.348961641807164602e+00
-1.112394595684663257e+00
-1.348961647074270909e+00
8.860460000000003333e-02
2.799937001121810543e-01
1.333499998878189818e-01
-1.720459087305866275e+00
-2.485939002792633357e+00
-2.389297479046558481e-01
2.073546000000000833e-01
2.799937003253250012e-01
1.333499992483870855e-01
-1.184512476976807838e+00
1.013809315927836519e+00
-8.124697486461895934e-01
1.549720141189472877e-02
2.090956980648630559e-01
1.195945682307696933e-01
-2.697789549584129976e+00
1.192277426853488587e+00
1.348005949002654136e-01
-1.763601971762106257e-01
1.381976957343186152e-01
1.058391375743703011e-01
6.519109024281879439e-01
1.591052537497406272e+00
1.770003125172229685e+00
-3.296696896916996300e-01
-7.811888697438484908e-04
8.897737198312927198e-02
1.849785553690355688e-01
-3.141255493040544938e-02
-2.248245951827504641e+00
-4.064372965037915675e-01
-6.914971423699763087e-02
7.495803592712307895e-02
-3.333531284628712954e-01
-1.678530751058653570e+00
-7.413331679120922502e-01
-3.265804146487811810e-01
-1.347780024416150302e-01
8.389496536214718914e-02
-3.333531288781996782e-01
-1.678530751217182315e+00
-7.413331621623873158e-01
-3.265804145773445466e-01
-1.347780023919600279e-01
8.389496508845845080e-02
2.804525142214003286e-01
2.828203904092108090e+00
5.921843638380891450e-01
-2.192328604061296038e-01
-1.831676053713303665e-01
1.002017097702464360e-01
2.804525142214003286e-01
2.828203904092108090e+00
5.921843638380891450e-01
-2.007359929761458883e-01
-2.213472954658670666e-01
8.995874710445746214e-02
3.883088007684271439e-03
-1.414127056489922207e-01
3.952596580423601846e-01
-2.598551772495434342e-01
-2.317680322999207676e-01
1.071024300943898833e-01
3.883088007684271439e-03
-1.414127056489922207e-01
3.952596580423601846e-01
-2.684731194805468069e-01
-2.744766518990533477e-01
1.045635310712539762e-01
2.409772749782138901e-01
-4.278043024390368876e-01
4.040109090008333625e-01
-2.487346475896785036e-01
-2.240512144830741348e-01
6.463434593857156352e-02
2.409772749782138901e-01
-4.278043024390368876e-01
4.040109090008333625e-01
-2.538161870637095086e-01
-2.643017302497883692e-01
4.854661577868399358e-02
0.000000000000000000e+00
0.000000000000000000e+00
0.000000000000000000e+00
0.000000000000000000e+00
0.000000000000000000e+00
0.000000000000000000e+00
-7.865088683283357751e-01
-1.411701803917007033e-09
4.235106119310756669e-09
0.000000000000000000e+00
-0.000000000000000000e+00
0.000000000000000000e+00
-7.865088699692214247e-01
4.249734832751839858e-02
-2.168933799961779152e-01
0.000000000000000000e+00
0.000000000000000000e+00
0.000000000000000000e+00
5.554929126005607731e-01
5.368547152432825431e-01
-1.200306968778421107e-01
-1.592295492288866091e-02
3.073175973206006967e-02
6.376203635752580867e-02
5.504205337531409281e-01
7.726485918538626985e-01
-1.253173946780981707e+00
-3.184590984577731487e-02
6.146351974811889440e-02
1.275240727706973831e-01
-8.300284293390498558e-01
-4.599333601851892106e-01
-1.503480446418246963e+00
-2.190623429847099457e-01
2.625819602460884306e-01
1.692948987006263895e-01
-1.094135317732233492e+00
-5.333231686044398456e-01
3.144709067071183028e-01
-3.156201137734587214e-01
3.663440675345380759e-01
1.908595557205640669e-01
-2.768616993195426534e+00
8.436793620035423213e-01
1.267958076687848434e-01
-2.997464477860657395e-01
4.012403415337180146e-01
3.052705528368470644e-01
-2.768616993195426090e+00
8.436793620035423213e-01
1.267958076687843993e-01
-2.997464480232525097e-01
4.012403407850919090e-01
3.052705526390547264e-01
-3.347284057151170167e+00
5.072701312693872477e-02
2.038587786619051379e+00
-2.798343400394567304e-01
4.600446366695850609e-01
3.487816891727998914e-01
-3.347284057151170167e+00
5.072701312693872477e-02
2.038587786619051379e+00
-2.033004284911138215e-01
4.672143417942044019e-01
4.742690711292471550e-01
-3.716567852420889384e+00
6.264594351052045207e-01
6.990859945920393947e+00
-2.678607012158314427e-01
4.739671107771847858e-01
5.175910231594171851e-01
-3.716567852420889384e+00
6.264594351052045207e-01
6.990859945920393947e+00
3.027367413932449680e-02
5.383261641515622031e-01
6.703216324385831149e-01
-2.415863259885034253e+00
1.152242281476923091e+00
-7.565805155149687433e-01
-3.046663206034273541e-01
3.578078861033406888e-01
4.868366726046055026e-01
-2.415863259885034253e+00
1.152242281476923091e+00
-7.565805155149687433e-01
-3.536603131515305698e-01
3.227848144665286800e-01
5.899423183161102147e-01
0.000000000000000000e+00
0.000000000000000000e+00
0.000000000000000000e+00
0.000000000000000000e+00
0.000000000000000000e+00
0.000000000000000000e+00
-7.808093415981134378e-01
-1.401471744866777536e-09
4.204415937032655353e-09
0.000000000000000000e+00
-0.000000000000000000e+00
0.000000000000000000e+00
-7.808093432373931497e-01
4.206268641101421762e-02
-2.167987436707580484e-01
0.000000000000000000e+00
0.000000000000000000e+00
0.000000000000000000e+00
5.596323164293238728e-01
5.374026452052937941e-01
-1.206942804903760741e-01
-1.594918820017712097e-02
3.085407391902799876e-02
6.342786017427892720e-02
5.517927962920929907e-01
7.767803131546757722e-01
-1.245146759208196841e+00
-3.189837640035424887e-02
6.170814812009836614e-02
1.268557204032788877e-01
-8.321436252876553974e-01
-4.557407497598172097e-01
-1.497881872102417189e+00
-2.180453717197775032e-01
2.619051666676254220e-01
1.692559686478130876e-01
-1.096562339912078965e+00
-5.306025115366632683e-01
3.151127245787983533e-01
-3.140641637644620565e-01
3.652278721463729227e-01
1.911622745166810244e-01
-2.769147228420441031e+00
8.439676020152283575e-01
1.279306923175760335e-01
-2.981258122625125018e-01
4.001916920169717451e-01
3.055000458705157684e-01
-2.769147228420441476e+00
8.439676020152285796e-01
1.279306923175754784e-01
-2.981258124998492076e-01
4.001916912682262906e-01
3.055000456727235414e-01
-3.328893053542913538e+00
7.609995389131207766e-02
1.979290024178815610e+00
-2.781729328839627202e-01
4.590805150320812489e-01
3.489001227713324216e-01
-3.328893053542913538e+00
7.609995389131207766e-02
1.979290024178815610e+00
-2.033837421401844536e-01
4.615934529489617022e-01
4.745886171549011934e-01
-2.632608110172037108e+00
8.752769422103102714e-01
-8.622090929675620963e-01
-2.661314622359133852e-01
4.729927844744656884e-01
5.177657796353271058e-01
-2.632608110172037108e+00
8.752769422103102714e-01
-8.622090929675620963e-01
-3.051774621759293371e-01
4.737393264694905182e-01
6.377439240903536311e-01
-2.416653983369001946e+00
1.152577777905476442e+00
-7.555330995438099828e-01
-3.029603672288779803e-01
3.568150639963800774e-01
4.870114082154056168e-01
-2.416653983369001946e+00
1.152577777905476442e+00
-7.555330995438099828e-01
-3.519133244435666552e-01
3.217758580913909761e-01
5.901398469510098499e-01
