-2.221441471072811424e+00
nan
-2.221441467085554233e+00
2.610459999999999864e-02
2.799937000000000120e-01
-1.333499999999999686e-01
1.424175069896082668e+00
-1.054069917712386895e+00
-1.424175075672876822e+00
8.860460000000003333e-02
2.799937001121810543e-01
-1.333500001121810108e-01
-1.648780291732309111e-01
3.087249473520575105e+00
4.610548741065332301e-01
2.073546000000000833e-01
2.799937003253250012e-01
-1.333500007516129071e-01
-9.001710854543449880e-01
-1.057950557288573457e+00
-1.282825717606186577e+00
2.291888348282425658e-01
8.505360823576202378e-02
-1.929035622368664993e-01
-1.443841884604751602e+00
9.167307510519664415e-01
-1.413135907131483293e+00
2.510230696564850206e-01
-1.098864839613050148e-01
-2.524571233702211370e-01
9.308144244331903461e-02
-5.150494083057732819e-01
-2.997812404934660169e+00
2.555996839635332196e-01
-1.793260488892287341e-01
-4.480599132892436609e-01
8.595564600848979442e-01
1.040087053825045960e+00
-1.356628655769313463e+00
2.635624494045701316e-01
-2.135261444262362973e-01
-5.456868067755704654e-01
-1.389305337240522853e+00
-9.958636502422500980e-01
1.585037208438453860e+00
3.666944219037573394e-01
-2.074241790174690681e-01
-5.552065108979218344e-01
-1.389305337322962464e+00
-9.958636449679952873e-01
1.585037212123249217e+00
3.666944219293758467e-01
-2.074241792824652597e-01
-5.552065107902415253e-01
6.194742203981572493e-01
-1.537909560495623884e+00
1.885670905313254764e+00
4.789399215803784582e-01
-2.151903333972888521e-01
-5.935678929801678771e-01
6.194742203981572493e-01
-1.537909560495623884e+00
1.885670905313254764e+00
5.219122811076529755e-01
-2.146960843099594007e-01
-5.859604519446859339e-01
1.248666018554215607e-01
-2.693317511977447953e+00
-1.473956275132004334e+00
4.804392360909761628e-01
-1.697298232650563399e-01
-5.489485234320052864e-01
1.248666018554215607e-01
-2.693317511977447953e+00
-1.473956275132004334e+00
5.062743888711387363e-01
-1.865302192123301506e-01
-5.798521268052445610e-01
-7.148651189609513956e-01
2.097545694539092676e+00
1.754365138858454909e+00
4.844334131675834265e-01
-2.108694468680300804e-01
-5.322652519217062617e-01
-7.148651189609513956e-01
2.097545694539092676e+00
1.754365138858454909e+00
5.248873756871151874e-01
-2.110530418912089645e-01
-5.486415864916209806e-01
-2.221441471072811424e+00
nan
-2.221441467085554233e+00
2.610459999999999864e-02
2.799937000000000120e-01
1.333500000000000241e-01
1.424357088610634481e+00
-1.053923125612072020e+00
-1.424357094388672085e+00
8.860460000000003333e-02
2.799937001121810543e-01
1.333499998878189818e-01
-1.648490759675037276e-01
3.087181129875339547e+00
4.614477121720422237e-01
2.073546000000000833e-01
2.799937003253250012e-01
1.333499992483870855e-01
-9.001602404671414925e-01
-1.057529654486719872e+00
-1.282615643779429160e+00
2.291855029887611694e-01
8.506848372799433178e-02
7.374654625127402552e-02
-1.444402743298578207e+00
9.166601198739969814e-01
-1.413121687456768250e+00
2.510164059775222833e-01
-1.098567329769301881e-01
1.414309360603248356e-02
9.262836687544205583e-02
-5.155669820045477580e-01
-2.997766433191743740e+00
2.555342959862263452e-01
-1.793675726641560109e-01
-1.814357442978830615e-01
8.592880233784601085e-01
1.039866793998664329e+00
-1.356794808219193404e+00
2.634677181544606839e-01
-2.136028308839021395e-01
-2.790527018786634339e-01
-1.389258687376242474e+00
-9.957966586922167851e-01
1.585045761528496966e+00
3.665993132495931062e-01
-2.075045347033108167e-01
-2.885788436384449929e-01
-1.389258687458498231e+00
-9.957966534180445750e-01
1.585045765213288105e+00
3.665993132752088379e-01
-2.075045349683078688e-01
-2.885788435307661826e-01
6.196866636135976991e-01
-1.537703178199825160e+00
1.885393905680859739e+00
4.788421428609280217e-01
-2.152746928524266468e-01
-3.269472268457702668e-01
6.196866636135976991e-01
-1.537703178199825160e+00
1.885393905680859739e+00
5.218171696980968832e-01
-2.147846568196452310e-01
-3.193545950463748673e-01
-8.630608455104353816e-01
2.434517940357677102e+00
1.380718483654046480e+00
4.803458574456540009e-01
-1.698142196124227121e-01
-2.823279677797282949e-01
-8.630608455104353816e-01
2.434517940357677102e+00
1.380718483654046480e+00
5.212157525672442837e-01
-1.743658842642724638e-01
-2.969455991287984764e-01
-7.144968567356588807e-01
2.097803393699973817e+00
1.754549446692943881e+00
4.843396132775287799e-01
-2.109539790158098671e-01
-2.656449302988980188e-01
-7.144968567356588807e-01
2.097803393699973817e+00
1.754549446692943881e+00
5.247876824829651454e-01
-2.111418388879488239e-01
-2.820357670936033956e-01
0.000000000000000000e+00
0.000000000000000000e+00
0.000000000000000000e+00
0.000000000000000000e+00
0.000000000000000000e+00
0.000000000000000000e+00
-9.510819118703957298e-02
-1.707093339600811307e-10
5.121280874415502588e-10
0.000000000000000000e+00
-0.000000000000000000e+00
0.000000000000000000e+00
-9.510819712096822698e-02
2.321177851591622043e-01
-7.598044754737071083e-01
-0.000000000000000000e+00
0.000000000000000000e+00
0.000000000000000000e+00
-1.997343176607784265e-01
1.166239165857611892e+00
-4.744334462286738385e-01
-1.619397952092035409e-01
-2.225378120603766288e-02
1.347228647625724196e-02
-1.355483809674594697e+00
1.053525139239907427e+00
-5.292147798074222642e-01
-3.238795904184070817e-01
-4.450756237860685471e-02
2.694457296273899266e-02
-1.413666358302215986e+00
1.303419316882807433e+00
1.841280305130215678e-01
-5.667004909668138524e-01
-3.120659891737906921e-01
1.162472007483073000e-01
-1.353409211067390983e+00
6.498485978012873421e-01
4.179979599634068288e-01
-6.876520735495657011e-01
-4.486116758428694284e-01
1.542159029680423843e-01
-2.672605274226377503e+00
5.717962895013357638e-01
5.397677255550199504e-01
-6.963890490175907999e-01
-4.183867769770336920e-01
7.893727906112460446e-02
-2.672605274226377059e+00
5.717962895013352087e-01
5.397677255550199504e-01
-6.963890488129833578e-01
-4.183867766754190143e-01
7.893727975470632430e-02
-2.624760831318422305e+00
2.351199018049390688e+00
1.539012084294868465e-01
-7.141320254664577094e-01
-4.603251109924213491e-01
3.551158398877218847e-02
-2.624760831318422305e+00
2.351199018049390688e+00
1.539012084294868465e-01
-6.963214831057693566e-01
-4.337438996756100562e-01
-6.682227118035832802e-02
-2.776758592472582610e+00
1.450791448975592868e+00
-2.515939292703116281e-02
-7.131569516755758009e-01
-3.402658670220694015e-01
-8.684371763360947127e-02
-2.776758592472582610e+00
1.450791448975592868e+00
-2.515939292703116281e-02
-7.584143229549715759e-01
-4.267277099872021084e-01
-7.767449256651329237e-02
-2.596415653041150406e+00
-4.052040261405274180e-01
7.389297823312900304e-01
-6.814116778668766194e-01
-2.935221397161892898e-01
2.082240175537070082e-02
-2.596415653041150406e+00
-4.052040261405274180e-01
7.389297823312900304e-01
-6.746402573352081600e-01
-3.061492734139589778e-01
3.769119923362507230e-02
0.000000000000000000e+00
0.000000000000000000e+00
0.000000000000000000e+00
0.000000000000000000e+00
0.000000000000000000e+00
0.000000000000000000e+00
-9.408829849166308601e-02
-1.688787324044687603e-10
5.066362818571965541e-10
0.000000000000000000e+00
-0.000000000000000000e+00
0.000000000000000000e+00
-9.408830442700802377e-02
2.323661496840271901e-01
-7.599227882239635301e-01
-0.000000000000000000e+00
0.000000000000000000e+00
0.000000000000000000e+00
-1.988484115340743430e-01
1.167755152621227976e+00
-4.739032824673301558e-01
-1.619779389726155039e-01
-2.219778849915936964e-02
1.326742024808623584e-02
-1.358287128507378538e+00
1.054578219040690268e+00
-5.284396580014255607e-01
-3.239558779452310633e-01
-4.439557696521175684e-02
2.653484050629578012e-02
-1.416153452196226681e+00
1.304289943906083549e+00
1.835777217754558099e-01
-5.669413448556994695e-01
-3.124352273496187604e-01
1.161860509459936297e-01
-1.355801123544130737e+00
6.498382804371618526e-01
4.180054573893115522e-01
-6.879773302746424735e-01
-4.492194192530060692e-01
1.543209473059267423e-01
-2.672600727022222067e+00
5.719743265843519886e-01
5.396366567908534861e-01
-6.967169029392830115e-01
-4.190254033749284401e-01
7.903401207721379162e-02
-2.672600727022222067e+00
5.719743265843514335e-01
5.396366567908538192e-01
-6.967169027346915566e-01
-4.190254030733229773e-01
7.903401277079356857e-02
-2.624527608203795381e+00
2.358417472025468697e+00
1.522393536075132836e-01
-7.144695709200982181e-01
-4.609984269092869957e-01
3.560052551475317850e-02
-2.624527608203795381e+00
2.358417472025468697e+00
1.522393536075132836e-01
-6.966375781946229084e-01
-4.345288648258915920e-01
-6.703864173583884423e-02
-2.573408808830482730e+00
-2.651205336386811551e-01
1.077626580816969604e+00
-7.134806380584719498e-01
-3.409375031789212418e-01
-8.675725445422927118e-02
-2.573408808830482730e+00
-2.651205336386811551e-01
1.077626580816969604e+00
-7.047002090188746459e-01
-3.345121591186275278e-01
-6.420851213992384565e-02
-2.596433404837843018e+00
-4.050286231935791847e-01
7.387943208575027398e-01
-6.817378467043685442e-01
-2.941952280335633496e-01
2.090857063430340279e-02
-2.596433404837843018e+00
-4.050286231935791847e-01
7.387943208575027398e-01
-6.749602988377652046e-01
-3.068701404019540391e-01
3.777896206287006953e-02
