-2.221441471072811424e+00
nan
-2.221441467085554233e+00
2.610459999999999864e-02
2.799937000000000120e-01
-1.333499999999999686e-01
1.456841488095129034e+00
-1.027273147645857421e+00
-1.456841494095919121e+00
8.860460000000003333e-02
2.799937001121810543e-01
-1.333500001121810108e-01
-1.574102631992614132e+00
-2.467842870595871929e+00
-4.267545186730767326e-01
2.073546000000000555e-01
2.799937003253250012e-01
-1.333500007516129071e-01
-1.233944340669765660e+00
8.423046663418993774e-01
-9.137746744503195684e-01
2.146609294636406262e-02
1.985809906412153714e-01
-1.623747082826321464e-01
-2.881434835788147630e+00
8.907875971895810041e-01
-1.227332378858823903e-01
-1.644224141072719025e-01
1.171682808335430537e-01
-1.913994154670648207e-01
6.500111233961580748e-01
1.735697938991185074e+00
2.075966671332247770e+00
-2.810380207144772546e-01
-5.365545215799846779e-02
-2.093800312092490012e-01
7.287037703443884074e-02
2.208464240773051479e-01
-2.276050831616009962e+00
-3.387540771889684388e-01
-1.386173047200807695e-01
-2.240225355801663265e-01
7.894430641799603243e-02
-1.555531301741670092e+00
-1.223168450460323076e+00
-2.604328980868334531e-01
-2.052003065990272435e-01
-2.380424950964955821e-01
7.894430592888489195e-02
-1.555531303507970087e+00
-1.223168444887542394e+00
-2.604328979730974880e-01
-2.052003064237544749e-01
-2.380424952935182303e-01
1.143705649369640698e+00
2.445569049550119001e+00
1.493991863874318371e+00
-1.564120494112393456e-01
-2.625224375095420171e-01
-2.330628027914871114e-01
1.143705649369640698e+00
2.445569049550119001e+00
1.493991863874318371e+00
-1.587945024337655553e-01
-2.868933022385665166e-01
-2.691893303656264225e-01
6.288468103850753943e-01
-1.368323717453611144e-01
-5.867412383042591717e-01
-1.969119875470084213e-01
-3.050762567390644664e-01
-2.577350857085583535e-01
6.288468103850753943e-01
-1.368323717453611144e-01
-5.867412383042591717e-01
-2.344437277653803886e-01
-3.149459054861171170e-01
-2.777025501044310118e-01
6.551197865637098383e-01
-7.635209683131723990e-01
4.492073555583570577e-01
-1.792285421968816406e-01
-2.778715333287548606e-01
-2.882957207431521285e-01
6.551197865637098383e-01
-7.635209683131723990e-01
4.492073555583570577e-01
-1.738612140522474980e-01
-3.070456295127759749e-01
-3.203082967882520116e-01
-2.221441471072811424e+00
nan
-2.221441467085554233e+00
2.610459999999999864e-02
2.799937000000000120e-01
1.333500000000000241e-01
1.455151021951939239e+00
-1.028682424759062020e+00
-1.455151027941097075e+00
8.860460000000003333e-02
2.799937001121810543e-01
1.333499998878189818e-01
-1.574774343563182022e+00
-2.469445891703007767e+00
-4.239982781317376825e-01
2.073546000000000833e-01
2.799937003253250012e-01
1.333499992483870855e-01
-1.232628775924189624e+00
8.448391559977769250e-01
-9.096491215313069478e-01
2.148355116980282808e-02
1.984765836782827753e-01
1.045070989033288766e-01
-2.878219764848322537e+00
8.925407779116079077e-01
-1.170705981919747674e-01
-1.643874976603943994e-01
1.169594669085051442e-01
7.566419890515106716e-02
6.509071175519790531e-01
1.732613169481718174e+00
2.075939501319711944e+00
-2.812912692044666763e-01
-5.363216685786426075e-02
5.735429208692097158e-02
7.500589739220955843e-02
2.217784333501797711e-01
-2.275823938836549321e+00
-3.391664245573149383e-01
-1.384571714846766499e-01
4.254728418711434951e-02
7.912169706096144894e-02
-1.555525832839280698e+00
-1.222943771886438658e+00
-2.608284225376081289e-01
-2.050213747445219781e-01
2.853205019183529742e-02
7.912169657199101536e-02
-1.555525834605703484e+00
-1.222943766313726366e+00
-2.608284224239108551e-01
-2.050213745692295308e-01
2.853204999480779894e-02
1.163344096137354677e+00
2.442820938903814465e+00
1.497794808503592368e+00
-1.567934980446507864e-01
-2.623175257374801839e-01
3.351668196383227050e-02
1.163344096137354677e+00
2.442820938903814465e+00
1.497794808503592368e+00
-1.597382343056918119e-01
-2.864622491236906709e-01
-2.720067139340483220e-03
4.564202020856732434e-01
-4.500493278250656259e-01
5.034131904653126321e-01
-1.972823074473150362e-01
-3.048824346823029163e-01
8.845263195677237344e-03
4.564202020856732434e-01
-4.500493278250656259e-01
5.034131904653126321e-01
-1.968689774292852745e-01
-3.417282046952689334e-01
-1.454190240979554363e-02
6.550679600114660550e-01
-7.635662857932610237e-01
4.497346211822251805e-01
-1.796048728323224042e-01
-2.776746451291948192e-01
-2.171611966024798376e-02
6.550679600114660550e-01
-7.635662857932610237e-01
4.497346211822251805e-01
-1.742181012171266363e-01
-3.068526084464121007e-01
-5.372190465038442775e-02
0.000000000000000000e+00
0.000000000000000000e+00
0.000000000000000000e+00
0.000000000000000000e+00
0.000000000000000000e+00
0.000000000000000000e+00
-7.400101793095282821e-01
-1.328241482220769771e-09
3.984725112390857700e-09
0.000000000000000000e+00
-0.000000000000000000e+00
0.000000000000000000e+00
-7.400101836186712134e-01
1.937248567309919345e-01
-5.433875498742094523e-01
0.000000000000000000e+00
0.000000000000000000e+00
0.000000000000000000e+00
6.381456670103333728e-01
7.973092531812314698e-01
-3.282017341772881514e-01
-4.986146015197433223e-02
7.953092124814217789e-02
9.625745863913509615e-02
7.165696179925199472e-01
8.617448095622586290e-01
-1.011205495015549793e+00
-9.972292030394866447e-02
1.590618427527619450e-01
1.925149173697078830e-01
-5.021688935091024319e-01
-9.323188886686983867e-01
-1.320398206225036564e+00
-2.879555200726251485e-01
2.898685479121869135e-01
1.706007139836162034e-01
-4.793013385270077920e-01
-1.139186215993574169e+00
-2.102051635691882248e-01
-3.864875143907343102e-01
3.587237151333422247e-01
1.594561438445631085e-01
-2.783132835981938502e+00
8.193646990146106202e-01
2.021944488193372913e-01
-3.845122605618358502e-01
3.355404135069751659e-01
2.805918734218046939e-01
-2.783132835981938058e+00
8.193646990146110642e-01
2.021944488193368472e-01
-3.845122607587083685e-01
3.355404129816317305e-01
2.805918728408061114e-01
-4.390534107632219296e+00
-2.156642568098719792e+00
2.315805517604370145e+00
-3.688418598105559498e-01
3.704319968378122496e-01
3.548959668209912266e-01
-4.390534107632219296e+00
-2.156642568098719792e+00
2.315805517604370145e+00
-2.344916695983103316e-01
2.062999474782383491e-01
4.567589800413887624e-01
-4.614633501191675258e+00
-2.394381292200728151e+00
5.233276477078093514e+00
-3.804533114526340576e-01
2.935768934440957656e-01
5.065131180358392049e-01
-4.614633501191675258e+00
-2.394381292200728151e+00
5.233276477078093514e+00
-2.809929876254984027e-01
5.020390080438030811e-03
4.621926331463754312e-01
-2.297826036271914951e+00
1.504584092694115194e+00
-3.409001034279760534e-01
-4.109942610346792868e-01
2.120980810766537050e-01
4.163095681419523575e-01
-2.297826036271914951e+00
1.504584092694115194e+00
-3.409001034279760534e-01
-4.691053261248477324e-01
1.367090276324509079e-01
4.752709693916112865e-01
0.000000000000000000e+00
0.000000000000000000e+00
0.000000000000000000e+00
0.000000000000000000e+00
0.000000000000000000e+00
0.000000000000000000e+00
-7.397674068482075205e-01
-1.327805730844798104e-09
3.983417858044539100e-09
0.000000000000000000e+00
-0.000000000000000000e+00
0.000000000000000000e+00
-7.397674111092894522e-01
1.902748856237749253e-01
-5.377635072121714765e-01
0.000000000000000000e+00
0.000000000000000000e+00
0.000000000000000000e+00
6.431816573659354663e-01
7.967922610356843460e-01
-3.231617070090421762e-01
-4.932501011015102965e-02
7.861762939098466962e-02
9.567029890001317594e-02
7.202722395216824003e-01
8.641394866664281471e-01
-1.010292985823251000e+00
-9.865002022030203155e-02
1.572352590385801552e-01
1.913405978908220284e-01
-5.022955217813720452e-01
-9.277229347278247440e-01
-1.323079541458342279e+00
-2.868198647334094797e-01
2.885304370352401171e-01
1.694893449257205420e-01
-4.807471298099142976e-01
-1.136720786298538011e+00
-2.100168946370230549e-01
-3.853132921359073149e-01
3.576663772822626375e-01
1.584044559130793339e-01
-2.783392763434676453e+00
8.198490535299369775e-01
2.019430240308304758e-01
-3.833614915912559873e-01
3.344762898491700498e-01
2.794534408312311924e-01
-2.783392763434676009e+00
8.198490535299374216e-01
2.019430240308300317e-01
-3.833614917881876805e-01
3.344762893237256951e-01
2.794534402501088755e-01
-4.363973536694857103e+00
-2.108054801319695137e+00
2.281263715264969072e+00
-3.677042879539437759e-01
3.693596051086599497e-01
3.536381984980819793e-01
-4.363973536694857103e+00
-2.108054801319695137e+00
2.281263715264969072e+00
-2.362347536467118148e-01
2.045056709832248909e-01
4.527974669926141393e-01
-2.490204963727355558e+00
1.334535599837794129e+00
-6.037484014867009474e-01
-3.793354408503420427e-01
2.925129240355287541e-01
5.053077700986857712e-01
-2.490204963727355558e+00
1.334535599837794129e+00
-6.037484014867009474e-01
-4.327920206770222711e-01
2.340245408195948396e-01
5.965096858537879410e-01
-2.298242759094754284e+00
1.505165296406015152e+00
-3.411694141798877755e-01
-4.098855849588874389e-01
2.110184267570488492e-01
4.150849775095720173e-01
-2.298242759094754284e+00
1.505165296406015152e+00
-3.411694141798877755e-01
-4.680142104621706212e-01
1.356235614380469912e-01
4.740350387336414451e-01
