-2.221441471072811424e+00
nan
-2.221441467085554233e+00
2.610459999999999864e-02
2.799937000000000120e-01
-1.333499999999999686e-01
1.449609883098329943e+00
-1.033284442781066348e+00
-1.449609889049390254e+00
8.860460000000003333e-02
2.799937001121810543e-01
-1.333500001121810108e-01
-1.757107258236695613e-01
-3.074849715048821874e+00
-5.155830191661485706e-01
2.073546000000000833e-01
2.799937003253250012e-01
-1.333500007516129071e-01
-1.115041271894485098e+00
-7.376937036194350927e-01
-1.212873791648552579e+00
1.840016169093763587e-01
8.746741751502670748e-02
-1.997824371665006815e-01
-1.980898077831470649e+00
9.048071980558171079e-01
-1.532419867552627268e+00
1.606486338187526342e-01
-1.050588654152922463e-01
-2.662148732335594126e-01
-4.351620335705156939e-01
-1.048721515390828030e+00
-2.756544745045801381e+00
1.056985787567944202e-01
-2.435781729519061745e-01
-4.107698554661505796e-01
4.112830316356476668e-01
9.127678646041043065e-01
-1.522500648974155713e+00
8.370043408543968722e-02
-3.130554540601478974e-01
-4.846146355174481002e-01
-1.627169618264268092e+00
-4.431331916718589392e-01
2.263325245058759982e+00
1.823115716437068989e-01
-3.063529706877138881e-01
-5.161579829318674317e-01
-1.627169618605033952e+00
-4.431331847870038643e-01
2.263325247170735466e+00
1.823115717303260275e-01
-3.063529708106219607e-01
-5.161579826871940391e-01
6.555578952328643405e-01
-3.090257702123398453e-01
1.429866860323146804e+00
2.897651151172453421e-01
-3.283758127426323337e-01
-5.619803727600956034e-01
6.555578952328643405e-01
-3.090257702123398453e-01
1.429866860323146804e+00
3.213852721878922014e-01
-3.485236857299973123e-01
-5.843180092850870366e-01
-3.829627930212137210e-01
-2.746641241362504093e+00
-3.037659018025879454e-01
2.866632691965950719e-01
-2.648352889267046040e-01
-5.584062365788533544e-01
-3.829627930212137210e-01
-2.746641241362504093e+00
-3.037659018025879454e-01
2.980574784043501513e-01
-3.042628715497653347e-01
-5.732513990785239599e-01
-1.288666153614769216e+00
2.646934872037291608e+00
1.089173162832985708e+00
3.001239518047375543e-01
-2.839372807236233420e-01
-5.204499780420415167e-01
-1.288666153614769216e+00
2.646934872037291608e+00
1.089173162832985708e+00
3.414235137546192678e-01
-2.821468125159568574e-01
-5.344457463651890450e-01
-2.221441471072811424e+00
nan
-2.221441467085554233e+00
2.610459999999999864e-02
2.799937000000000120e-01
1.333500000000000241e-01
1.450024293012001531e+00
-1.032941188994106030e+00
-1.450024298965909564e+00
8.860460000000003333e-02
2.799937001121810543e-01
1.333499998878189818e-01
-1.759960906178889284e-01
-3.074619009779973933e+00
-5.164677643896865566e-01
2.073546000000000833e-01
2.799937003253250012e-01
1.333499992483870855e-01
-1.114912279259969941e+00
-7.365783323373675806e-01
-1.212361402757963891e+00
1.839621940866287830e-01
8.751053767378580428e-02
6.680657401910379545e-02
-1.982794033216763951e+00
9.037305306589276110e-01
-1.532157504861649810e+00
1.605697881732574828e-01
-1.049726250979772790e-01
2.631491375793548748e-04
-4.358411244733489953e-01
-1.050712963737758132e+00
-2.755801827147902117e+00
1.055679213900971442e-01
-2.437084660493141763e-01
-1.440642948427423020e-01
4.102077569245000110e-01
9.117068531003712506e-01
-1.522735161439730867e+00
8.354247727995164907e-02
-3.132924564829920877e-01
-2.178003822564143765e-01
-1.627117864072020970e+00
-4.429989581108674801e-01
2.263289730643077036e+00
1.821530623410820837e-01
-3.066014186076655434e-01
-2.493478865325456373e-01
-1.627117864412352510e+00
-4.429989512261402473e-01
2.263289732754989458e+00
1.821530624276977706e-01
-3.066014187305770577e-01
-2.493478862878727442e-01
6.559003034379733421e-01
-3.071929635605659126e-01
1.425021074650128616e+00
2.896023617438057141e-01
-3.286370078333920031e-01
-2.951741001237263018e-01
6.559003034379733421e-01
-3.071929635605659126e-01
1.425021074650128616e+00
3.210753427187411635e-01
-3.489325801642076952e-01
-3.175857563973260578e-01
1.360472733008808666e+00
-2.592408120429154472e+00
-5.656132463571550417e-01
2.865075464428711305e-01
-2.650960622575536663e-01
-2.916013675642623593e-01
1.360472733008808666e+00
-2.592408120429154472e+00
-5.656132463571550417e-01
3.279471146558113337e-01
-2.635232660714978414e-01
-3.052039269959357926e-01
-1.288145140340821060e+00
2.647307153081880582e+00
1.089206465879168029e+00
2.999676969444836638e-01
-2.841985992909397130e-01
-2.536451947281865293e-01
-1.288145140340821060e+00
2.647307153081880582e+00
1.089206465879168029e+00
3.412648065735285896e-01
-2.824236497146676017e-01
-2.676501729466037038e-01
0.000000000000000000e+00
0.000000000000000000e+00
0.000000000000000000e+00
0.000000000000000000e+00
0.000000000000000000e+00
0.000000000000000000e+00
4.046128462601120690e-01
7.262380730269717587e-10
-2.178714583079047015e-09
0.000000000000000000e+00
-0.000000000000000000e+00
0.000000000000000000e+00
4.046128395275340184e-01
2.939624686665516795e-01
-8.519257200255007101e-01
0.000000000000000000e+00
0.000000000000000000e+00
0.000000000000000000e+00
5.139057757583209707e-01
1.194993513882447012e+00
-5.410191445975399693e-01
-1.835467351150505966e-01
4.677442366878310082e-02
-7.103370541150774709e-02
-1.636593032632985389e+00
1.253922552487112263e+00
4.416446495683457041e-02
-3.670934702301012487e-01
9.354884719683009831e-02
-1.420674108715774264e-01
-1.691290366885206620e+00
1.081170617063141659e+00
-1.394470476316423957e-01
-5.422365914223752359e-01
-1.454556693385735677e-01
1.535354360305885013e-01
-1.562891453353189464e+00
6.999721295884178129e-01
1.809560556902787554e-01
-6.317637995653465621e-01
-2.672810581562957144e-01
2.948254399349061194e-01
-2.681275285062167058e+00
6.239568937466806187e-01
5.387003275178746664e-01
-6.550561185837702194e-01
-2.987356037407666309e-01
2.153251379980904434e-01
-2.681275285062166169e+00
6.239568937466803966e-01
5.387003275178748884e-01
-6.550561183648939689e-01
-2.987356030380682315e-01
2.153251382735943409e-01
-3.639437429285748316e+00
3.679083249015492108e+00
-3.573262688938268816e+00
-6.717836023771819320e-01
-3.637127860275274349e-01
2.073280608989480356e-01
-3.639437429285748316e+00
3.679083249015492108e+00
-3.573262688938268816e+00
-8.259592695460927780e-01
-5.579963439572717121e-01
1.643217937598037137e-01
-3.316951821603065120e+00
1.146669965410904268e+00
-1.337489594123010272e+00
-7.037827964580037898e-01
-3.558005084326802403e-01
3.889384293692688122e-02
-3.316951821603065120e+00
1.146669965410904268e+00
-1.337489594123010272e+00
-7.735392799077892567e-01
-4.202808334765893439e-01
1.566078374617524971e-01
-2.398577427848334054e+00
3.770385627598291101e-02
1.297903394939950550e+00
-6.698094780458849762e-01
-2.467780563748764033e-01
8.171265572957875367e-02
-2.398577427848334054e+00
3.770385627598291101e-02
1.297903394939950550e+00
-6.726610272484753184e-01
-2.267451486958885210e-01
7.586092635337043921e-02
0.000000000000000000e+00
0.000000000000000000e+00
0.000000000000000000e+00
0.000000000000000000e+00
0.000000000000000000e+00
0.000000000000000000e+00
4.058449019730696605e-01
7.284494851833346394e-10
-2.185348820656518593e-09
0.000000000000000000e+00
-0.000000000000000000e+00
0.000000000000000000e+00
4.058448952280194200e-01
2.950070447811321550e-01
-8.533358274799386356e-01
0.000000000000000000e+00
0.000000000000000000e+00
0.000000000000000000e+00
5.156470480544272927e-01
1.198508195258966680e+00
-5.409861129831833315e-01
-1.838835581037118194e-01
4.696788749712537542e-02
-7.121738444064730500e-02
-1.640817899248883105e+00
1.256964078983105360e+00
4.799963955948527428e-02
-3.677671162074236388e-01
9.393577485311457864e-02
-1.424347689300868580e-01
-1.696642184334979708e+00
1.080600937337821366e+00
-1.388871421248910609e-01
-5.425222585424881450e-01
-1.455193483633281937e-01
1.543408529936592111e-01
-1.568033427940184410e+00
6.995443333981701262e-01
1.822958095844730564e-01
-6.318658652863047287e-01
-2.675640537906861516e-01
2.962007020685037961e-01
-2.681343678145082787e+00
6.240027382490915819e-01
5.384660899988704674e-01
-6.551544913019702321e-01
-2.990552986264286006e-01
2.167264550197859907e-01
-2.681343678145082787e+00
6.240027382490913599e-01
5.384660899988710225e-01
-6.551544910831099688e-01
-2.990552979237370845e-01
2.167264552953058199e-01
-3.644935922196865796e+00
3.696975470317144907e+00
-3.597545081479789797e+00
-6.718847564952564744e-01
-3.640733226099646114e-01
2.087627858341437603e-01
-3.644935922196865796e+00
3.696975470317144907e+00
-3.597545081479789797e+00
-8.277543364024773087e-01
-5.589878415434230696e-01
1.663840078421842117e-01
-2.371059862134065721e+00
3.688543749182741083e-01
1.454229851135578233e+00
-7.038700061141718312e-01
-3.561600518423057582e-01
4.031884633316746430e-02
-2.371059862134065721e+00
3.688543749182741083e-01
1.454229851135578233e+00
-7.111745768341448670e-01
-3.281498774196131007e-01
2.130448639502571448e-02
-2.398678590208263461e+00
3.773733790989824977e-02
1.297671812070825048e+00
-6.698991819055788444e-01
-2.471386731503121825e-01
8.314014247391823820e-02
-2.398678590208263461e+00
3.773733790989824977e-02
1.297671812070825048e+00
-6.727309945340034236e-01
-2.271420194735522813e-01
7.732416594584173852e-02
