-2.221441471072811424e+00
nan
-2.221441467085554233e+00
2.610459999999999864e-02
2.799937000000000120e-01
-1.333499999999999686e-01
1.512967822029791520e+00
-9.790397037763092225e-01
-1.512967828419378602e+00
8.860460000000003333e-02
2.799937001121810543e-01
-1.333500001121810108e-01
-1.445126797824936249e+00
-2.493502012224232622e+00
-5.342483133027090547e-01
2.073546000000000833e-01
2.799937003253250012e-01
-1.333500007516129071e-01
-1.255991468332573024e+00
6.943643328898947420e-01
-9.731002478505206277e-01
2.948138733495847541e-02
1.870274270430910546e-01
-1.751039496454587230e-01
-2.961892312447427678e+00
7.273065173880757239e-01
-3.157973321993349236e-01
-1.483918253300831047e-01
9.406115361010475295e-02
-2.168578982036503677e-01
7.012426437539507340e-01
1.852667704916090230e+00
2.225175098008400631e+00
-2.441161879897674469e-01
-8.962887780172296148e-02
-2.309315883138877146e-01
-7.323724941637305141e-02
3.409575722836695744e-01
-2.224269942228783492e+00
-2.907889241011668013e-01
-1.814256883410136356e-01
-2.435436372627799717e-01
3.431041915707043755e-01
-1.423717155405890500e+00
-1.509549412403399682e+00
-2.119637594440997030e-01
-2.428383234639893418e-01
-2.714567912235655855e-01
3.431041910431005815e-01
-1.423717158193454901e+00
-1.509549407120381437e+00
-2.119637593098471773e-01
-2.428383232385831758e-01
-2.714567913403673760e-01
-1.477528594840122222e+00
-1.698260942944573193e+00
-1.764188873065805518e+00
-1.094049662458483063e-01
-3.027644703014431005e-01
-2.760948780812936265e-01
-1.477528594840122222e+00
-1.698260942944573193e+00
-1.764188873065805518e+00
-1.265103542093608535e-01
-3.036338258817705693e-01
-3.162370136510745944e-01
1.026418906325188063e+00
1.698090083643208903e-01
-1.163492314376967096e+00
-1.475472912203196763e-01
-3.332264932983131089e-01
-3.170463403853429618e-01
1.026418906325188063e+00
1.698090083643208903e-01
-1.163492314376967096e+00
-1.877512044818597792e-01
-3.174160954288837155e-01
-3.232445499880350903e-01
8.852025247376780204e-01
-1.008523341164815568e+00
4.362822124244506439e-01
-1.266815517857068363e-01
-2.982481318951941129e-01
-3.351540398637317120e-01
8.852025247376780204e-01
-1.008523341164815568e+00
4.362822124244506439e-01
-1.141372531023079617e-01
-3.177036732588449652e-01
-3.721521966475357934e-01
-2.221441471072811424e+00
nan
-2.221441467085554233e+00
2.610459999999999864e-02
2.799937000000000120e-01
1.333500000000000241e-01
1.511422217571221305e+00
-9.804062485821553041e-01
-1.511422223950032784e+00
8.860460000000003333e-02
2.799937001121810543e-01
1.333499998878189818e-01
-1.446549992001183282e+00
-2.494413979190054587e+00
-5.315669414468731091e-01
2.073546000000000833e-01
2.799937003253250012e-01
1.333499992483870855e-01
-1.255358660662764914e+00
6.971774344858133743e-01
-9.697592340016985002e-01
2.942669781087264846e-02
1.870227643221577807e-01
9.184016088118433785e-02
-2.959801737469212490e+00
7.289656979260215053e-01
-3.103559537878238239e-01
-1.485012043782548141e-01
9.405182816897891818e-02
5.033032284996746125e-02
7.014314799537741951e-01
1.849943850820433555e+00
2.225403445719317919e+00
-2.444520583158116267e-01
-8.949743208980628917e-02
3.596534157234586998e-02
-7.107153600038283725e-02
3.418079887401945793e-01
-2.224224826359853413e+00
-2.912537195908415644e-01
-1.812079959820452058e-01
2.320448452961806213e-02
3.433805570808096119e-01
-1.423783329669878528e+00
-1.509335636791222068e+00
-2.124090518744507494e-01
-2.426024992287731108e-01
-4.693469584966251246e-03
3.433805565531317661e-01
-1.423783332457759343e+00
-1.509335631508314179e+00
-2.124090517402327793e-01
-2.426024990033382456e-01
-4.693469701752321643e-03
-1.481718555175689511e+00
-1.690577836536414802e+00
-1.760334261201589756e+00
-1.098350461498444758e-01
-3.025040841437501848e-01
-9.312393815546875231e-03
-1.481718555175689511e+00
-1.690577836536414802e+00
-1.760334261201589756e+00
-1.271997850841005140e-01
-3.032090806877941747e-01
-4.934625381215501649e-02
7.137500317430114372e-01
-6.853216413333322876e-01
5.388595711033613567e-01
-1.479631152730518651e-01
-3.329765487644818500e-01
-5.026936281026355563e-02
7.137500317430114372e-01
-6.853216413333322876e-01
5.388595711033613567e-01
-1.406691676806948732e-01
-3.612898906402301491e-01
-8.267143257373621434e-02
8.851378694330208630e-01
-1.008717251143723903e+00
4.368373941737663246e-01
-1.271027428256449321e-01
-2.979937178310351209e-01
-6.837461150331813897e-02
8.851378694330208630e-01
-1.008717251143723903e+00
4.368373941737663246e-01
-1.145370647588922208e-01
-3.174525429732298898e-01
-1.053637853710624878e-01
0.000000000000000000e+00
0.000000000000000000e+00
0.000000000000000000e+00
0.000000000000000000e+00
0.000000000000000000e+00
0.000000000000000000e+00
-5.887147755824921891e-01
-1.056681932206076249e-09
3.170046326238284719e-09
0.000000000000000000e+00
-0.000000000000000000e+00
0.000000000000000000e+00
-5.887147816756065355e-01
3.354315261593746045e-01
-7.468471518648965857e-01
0.000000000000000000e+00
0.000000000000000000e+00
0.000000000000000000e+00
6.589226845216336059e-01
9.875151316101384857e-01
-4.539767988625503792e-01
-8.343718722097326346e-02
1.082629353648103948e-01
1.143949024656509689e-01
7.318994882922624790e-01
9.955955856921205882e-01
-7.828517577716144205e-01
-1.668743744419465547e-01
2.165258709272254167e-01
2.287898050200520839e-01
-3.231994324443572264e-01
-1.079592710444940318e+00
-1.067963802681352492e+00
-3.246881421659700284e-01
3.017643830869933819e-01
1.896499179325191464e-01
-2.490495382827659365e-01
-1.174859062493428086e+00
-6.489701142263377687e-01
-4.091079369145316225e-01
3.475329687638243348e-01
1.689310493166329696e-01
-2.780138484517244102e+00
7.971107092879611278e-01
2.473258246499809854e-01
-4.161688798516262611e-01
2.894260345464681472e-01
2.768342967886300854e-01
-2.780138484517243658e+00
7.971107092879610168e-01
2.473258246499807078e-01
-4.161688800004789135e-01
2.894260342549470622e-01
2.768342960549556309e-01
-4.600007005238445856e+00
-2.613584147435076055e+00
1.096674351131286640e+00
-4.050446648718599718e-01
3.018969488816289903e-01
3.616865714502912610e-01
-4.600007005238445856e+00
-2.613584147435076055e+00
1.096674351131286640e+00
-2.991764157355326637e-01
9.848380380967113046e-02
3.209792423926776106e-01
-4.343768688869560357e+00
-2.267107335351836284e+00
2.573408288560639079e+00
-4.301534690772121916e-01
1.786126305545053528e-01
4.767788696144315552e-01
-4.343768688869560357e+00
-2.267107335351836284e+00
2.573408288560639079e+00
-4.567880715435315708e-01
4.822795813546063015e-02
3.169555717255478355e-01
-2.237616225901390088e+00
1.602297545798742284e+00
7.860258824505805819e-03
-4.532383623309352294e-01
1.334313545811615653e-01
3.629018765917260136e-01
-2.237616225901390088e+00
1.602297545798742284e+00
7.860258824505805819e-03
-5.123674925540124825e-01
5.074228006770137300e-02
3.863362126365504912e-01
0.000000000000000000e+00
0.000000000000000000e+00
0.000000000000000000e+00
0.000000000000000000e+00
0.000000000000000000e+00
0.000000000000000000e+00
-5.914399106110914683e-01
-1.061573266799629704e-09
3.184720332470533471e-09
0.000000000000000000e+00
-0.000000000000000000e+00
0.000000000000000000e+00
-5.914399166651006512e-01
3.315858031773419867e-01
-7.426634886739958974e-01
0.000000000000000000e+00
0.000000000000000000e+00
0.000000000000000000e+00
6.640453298119755043e-01
9.876022978101370864e-01
-4.497640131524417995e-01
-8.281019277214955732e-02
1.075899812275425554e-01
1.139850889970309700e-01
7.377871462312506345e-01
9.968262258141936671e-01
-7.865102992555881301e-01
-1.656203855442991146e-01
2.151799626538005994e-01
2.279701780827847468e-01
-3.211924036396971438e-01
-1.078305490094150443e+00
-1.075249764456693402e+00
-3.243031592294411958e-01
3.012445960405393808e-01
1.881962207578222190e-01
-2.463897702171190529e-01
-1.175724987419277445e+00
-6.494547268511828841e-01
-4.091548192452816868e-01
3.474693809566410385e-01
1.671864689151309202e-01
-2.780330115863034912e+00
7.973952415742514566e-01
2.471404780983514349e-01
-4.162274478311559500e-01
2.893895683173998701e-01
2.750130924216170336e-01
-2.780330115863034468e+00
7.973952415742517896e-01
2.471404780983510463e-01
-4.162274479799945581e-01
2.893895680258667946e-01
2.750130916878087972e-01
-4.577239345210886157e+00
-2.571933036096340608e+00
1.085886091200189085e+00
-4.051064496990766650e-01
3.018976229914691611e-01
3.597672488746435637e-01
-4.577239345210886157e+00
-2.571933036096340608e+00
1.085886091200189085e+00
-3.013764966698229686e-01
9.979693538829946531e-02
3.183332410660780765e-01
-2.403881096052286725e+00
1.535352023294623391e+00
-3.129540887351808243e-01
-4.302343624095650299e-01
1.786007394089135780e-01
4.748939008534940887e-01
-2.403881096052286725e+00
1.535352023294623391e+00
-3.129540887351808243e-01
-4.888437218856186428e-01
9.842734570948608042e-02
5.317570309609408463e-01
-2.237961365201034614e+00
1.602705384650126019e+00
7.741831977581492552e-03
-4.533170751270509946e-01
1.334176136323859119e-01
3.609961207440586239e-01
-2.237961365201034614e+00
1.602705384650126019e+00
7.741831977581492552e-03
-5.124491763039125125e-01
5.073455295394763143e-02
3.844051397251284641e-01
