-2.221441471072811424e+00
nan
-2.221441467085554233e+00
2.610459999999999864e-02
2.799937000000000120e-01
-1.333499999999999686e-01
1.467106168537037902e+00
-1.018662203609179473e+00
-1.467106174608555857e+00
8.860460000000003333e-02
2.799937001121810543e-01
-1.333500001121810108e-01
-1.554414678188402510e+00
-2.469946371955000775e+00
-4.455895955651076878e-01
2.073546000000000555e-01
2.799937003253250012e-01
-1.333500007516129071e-01
-1.238328352642031005e+00
8.198475299003085137e-01
-9.237921821899679475e-01
2.252999902094046658e-02
1.969002535776833707e-01
-1.643394502550852010e-01
-2.897053011446094839e+00
8.616877357709706864e-01
-1.528245749792798147e-01
-1.622946019581190669e-01
1.138068067014652990e-01
-1.953288994137994672e-01
6.556974376552137107e-01
1.754483097140319359e+00
2.103614609291710291e+00
-2.751929361128031548e-01
-5.954592916530966618e-02
-2.128230445087006539e-01
5.067170840858663261e-02
2.433269791174446361e-01
-2.271550658058506311e+00
-3.309599750664970474e-01
-1.458413981456208597e-01
-2.272172065129765550e-01
1.229246071285217679e-01
-1.536422721665985147e+00
-1.272017464491473460e+00
-2.526318394075731666e-01
-2.118606981101479048e-01
-2.436555061936314659e-01
1.229246066325817843e-01
-1.536422723602747009e+00
-1.272017458957172442e+00
-2.526318392900092635e-01
-2.118606979246011046e-01
-2.436555063786327302e-01
1.251907212784365564e+00
2.386932526910121588e+00
1.596300984421841873e+00
-1.488939365821449479e-01
-2.698034985724037660e-01
-2.401855813041285648e-01
1.251907212784365564e+00
2.386932526910121588e+00
1.596300984421841873e+00
-1.539440496585044171e-01
-2.907103149956019594e-01
-2.781611327757355645e-01
6.995402034213190623e-01
-9.677650620361796796e-02
-7.051141097399677982e-01
-1.891149988240009294e-01
-3.107416325519370415e-01
-2.678646239676769070e-01
6.995402034213190623e-01
-9.677650620361796796e-02
-7.051141097399677982e-01
-2.282667645461011474e-01
-3.150660857638543644e-01
-2.866576936974926104e-01
6.954111297167548944e-01
-8.027381822466418404e-01
4.496275320678733145e-01
-1.708377433774359300e-01
-2.819434834352203545e-01
-2.965589120716247140e-01
6.954111297167548944e-01
-8.027381822466418404e-01
4.496275320678733145e-01
-1.642852524260524361e-01
-3.095725708681897892e-01
-3.297016264227964899e-01
-2.221441471072811424e+00
nan
-2.221441467085554233e+00
2.610459999999999864e-02
2.799937000000000120e-01
1.333500000000000241e-01
1.465421899224873759e+00
-1.020081465056164483e+00
-1.465421905284775006e+00
8.860460000000003333e-02
2.799937001121810543e-01
1.333499998878189818e-01
-1.555232611098718909e+00
-2.471441143045564282e+00
-4.428208253091631130e-01
2.073546000000000833e-01
2.799937003253250012e-01
1.333499992483870855e-01
-1.237121114434621916e+00
8.224401248903109307e-01
-9.197984976122398626e-01
2.253631103875766706e-02
1.968143420679638878e-01
1.025539861081722348e-01
-2.893993183921407475e+00
8.634937273326439566e-01
-1.471997403211275646e-01
-1.622819779224848047e-01
1.136349836828478010e-01
7.175797331302066762e-02
6.564912820023244278e-01
1.751394650316172363e+00
2.103620466083378382e+00
-2.754665966648660591e-01
-5.949741977621123001e-02
5.393487165726384980e-02
5.286758619380638180e-02
2.442647444040995375e-01
-2.271351425338330898e+00
-3.313919352078167346e-01
-1.456626835156822897e-01
3.937580803477234992e-02
1.231186096767998284e-01
-1.536431813200597629e+00
-1.271794446774261012e+00
-2.530465196862939359e-01
-2.116631253651931333e-01
2.294413001853545450e-02
1.231186091809586408e-01
-1.536431815137515144e+00
-1.271794441240031270e+00
-2.530465195687671143e-01
-2.116631251796247115e-01
2.294412983353238261e-02
1.269805513997004587e+00
2.383990225481278369e+00
1.599749113422162416e+00
-1.492943427157388814e-01
-2.695799097303011038e-01
2.642160747235389878e-02
1.269805513997004587e+00
2.383990225481278369e+00
1.599749113422162416e+00
-1.548505769178629143e-01
-2.902512428272999156e-01
-1.161213247120237990e-02
5.010778112372467064e-01
-4.871981043156551339e-01
5.114253860514503813e-01
-1.895038167879952717e-01
-3.105292150055361522e-01
-1.257746867445050376e-03
5.010778112372467064e-01
-4.871981043156551339e-01
5.114253860514503813e-01
-1.879899062875341476e-01
-3.461490422944971668e-01
-2.643069074596631277e-02
6.953571601380615919e-01
-8.028095067904660320e-01
4.501612762864738437e-01
-1.712323158593835881e-01
-2.817276924596541221e-01
-2.995231398135691364e-02
6.953571601380615919e-01
-8.028095067904660320e-01
4.501612762864738437e-01
-1.646599718281077374e-01
-3.093605118965738754e-01
-6.308798522114235363e-02
0.000000000000000000e+00
0.000000000000000000e+00
0.000000000000000000e+00
0.000000000000000000e+00
0.000000000000000000e+00
0.000000000000000000e+00
-7.200619156833000245e-01
-1.292436419010214406e-09
3.877309904813318586e-09
0.000000000000000000e+00
-0.000000000000000000e+00
0.000000000000000000e+00
-7.200619202963004506e-01
2.158668137444600121e-01
-5.788136612458981700e-01
0.000000000000000000e+00
0.000000000000000000e+00
0.000000000000000000e+00
6.440509297345942130e-01
8.291446892911837896e-01
-3.500935363877860640e-01
-5.478521586155294526e-02
8.466468146260618111e-02
9.972992454408594054e-02
7.259189946088256962e-01
8.807739956899414135e-01
-9.768000363648760009e-01
-1.095704317231058628e-01
1.693293631734593963e-01
1.994598491807549334e-01
-4.724595205996191538e-01
-9.736302891011521243e-01
-1.286116342448065941e+00
-2.943097784981379972e-01
2.923077923001203282e-01
1.730577223278155774e-01
-4.275371677583433283e-01
-1.169738971729268107e+00
-2.844530067369758219e-01
-3.912811993193444082e-01
3.572300335884305289e-01
1.595323599733725062e-01
-2.783326796446669249e+00
8.158512751123410123e-01
2.099437402433155797e-01
-3.908320679314974400e-01
3.279213757999176471e-01
2.793815373607352326e-01
-2.783326796446668805e+00
8.158512751123412343e-01
2.099437402433150801e-01
-3.908320681213852676e-01
3.279213753096806294e-01
2.793815367483833412e-01
-4.458391548228968659e+00
-2.310175099530644260e+00
2.153681832121979500e+00
-3.758363970366344065e-01
3.593584340506963404e-01
3.560205862508889485e-01
-4.458391548228968659e+00
-2.310175099530644260e+00
2.153681832121979500e+00
-2.430795929378322673e-01
1.791722195476324053e-01
4.375647144136308175e-01
-4.597253054467351774e+00
-2.465191465538055571e+00
4.743909342161564346e+00
-3.898236743213339683e-01
2.738744526616372910e-01
5.027791964690386806e-01
-4.597253054467351774e+00
-2.465191465538055571e+00
4.743909342161564346e+00
-3.229803452203754977e-01
1.745528272231899880e-03
4.261432034875600738e-01
-2.286840247135858206e+00
1.528358799342866226e+00
-2.858728934715418779e-01
-4.192799369970289236e-01
1.978460670467927784e-01
4.077130141827801646e-01
-2.286840247135858206e+00
1.528358799342866226e+00
-2.858728934715418779e-01
-4.778323032781904289e-01
1.201807944214878243e-01
4.608817661129688825e-01
0.000000000000000000e+00
0.000000000000000000e+00
0.000000000000000000e+00
0.000000000000000000e+00
0.000000000000000000e+00
0.000000000000000000e+00
-7.204142519013261303e-01
-1.293068825960220827e-09
3.879207125980307255e-09
0.000000000000000000e+00
-0.000000000000000000e+00
0.000000000000000000e+00
-7.204142564656677017e-01
2.122120364161200756e-01
-5.731800433949341134e-01
0.000000000000000000e+00
0.000000000000000000e+00
0.000000000000000000e+00
6.492372512415445218e-01
8.286376848874350554e-01
-3.449569297987720162e-01
-5.421203283749964630e-02
8.374826797846753046e-02
9.914426099967632577e-02
7.301218641365145867e-01
8.829428876660625480e-01
-9.770526357200577383e-01
-1.084240656749992648e-01
1.674965362055235718e-01
1.982885220913891133e-01
-4.721513073145726658e-01
-9.694229201048275568e-01
-1.290040845551420290e+00
-2.933203176463211048e-01
2.910969024763326862e-01
1.718163230472062319e-01
-4.283331705226877117e-01
-1.167796404793826959e+00
-2.843195942762629103e-01
-3.903631373670418125e-01
3.563687925753947217e-01
1.582840599687441729e-01
-2.783573898419411385e+00
8.163264406515696736e-01
2.096538769226407584e-01
-3.899395017036574873e-01
3.270554230792073191e-01
2.780457330601562305e-01
-2.783573898419411385e+00
8.163264406515697846e-01
2.096538769226404253e-01
-3.899395018935855051e-01
3.270554225888775979e-01
2.780457324476724446e-01
-4.432528526898221521e+00
-2.262560341003804876e+00
2.123919275069074963e+00
-3.749582665302984008e-01
3.584872846930390322e-01
3.545657369630310640e-01
-4.432528526898221521e+00
-2.262560341003804876e+00
2.123919275069074963e+00
-2.450003921078665048e-01
1.781006544899083610e-01
4.336206954534390645e-01
-2.475353229081985962e+00
1.374065483281518896e+00
-5.610128339968201150e-01
-3.889684747297982303e-01
2.730096842994038653e-01
5.013752111354600194e-01
-2.475353229081985962e+00
1.374065483281518896e+00
-5.610128339968201150e-01
-4.435409282797143637e-01
2.098484331639254297e-01
5.874666534710712984e-01
-2.287240381196769423e+00
1.528937305239977951e+00
-2.861674571806478440e-01
-4.184309594309545410e-01
1.969669272615538758e-01
4.062885354235894475e-01
-2.287240381196769423e+00
1.528937305239977951e+00
-2.861674571806478440e-01
-4.770009369966252133e-01
1.192968909647096898e-01
4.594427339137422961e-01
