-2.221441471072811424e+00
nan
-2.221441467085554233e+00
2.610459999999999864e-02
2.799937000000000120e-01
-1.333499999999999686e-01
1.460159309084840595e+00
-1.024499957235620595e+00
-1.460159315108473743e+00
8.860460000000003333e-02
2.799937001121810543e-01
-1.333500001121810108e-01
-4.100335741038022008e-01
3.021765224344012069e+00
5.298353355324394443e-01
2.073546000000000833e-01
2.799937003253250012e-01
-1.333500007516129071e-01
-6.335793550556374498e-01
-1.206053197527926057e+00
-1.375221066372316781e+00
2.619830338060964992e-01
9.419328986154162919e-02
-2.005730748510812234e-01
-1.119506048286816657e+00
8.178987200171942140e-01
-1.295964651987244531e+00
3.166114676121928873e-01
-9.160712072742685508e-02
-2.677961486045456474e-01
-4.920998151876549986e-01
1.129578120890919329e-01
3.073294245543488845e+00
3.703176844558112024e-01
-1.092655868069582897e-01
-4.675636906329350695e-01
1.199578744648627460e+00
1.120069919244105483e+00
-1.246394976434445523e+00
4.025617750525887772e-01
-1.171345857821053937e-01
-5.658615033080701684e-01
-1.141839564855825495e+00
-1.272614900451807030e+00
1.062415966781800281e+00
5.061964183627353231e-01
-1.208939733064632593e-01
-5.627325719536936388e-01
-1.141839564823914577e+00
-1.272614896462898493e+00
1.062415971325846309e+00
5.061964183536791229e-01
-1.208939735905128765e-01
-5.627325719950231342e-01
4.121588014648141507e-01
-2.257470583309562961e+00
1.565137912714170021e+00
6.217183090271052315e-01
-1.233405808853730579e-01
-5.906551054248844190e-01
4.121588014648141507e-01
-2.257470583309562961e+00
1.565137912714170021e+00
6.592977997038623750e-01
-1.349083450660192307e-01
-5.717154687613555941e-01
-2.766884632750138961e-01
2.093480737014286941e+00
1.999591766636323431e+00
6.205266952408190484e-01
-1.068965061790934645e-01
-5.291086471352425269e-01
-2.766884632750138961e-01
2.093480737014286941e+00
1.999591766636323431e+00
6.546227728908436960e-01
-1.092673006612467634e-01
-5.562486166823309430e-01
-3.970199772883997169e-01
1.558159381390435083e+00
2.163343260858812123e+00
6.191421356173881785e-01
-1.509795551900001420e-01
-5.355523582981646102e-01
-3.970199772883997169e-01
1.558159381390435083e+00
2.163343260858812123e+00
6.586405671379599314e-01
-1.459060410534448737e-01
-5.534094153437943975e-01
-2.221441471072811424e+00
nan
-2.221441467085554233e+00
2.610459999999999864e-02
2.799937000000000120e-01
1.333500000000000241e-01
1.460220696144574948e+00
-1.024448556385604503e+00
-1.460220702168630869e+00
8.860460000000003333e-02
2.799937001121810543e-01
1.333499998878189818e-01
-4.100327570266580901e-01
3.021730512206780794e+00
5.299642866811647979e-01
2.073546000000000555e-01
2.799937003253250012e-01
1.333499992483870855e-01
-6.335939768732343769e-01
-1.205920115232747891e+00
-1.375141667661826661e+00
2.619835337348644932e-01
9.419924951763805621e-02
6.611086147832187510e-02
-1.119632298819717819e+00
8.179453415427716534e-01
-1.295915855637090441e+00
3.166124674697289310e-01
-9.159520141526394932e-02
-1.128275945750295550e-03
-4.919248690735448237e-01
1.130148484051358981e-01
3.073320854600661622e+00
3.702957927221046108e-01
-1.092613281904509931e-01
-2.009012935297341262e-01
1.199538526889848633e+00
1.120061712144615473e+00
-1.246434255695091142e+00
4.025286010723108654e-01
-1.171339679933139366e-01
-2.992025148262839607e-01
-1.141820192505302867e+00
-1.272593300771593050e+00
1.062424572789543165e+00
5.061633226635153804e-01
-1.208935707465030734e-01
-2.960764361561693536e-01
-1.141820192473335771e+00
-1.272593296782716044e+00
1.062424577333587639e+00
5.061633226544575148e-01
-1.208935710305525657e-01
-2.960764361974994596e-01
4.119147637543296159e-01
-2.257586581337917675e+00
1.565239298058569206e+00
6.216844428960364155e-01
-1.233403229116192407e-01
-3.240021442193772305e-01
4.119147637543296159e-01
-2.257586581337917675e+00
1.565239298058569206e+00
6.592591615364084001e-01
-1.349105782316285251e-01
-3.050545629611617349e-01
-4.866364359580160892e-01
1.965813044450629210e+00
1.869490252292322685e+00
6.204945491287653381e-01
-1.068964326327300207e-01
-2.624556033768695729e-01
-4.866364359580160892e-01
1.965813044450629210e+00
1.869490252292322685e+00
6.597516733276702627e-01
-1.091305277663527917e-01
-2.813930832296819839e-01
-3.967025409644685530e-01
1.558384538023539267e+00
2.163667830598665187e+00
6.191097253273843970e-01
-1.509794593381637018e-01
-2.688994103670850899e-01
-3.967025409644685530e-01
1.558384538023539267e+00
2.163667830598665187e+00
6.586000509148238757e-01
-1.459005400329971835e-01
-2.867728512305459110e-01
0.000000000000000000e+00
0.000000000000000000e+00
0.000000000000000000e+00
0.000000000000000000e+00
0.000000000000000000e+00
0.000000000000000000e+00
-3.932608681104766690e-01
-7.058624502244877564e-10
2.117587704459119354e-09
0.000000000000000000e+00
-0.000000000000000000e+00
0.000000000000000000e+00
-3.932608743933459494e-01
2.861892990003641613e-01
-7.910094899550673686e-01
-0.000000000000000000e+00
0.000000000000000000e+00
0.000000000000000000e+00
-6.751704802850111431e-01
1.245010866346860867e+00
-4.441053430060357687e-01
-1.662084123675756919e-01
-6.964781446176998569e-02
5.743395870517554319e-02
-1.082050362963200563e+00
1.171542018814075048e+00
-5.716905363206811197e-01
-3.324168247351514394e-01
-1.392956287874701771e-01
1.148679174595814839e-01
-1.437866621771740627e+00
1.258377086080165075e+00
5.130341157873457014e-01
-5.765480721602239678e-01
-3.861575060586380781e-01
7.105617738647290738e-02
-1.466610878707501175e+00
5.081269785546540518e-01
5.636647952209632439e-01
-6.962067223110680603e-01
-5.109543313887010552e-01
4.179552359111525506e-02
-2.672418702959144188e+00
5.518681347034021245e-01
5.272591126855441512e-01
-6.924977934767903021e-01
-4.479502066264320348e-01
-5.350475947158296608e-03
-2.672418702959144188e+00
5.518681347034014584e-01
5.272591126855441512e-01
-6.924977933498310811e-01
-4.479502067416568090e-01
-5.350475183060990347e-03
-2.595594603910791331e+00
1.117451180031648006e+00
7.202681362446010649e-01
-7.066173537985839248e-01
-4.616609377413928295e-01
-6.256496641283426641e-02
-2.595594603910791331e+00
1.117451180031648006e+00
7.202681362446010649e-01
-6.771213425126418883e-01
-3.854340093067373796e-01
-7.453298632796706569e-02
-2.639799056222714491e+00
1.421939860453168336e+00
4.922347830968821780e-01
-6.813221129032465129e-01
-2.978113207348801472e-01
-1.058528055332287332e-01
-2.639799056222714491e+00
1.421939860453168336e+00
4.922347830968821780e-01
-7.187465299060465940e-01
-3.526721113446829037e-01
-1.480769563924188015e-01
-2.687100199716773830e+00
-1.360039803436428885e-02
3.341248980100643973e-01
-6.616350024573317556e-01
-3.157616366416501896e-01
1.271965346375134032e-02
-2.687100199716773830e+00
-1.360039803436428885e-02
3.341248980100643973e-01
-6.630873267672180438e-01
-3.505479287919471831e-01
-3.761929954393672393e-04
0.000000000000000000e+00
0.000000000000000000e+00
0.000000000000000000e+00
0.000000000000000000e+00
0.000000000000000000e+00
0.000000000000000000e+00
-3.926317825140312467e-01
-7.047333068580464317e-10
2.114200273793856603e-09
0.000000000000000000e+00
-0.000000000000000000e+00
0.000000000000000000e+00
-3.926317887971690346e-01
2.862706047197305370e-01
-7.910198120057601034e-01
-0.000000000000000000e+00
0.000000000000000000e+00
0.000000000000000000e+00
-6.748182483390696706e-01
1.245994229671736120e+00
-4.436951831847337768e-01
-1.662156801798797545e-01
-6.961279183286754602e-02
5.731014967373609936e-02
-1.082904894221930370e+00
1.172295182888250853e+00
-5.716037925715414802e-01
-3.324313603597594535e-01
-1.392255835298872313e-01
1.146202993966356498e-01
-1.438510574661224561e+00
1.259149403083204444e+00
5.128959602075107149e-01
-5.767223316092598973e-01
-3.862463543171764657e-01
7.081833094864770084e-02
-1.467277808924784432e+00
5.083261429858709768e-01
5.635943381938801622e-01
-6.964604105761031949e-01
-5.111216234654127888e-01
4.155728516170739684e-02
-2.672403000976871112e+00
5.520450061667402375e-01
5.272424658173712197e-01
-6.927524522374979288e-01
-4.481268552746987544e-01
-5.606571454037229119e-03
-2.672403000976871557e+00
5.520450061667395714e-01
5.272424658173711087e-01
-6.927524521105511424e-01
-4.481268553899251939e-01
-5.606570689942261265e-03
-2.595576915283195341e+00
1.117594718746593996e+00
7.202399765123163045e-01
-7.068786682726821979e-01
-4.618479610218401143e-01
-6.284072115648481338e-02
-2.595576915283195341e+00
1.117594718746593996e+00
7.202399765123163045e-01
-6.773695911055537255e-01
-3.856052420365650990e-01
-7.480254065480507197e-02
-2.695097136040144559e+00
-5.326694115937016805e-02
5.516077985155769525e-01
-6.815721250120105879e-01
-2.979981630984938623e-01
-1.061285479734320747e-01
-2.695097136040144559e+00
-5.326694115937016805e-02
5.516077985155769525e-01
-6.793310390886521111e-01
-3.273819749582158600e-01
-9.801633765237491303e-02
-2.687299923059705442e+00
-2.146946947608554743e-02
3.313586361629441424e-01
-6.618869527807955677e-01
-3.159487501526243025e-01
1.244354995028562616e-02
-2.687299923059705442e+00
-2.146946947608554743e-02
3.313586361629441424e-01
-6.631861632618863966e-01
-3.508945859815301160e-01
-3.571931679145767813e-04
