-2.221441471072811424e+00
nan
-2.221441467085554233e+00
2.610459999999999864e-02
2.799937000000000120e-01
-1.333499999999999686e-01
1.578697633807703005e+00
-9.188218144702585688e-01
-1.578697640659309176e+00
8.860460000000003333e-02
2.799937001121810543e-01
-1.333500001121810108e-01
-8.209387244728013622e-01
-2.786847790919437795e+00
-7.363199737690074853e-01
2.073546000000000833e-01
2.799937003253250012e-01
-1.333500007516129071e-01
-1.217429975126685937e+00
-6.057081361359595642e-03
-1.135863714006686731e+00
9.622194694368552126e-02
1.302120873505749343e-01
-2.184382011048170147e-01
-2.837519196399307386e+00
5.273627346683689154e-01
-1.150581853074823524e+00
-1.491070611262904078e-02
-1.956952580592355440e-02
-3.035264011380875426e-01
-7.791736646181345316e-01
-1.776008927573473173e+00
-2.259475333046336853e+00
-8.428012734086019753e-02
-2.137320548142226384e-01
-3.278583909367385751e-01
-2.183156747195656444e-01
5.878545334998617200e-01
-1.805345126397250866e+00
-1.151067693766634481e-01
-3.114438119243936876e-01
-3.441738180914100109e-01
1.246397900184678553e+00
-6.440092829625175819e-01
-2.347943767915360525e+00
-2.758516559380362609e-02
-3.329850982358991685e-01
-3.955547907887213555e-01
1.246397899567211143e+00
-6.440092891695092803e-01
-2.347943764856479820e+00
-2.758516544442875251e-02
-3.329850980793210846e-01
-3.955547905999231006e-01
-6.476142015793162621e-01
2.069909165848979049e-01
-9.975878152015462685e-01
7.475852100000984768e-02
-3.806989987253089902e-01
-4.327046831336470167e-01
-6.476142015793162621e-01
2.069909165848979049e-01
-9.975878152015462685e-01
3.574361976744395292e-02
-3.737459710347362241e-01
-4.144226150789313001e-01
1.777801266691414916e+00
1.990556440304428465e+00
-1.445671692388401874e+00
5.395000949835779269e-02
-3.468201995443802588e-01
-4.824945102020745669e-01
1.777801266691414916e+00
1.990556440304428465e+00
-1.445671692388401874e+00
3.213992583159511196e-02
-3.594956366201157438e-01
-4.468799812848210928e-01
1.400509543193518391e+00
-1.973171091595044668e+00
7.311490109471532883e-03
7.715497840501323035e-02
-3.225466397532678609e-01
-4.531844890129241854e-01
1.400509543193518391e+00
-1.973171091595044668e+00
7.311490109471532883e-03
1.110503565193843578e-01
-3.171802841677047735e-01
-4.801482924320100709e-01
-2.221441471072811424e+00
nan
-2.221441467085554233e+00
2.610459999999999864e-02
2.799937000000000120e-01
1.333500000000000241e-01
1.578354217103201229e+00
-9.191473997159443909e-01
-1.578354223952373792e+00
8.860460000000003333e-02
2.799937001121810543e-01
1.333499998878189818e-01
-8.226079836276755097e-01
-2.786414775724664672e+00
-7.354644293658780807e-01
2.073546000000000833e-01
2.799937003253250012e-01
1.333499992483870855e-01
-1.218038270224448105e+00
-3.763586331451002683e-03
-1.134314942649484959e+00
9.601763319620462700e-02
1.302845822636342910e-01
4.840142779411661655e-02
-2.839343365463100177e+00
5.260318239546860619e-01
-1.147054715198681629e+00
-1.531933360759081542e-02
-1.942453597964571843e-02
-3.654714334012990062e-02
-7.787223793209668843e-01
-1.777130527938010074e+00
-2.258529654229268768e+00
-8.456124388897806599e-02
-2.136561657146796300e-01
-6.069008995103500337e-02
-2.190751396014161689e-01
5.869362747673063652e-01
-1.805252627250365505e+00
-1.153339707613339760e-01
-3.113990477674348778e-01
-7.692064104644025235e-02
1.246621931335721190e+00
-6.442228789618660301e-01
-2.347885475777184983e+00
-2.780394708105389523e-02
-3.329523011004655864e-01
-1.282822485494363729e-01
1.246621930717678017e+00
-6.442228851691347291e-01
-2.347885472718387323e+00
-2.780394693170236409e-02
-3.329523009438897230e-01
-1.282822483606178010e-01
-6.485503354503393547e-01
2.049050636661226277e-01
-1.003732481208356786e+00
7.454267599823671819e-02
-3.806786823814829468e-01
-1.654080113139935748e-01
-6.485503354503393547e-01
2.049050636661226277e-01
-1.003732481208356786e+00
3.551328384059504462e-02
-3.734768653051662723e-01
-1.472536315885858427e-01
1.346311159594857587e+00
-1.691029644520595010e+00
3.263529362424193447e-01
5.374769338584610423e-02
-3.468011283608301021e-01
-2.152043374444233548e-01
1.346311159594857587e+00
-1.691029644520595010e+00
3.263529362424193447e-01
8.471257037475100893e-02
-3.445351785339798578e-01
-2.458765233634964964e-01
1.400123556479024201e+00
-1.973602833382353872e+00
7.614025980150112075e-03
7.694903215449720724e-02
-3.225279096195838857e-01
-1.858911601979715555e-01
1.400123556479024201e+00
-1.973602833382353872e+00
7.614025980150112075e-03
1.108548432059798527e-01
-3.171787487567471198e-01
-2.128452615485017796e-01
0.000000000000000000e+00
0.000000000000000000e+00
0.000000000000000000e+00
0.000000000000000000e+00
0.000000000000000000e+00
0.000000000000000000e+00
1.520245863775219752e-01
2.728683572062307690e-10
-8.186052083831719838e-10
0.000000000000000000e+00
-0.000000000000000000e+00
0.000000000000000000e+00
1.520245766310662494e-01
6.537986334907649466e-01
-1.150888283264532630e+00
0.000000000000000000e+00
0.000000000000000000e+00
0.000000000000000000e+00
6.936112888814303101e-01
1.383734698131261265e+00
-7.362249305956394263e-01
-2.280124525382159761e-01
1.408367659256099247e-01
4.988789040481710069e-02
-2.849894416920998319e-01
1.518730959693277871e+00
3.042781836092195991e-01
-4.560249050764320078e-01
2.816735318025820889e-01
9.977578078200402545e-02
-7.339999790041652483e-01
9.549425065479688612e-02
6.663313927755237787e-02
-4.338992296429667883e-01
2.536315701252574994e-01
2.604635391969239988e-01
-1.074095964271344128e+00
3.148783873982272663e-01
-6.046574331232488220e-01
-4.289464180126387194e-01
2.396019710040537543e-01
3.351277339456623094e-01
-2.747435450442616389e+00
7.267296728400389760e-01
3.777035656465530522e-01
-4.581502747258078267e-01
1.314932873033614613e-01
3.307064811764103274e-01
-2.747435450442616389e+00
7.267296728400389760e-01
3.777035656465532742e-01
-4.581502746477427168e-01
1.314932878784919601e-01
3.307064806376671662e-01
-4.779501693012880637e+00
-1.142084122126181267e+00
-3.248086989809091385e+00
-4.671264934899235222e-01
6.808193144268269437e-02
3.874211489843407685e-01
-4.779501693012880637e+00
-1.142084122126181267e+00
-3.248086989809091385e+00
-4.654221143533128768e-01
2.821848997641570600e-01
3.096308421416480439e-01
-4.186883611134870620e+00
-1.299228919694784823e+00
-1.224855760885402045e+00
-5.161063814765840529e-01
-7.657185350649367561e-02
3.094634978521148549e-01
-4.186883611134870620e+00
-1.299228919694784823e+00
-1.224855760885402045e+00
-5.779033895311410651e-01
9.925624056007059659e-02
3.341977861676620476e-01
-2.211624216026231160e+00
1.113522154205475179e+00
1.128235308767628453e+00
-5.039741294508963687e-01
1.272013725856360050e-02
2.259097197117770350e-01
-2.211624216026231160e+00
1.113522154205475179e+00
1.128235308767628453e+00
-5.400534337707244559e-01
-8.671700946594605719e-03
1.762981032914144319e-01
0.000000000000000000e+00
0.000000000000000000e+00
0.000000000000000000e+00
0.000000000000000000e+00
0.000000000000000000e+00
0.000000000000000000e+00
1.471676506020393183e-01
2.641506614854806773e-10
-7.924521168515213789e-10
0.000000000000000000e+00
-0.000000000000000000e+00
0.000000000000000000e+00
1.471676408451990381e-01
6.538737542700908678e-01
-1.152354422694835678e+00
0.000000000000000000e+00
0.000000000000000000e+00
0.000000000000000000e+00
6.925034442173334526e-01
1.387158885103651373e+00
-7.362707209855303692e-01
-2.280636056528175526e-01
1.408013269598765993e-01
5.076798275488782208e-02
-2.783899035144536405e-01
1.520568460810919786e+00
3.011062328625506157e-01
-4.561272113056350497e-01
2.816026538726560391e-01
1.015359654830515213e-01
-7.275220367435187852e-01
9.399780600986321066e-02
6.421913256754163690e-02
-4.343538601409495659e-01
2.540323305340562721e-01
2.608951550846194678e-01
-1.067845396220580501e+00
3.126889787974209689e-01
-6.075281051090604123e-01
-4.296025332341694147e-01
2.402480491171767596e-01
3.348978245237638207e-01
-2.747362870352032083e+00
7.262506817307192719e-01
3.779933574267563268e-01
-4.587569489900268360e-01
1.322248435759822704e-01
3.305436931503157871e-01
-2.747362870352032083e+00
7.262506817307196050e-01
3.779933574267565488e-01
-4.587569489120818522e-01
1.322248441511892914e-01
3.305436926116784302e-01
-4.768283584413959275e+00
-1.132865292012573022e+00
-3.229196471836099036e+00
-4.676793044093184304e-01
6.891324510217161636e-02
3.873360762338753371e-01
-4.768283584413959275e+00
-1.132865292012573022e+00
-3.229196471836099036e+00
-4.649896888045987331e-01
2.815120513854148521e-01
3.087807263471822328e-01
-2.260637524393915854e+00
1.411344635749397503e+00
9.199755635636425177e-01
-5.166494105949007709e-01
-7.575569768380019386e-02
3.093645124780157740e-01
-2.260637524393915854e+00
1.411344635749397503e+00
9.199755635636425177e-01
-5.620230541274562341e-01
-1.166074619690968817e-01
2.605399082361135044e-01
-2.211667603030929907e+00
1.113040154362366918e+00
1.128609427352724293e+00
-5.045358110835295173e-01
1.354818903310745642e-02
2.258271844665845907e-01
-2.211667603030929907e+00
1.113040154362366918e+00
1.128609427352724293e+00
-5.405739215896463445e-01
-7.798905697928931735e-03
1.762580895163241568e-01
