-2.221441471072811424e+00
nan
-2.221441467085554233e+00
2.610459999999999864e-02
2.799937000000000120e-01
-1.333499999999999686e-01
1.479050222250174018e+00
-1.008525439940346047e+00
-1.479050228404201306e+00
8.860460000000003333e-02
2.799937001121810543e-01
-1.333500001121810108e-01
-4.841050527599412012e-01
2.990903340328055382e+00
5.657291805214511582e-01
2.073546000000000833e-01
2.799937003253250012e-01
-1.333500007516129071e-01
-5.364229731965587389e-01
-1.235312175879740737e+00
-1.411106036171989153e+00
2.720226502230128629e-01
9.889987493922852702e-02
-2.043997698390908058e-01
-1.027256177612995813e+00
7.782956711866595434e-01
-1.268844038404519425e+00
3.366907004460256148e-01
-8.219395058125675280e-02
-2.754495385840345367e-01
-5.936189141924257395e-01
-1.278002882442616853e-02
3.006467702251905294e+00
4.050484336785771244e-01
-8.563171521891342619e-02
-4.714563039815673484e-01
1.305110232612799903e+00
1.147409369311263694e+00
-1.212435857739240896e+00
4.444555526612249952e-01
-8.633106439756603467e-02
-5.674284477745126232e-01
-1.058703878658538100e+00
-1.336011615841733668e+00
9.046470300764151151e-01
5.477587893928010931e-01
-9.411945249492607857e-02
-5.617853288120189248e-01
-1.058703878604625892e+00
-1.336011612251954972e+00
9.046470348296834496e-01
5.477587893769021443e-01
-9.411945276836254648e-02
-5.617853288983557514e-01
3.630014112898115597e-01
-2.424747105390208102e+00
1.401887701475087455e+00
6.640790562695744192e-01
-9.610654679275835999e-02
-5.862108883088525957e-01
3.630014112898115597e-01
-2.424747105390208102e+00
1.401887701475087455e+00
6.999980059567653123e-01
-1.121913816243509388e-01
-5.673469474051220374e-01
-2.900328232398639017e-01
1.866390212154487083e+00
2.079538174804774542e+00
6.611823663984823796e-01
-8.958434334486195527e-02
-5.228952969088271896e-01
-2.900328232398639017e-01
1.866390212154487083e+00
2.079538174804774542e+00
6.974409354461456045e-01
-8.911812126215905294e-02
-5.471819173446852425e-01
-3.378430771733402227e-01
1.363943593989704883e+00
2.244222822772358850e+00
6.587368655242722415e-01
-1.320163201828899180e-01
-5.363228989319472895e-01
-3.378430771733402227e-01
1.363943593989704883e+00
2.244222822772358850e+00
6.985813072792796952e-01
-1.251014026368496845e-01
-5.527346478080812364e-01
-2.221441471072811424e+00
nan
-2.221441467085554233e+00
2.610459999999999864e-02
2.799937000000000120e-01
1.333500000000000241e-01
1.479089645587731372e+00
-1.008491771803225800e+00
-1.479089651742031331e+00
8.860460000000003333e-02
2.799937001121810543e-01
1.333499998878189818e-01
-4.841066095782097789e-01
2.990877877036881127e+00
5.658109349029795121e-01
2.073546000000000833e-01
2.799937003253250012e-01
1.333499992483870855e-01
-5.364335202213585951e-01
-1.235230755644515899e+00
-1.411055008414213718e+00
2.720233700195672233e-01
9.890406893611330963e-02
6.229019635339019811e-02
-1.027324732847403554e+00
7.783333862441492723e-01
-1.268801105672867191e+00
3.366921400391343355e-01
-8.218556258750628341e-02
-8.769606199080015596e-03
-5.935074462298415288e-01
-1.276856380990600871e-02
3.006492206636237174e+00
4.050352879629792180e-01
-8.562442277807882918e-02
-2.047814384247118036e-01
1.305094111844917970e+00
1.147416306946698272e+00
-1.212454182279710357e+00
4.444352452919017038e-01
-8.632418692255093562e-02
-3.007565195271584280e-01
-1.058690916216892264e+00
-1.335998203481078894e+00
9.046536161340938964e-01
5.477385924662844241e-01
-9.411247372073323902e-02
-2.951152828437516029e-01
-1.058690916162946305e+00
-1.335998199891321070e+00
9.046536208873612317e-01
5.477385924503841430e-01
-9.411247399416949877e-02
-2.951152829300888736e-01
3.627470785313242074e-01
-2.424852406435100693e+00
1.401971895749016594e+00
6.640584209989680575e-01
-9.609937847325078497e-02
-3.195429451632836870e-01
3.627470785313242074e-01
-2.424852406435100693e+00
1.401971895749016594e+00
6.999722125599022737e-01
-1.121874752982958134e-01
-3.006719663631326478e-01
-4.147552027819389475e-01
1.787588363436773742e+00
1.981135132886063799e+00
6.611628658201739173e-01
-8.957733352369413871e-02
-2.562272855343852296e-01
-4.147552027819389475e-01
1.787588363436773742e+00
1.981135132886063799e+00
7.005735224246447679e-01
-9.000293033247608321e-02
-2.749718884368432259e-01
-3.376093051394896127e-01
1.364111640732656339e+00
2.244518932648947196e+00
6.587171700571251565e-01
-1.320092801585201758e-01
-2.696549475056250755e-01
-3.376093051394896127e-01
1.364111640732656339e+00
2.244518932648947196e+00
6.985550793864953034e-01
-1.250874580507156386e-01
-2.860796387837829524e-01
0.000000000000000000e+00
0.000000000000000000e+00
0.000000000000000000e+00
0.000000000000000000e+00
0.000000000000000000e+00
0.000000000000000000e+00
-4.833297584645126488e-01
-8.675267621092908573e-10
2.602580721141375887e-09
0.000000000000000000e+00
-0.000000000000000000e+00
0.000000000000000000e+00
-4.833297648992915807e-01
3.149062783515244601e-01
-8.026427630310595251e-01
-0.000000000000000000e+00
0.000000000000000000e+00
0.000000000000000000e+00
-8.217024340086096501e-01
1.262471589030671026e+00
-4.308780383034988004e-01
-1.677276667368334806e-01
-8.624581070002984573e-02
6.716366102459700449e-02
-1.002570692995254698e+00
1.226919851575204667e+00
-5.048852825515410814e-01
-3.354553334736669612e-01
-1.724916212345027344e-01
1.343273221141482177e-01
-1.457856482715605750e+00
1.234999704944676369e+00
6.039182637611508753e-01
-5.776756017533724030e-01
-4.035150733085648422e-01
5.390446427757888959e-02
-1.515303547851133192e+00
4.600367849255666552e-01
5.859770837832987134e-01
-6.957788212788330595e-01
-5.196300064213945635e-01
6.256234695069598506e-03
-2.672565794153306307e+00
5.472867879831068150e-01
5.227596210086256079e-01
-6.886189620297112901e-01
-4.505456388312373828e-01
-2.946528208735818555e-02
-2.672565794153305863e+00
5.472867879831062599e-01
5.227596210086252748e-01
-6.886189619340208345e-01
-4.505456390702898828e-01
-2.946528134788006792e-02
-2.627960726229481736e+00
8.181075425597937878e-01
6.687492596444779558e-01
-7.009479753693803605e-01
-4.550170150174074335e-01
-8.781518707354149522e-02
-2.627960726229481736e+00
8.181075425597937878e-01
6.687492596444779558e-01
-6.747585216485049164e-01
-3.814225481699734521e-01
-7.493043650814479317e-02
-2.613562891470836647e+00
1.405650264630577295e+00
6.273253770976866539e-01
-6.697057333253733091e-01
-2.873162037043041073e-01
-1.036608848155650964e-01
-2.613562891470836647e+00
1.405650264630577295e+00
6.273253770976866539e-01
-7.041367007118624066e-01
-3.280448931338522112e-01
-1.558462527270755293e-01
-2.685068071958012226e+00
2.769324407390357790e-01
3.784956356728623739e-01
-6.548727583764283322e-01
-3.244807626789770749e-01
1.107975537851005332e-02
-2.685068071958012226e+00
2.769324407390357790e-01
3.784956356728623739e-01
-6.620349701617059823e-01
-3.534664782811851036e-01
-1.852148744968337701e-02
0.000000000000000000e+00
0.000000000000000000e+00
0.000000000000000000e+00
0.000000000000000000e+00
0.000000000000000000e+00
0.000000000000000000e+00
-4.828505455892854736e-01
-8.666666247253904358e-10
2.600000308558564631e-09
0.000000000000000000e+00
-0.000000000000000000e+00
0.000000000000000000e+00
-4.828505520241356819e-01
3.149553285786279577e-01
-8.026358422211461452e-01
-0.000000000000000000e+00
0.000000000000000000e+00
0.000000000000000000e+00
-8.214852023227827704e-01
1.263221764219153220e+00
-4.305348825095925425e-01
-1.677296923771229853e-01
-8.621673774463629869e-02
6.707145477183967808e-02
-1.003016877861501621e+00
1.227535913673691859e+00
-5.047975814560491381e-01
-3.354593847542459706e-01
-1.724334753238834228e-01
1.341429096085783035e-01
-1.458156988447654623e+00
1.235619443496843717e+00
6.038865894888949537e-01
-5.778068766233572795e-01
-4.035361070877986900e-01
5.369847589029552726e-02
-1.515637454516058913e+00
4.602053180835083968e-01
5.859431739309621801e-01
-6.959729747420748680e-01
-5.196897364567902855e-01
6.035488519260154283e-03
-2.672550119133649815e+00
5.474277372494198435e-01
5.227659552100556439e-01
-6.888133541337919663e-01
-4.506097757285791872e-01
-2.970104204837972772e-02
-2.672550119133649371e+00
5.474277372494193994e-01
5.227659552100554219e-01
-6.888133540381123909e-01
-4.506097759676321313e-01
-2.970104130890341421e-02
-2.628048847967017654e+00
8.176038592842942432e-01
6.684081215938793008e-01
-7.011470478828051300e-01
-4.550858812980430601e-01
-8.806764004621905895e-02
-2.628048847967017654e+00
8.176038592842942432e-01
6.684081215938793008e-01
-6.749646482084806776e-01
-3.814869572457380564e-01
-7.515059030092921533e-02
-2.693793018730799016e+00
2.383948406410174581e-01
4.851192144189340194e-01
-6.698958026576808944e-01
-2.873853052827106680e-01
-1.039130248335438933e-01
-2.693793018730799016e+00
2.383948406410174581e-01
4.851192144189340194e-01
-6.741579540899559353e-01
-3.187605189485377966e-01
-1.121618523220336283e-01
-2.685272814943218567e+00
2.723579446289691175e-01
3.759851279172947702e-01
-6.550645001531698597e-01
-3.245499313653575912e-01
1.082732089799948172e-02
-2.685272814943218567e+00
2.723579446289691175e-01
3.759851279172947702e-01
-6.621403974814779048e-01
-3.536762469132691544e-01
-1.860983094122348191e-02
