-2.221441471072811424e+00
nan
-2.221441467085554233e+00
2.610459999999999864e-02
2.799937000000000120e-01
-1.333499999999999686e-01
1.558577611824047304e+00
-9.376992178337062445e-01
-1.558577618533430353e+00
8.860460000000003333e-02
2.799937001121810543e-01
-1.333500001121810108e-01
-1.264361886133566815e+00
-2.562404038449344501e+00
-6.373256630678373336e-01
2.073546000000000833e-01
2.799937003253250012e-01
-1.333500007516129071e-01
-1.263795486726742689e+00
4.862320224932149548e-01
-1.037264926599095416e+00
4.466045768217533074e-02
1.698037960296970572e-01
-1.917777428506171056e-01
-3.003959742589012993e+00
5.813470412946644128e-01
-5.774372156771997444e-01
-1.180336846356494218e-01
5.961389156169631665e-02
-2.502054846245403974e-01
-7.779584625652770091e-01
-1.947080522853462003e+00
-2.308735747966020657e+00
-1.957648982119126746e-01
-1.326731302963797265e-01
-2.595226548447923665e-01
-2.263905782166409086e-01
4.391045545322178612e-01
-2.099295790642935255e+00
-2.325971147890059099e-01
-2.291509504449527612e-01
-2.694966480971310308e-01
6.496940128499234524e-01
-1.218968853612674375e+00
-1.820389759102831517e+00
-1.518902937563726963e-01
-2.798358220679923458e-01
-3.105029320955930427e-01
6.496940122841332599e-01
-1.218968857576853138e+00
-1.820389754341665611e+00
-1.518902936066577058e-01
-2.798358218230548866e-01
-3.105029321036796852e-01
-1.412255045447956325e+00
-8.367052466037790959e-01
-1.711341618995368741e+00
-5.026677067857968084e-02
-3.392235955129447866e-01
-3.271376220318042982e-01
-1.412255045447956325e+00
-8.367052466037790959e-01
-1.711341618995368741e+00
-7.872750937835339136e-02
-3.175760873677848650e-01
-3.521598695003759771e-01
1.405676207778087328e+00
6.531251516154640280e-01
-1.492386916810759523e+00
-8.383933288449038623e-02
-3.498666943833277920e-01
-3.802356594505781895e-01
1.405676207778087328e+00
6.531251516154640280e-01
-1.492386916810759523e+00
-1.185756476677208848e-01
-3.285197220130949836e-01
-3.646652923863486495e-01
1.112896926954860755e+00
-1.319279253126176776e+00
3.676251906318596663e-01
-6.057637333345254615e-02
-3.118658791028582344e-01
-3.814711269517331305e-01
1.112896926954860755e+00
-1.319279253126176776e+00
3.676251906318596663e-01
-3.986309821438743795e-02
-3.201466895354055375e-01
-4.189828522790509657e-01
-2.221441471072811424e+00
nan
-2.221441467085554233e+00
2.610459999999999864e-02
2.799937000000000120e-01
1.333500000000000241e-01
1.557394216671557308e+00
-9.387970941727239449e-01
-1.557394223372597697e+00
8.860460000000003333e-02
2.799937001121810543e-01
1.333499998878189818e-01
-1.266195687981980678e+00
-2.562634588191422313e+00
-6.350628483030896776e-01
2.073546000000000833e-01
2.799937003253250012e-01
1.333499992483870855e-01
-1.263893320599281722e+00
4.890571057733410498e-01
-1.034689535066878108e+00
4.452594331327502930e-02
1.698596364963910754e-01
7.519231234355099047e-02
-3.003358340462980447e+00
5.821991806482653686e-01
-5.723426718745231456e-01
-1.183027133734499969e-01
5.972557249563904824e-02
1.703462576408935197e-02
-7.779820700449811000e-01
-1.946531599688275715e+00
-2.310227067947463020e+00
-1.961191650542444265e-01
-1.325187852444820180e-01
7.550071747216927434e-03
-2.250262689826718621e-01
4.395272379889092473e-01
-2.099364246074876927e+00
-2.330092149735675522e-01
-2.289651458162818287e-01
-2.514035237718731386e-03
6.500255786006433611e-01
-1.219083117692113749e+00
-1.820204330721461705e+00
-1.522831236618631956e-01
-2.796380392593563746e-01
-4.349718484388240963e-02
6.500255780346180234e-01
-1.219083121656717283e+00
-1.820204325960483427e+00
-1.522831235121857030e-01
-2.796380390143948791e-01
-4.349718485193514173e-02
-1.412308748410935788e+00
-8.355031191870191387e-01
-1.710125633918941457e+00
-5.064550226424535673e-02
-3.390098030605726009e-01
-6.010286358739311274e-02
-1.412308748410935788e+00
-8.355031191870191387e-01
-1.710125633918941457e+00
-7.914700569402931263e-02
-3.173548360376297617e-01
-8.507220138572638146e-02
9.766388456968525533e-01
-9.943826628805276791e-01
5.348484798223658299e-01
-8.420200529199543815e-02
-3.496597426856040136e-01
-1.132096800509299755e-01
9.766388456968525533e-01
-9.943826628805276791e-01
5.348484798223658299e-01
-6.846150467769407388e-02
-3.661172429653626881e-01
-1.504404260757268019e-01
1.112783536980084254e+00
-1.319606784217430828e+00
3.681465919980384527e-01
-6.094486416685991614e-02
-3.116551951359164963e-01
-1.144398756569513925e-01
1.112783536980084254e+00
-1.319606784217430828e+00
3.681465919980384527e-01
-4.021132741872257554e-02
-3.199410906499785545e-01
-1.519392825063095309e-01
0.000000000000000000e+00
0.000000000000000000e+00
0.000000000000000000e+00
0.000000000000000000e+00
0.000000000000000000e+00
0.000000000000000000e+00
-3.580992438217424079e-01
-6.427509832901613450e-10
1.928253272024011411e-09
0.000000000000000000e+00
-0.000000000000000000e+00
0.000000000000000000e+00
-3.580992516927540836e-01
4.987513917510709716e-01
-9.406039807054609181e-01
0.000000000000000000e+00
0.000000000000000000e+00
0.000000000000000000e+00
6.421120633037549208e-01
1.176177067175673052e+00
-5.814018139930976492e-01
-1.327859803027723606e-01
1.321078271778560187e-01
1.206028521831224026e-01
5.927294018790145724e-01
1.181937134479476903e+00
-4.547570352422083961e-01
-2.655719606055447768e-01
2.642156544721233624e-01
2.412057044279714013e-01
-1.855612932197841791e-01
-8.567072014616986531e-01
-6.655145421933696959e-01
-3.640281460528593249e-01
3.050870314356985968e-01
2.191049408068777848e-01
-2.920919146757463003e-01
-7.852274855123106967e-01
-9.635344268370492626e-01
-4.196907465142422078e-01
3.277486201025004431e-01
2.054530646932800630e-01
-2.769284359336911638e+00
7.704796956558674914e-01
2.951009041578099290e-01
-4.363281039685412144e-01
2.380072155501338771e-01
2.836309200338949510e-01
-2.769284359336911638e+00
7.704796956558679355e-01
2.951009041578098735e-01
-4.363281040470529670e-01
2.380072155719207827e-01
2.836309192402411417e-01
-4.466540503204372570e+00
-2.165501080821258029e+00
-3.144168529813210489e-01
-4.316194091683984158e-01
2.219302224313235983e-01
3.697936910383907150e-01
-4.466540503204372570e+00
-2.165501080821258029e+00
-3.144168529813210489e-01
-3.706273638447405983e-01
1.191158765272518627e-01
2.114724586992560995e-01
-4.004100123750484741e+00
-1.633475783710579110e+00
8.361428764240452782e-01
-4.693895807790480212e-01
6.497936443416885144e-02
4.251344357858164447e-01
-4.004100123750484741e+00
-1.633475783710579110e+00
8.361428764240452782e-01
-5.126725172025426991e-01
9.828015096366959913e-02
2.829180920627144546e-01
-2.192395215245158901e+00
1.575051588952592674e+00
4.360370029615215914e-01
-4.815555583513310145e-01
6.842292400364932692e-02
3.019757343926228188e-01
-2.192395215245158901e+00
1.575051588952592674e+00
4.360370029615215914e-01
-5.370277211693756936e-01
-4.785848715118223851e-03
2.875060666745961058e-01
0.000000000000000000e+00
0.000000000000000000e+00
0.000000000000000000e+00
0.000000000000000000e+00
0.000000000000000000e+00
0.000000000000000000e+00
-3.621029864576190693e-01
-6.499372858597682555e-10
1.949812183334682380e-09
0.000000000000000000e+00
-0.000000000000000000e+00
0.000000000000000000e+00
-3.621029943111461757e-01
4.959353551042149366e-01
-9.391600257907630755e-01
0.000000000000000000e+00
0.000000000000000000e+00
0.000000000000000000e+00
6.458475717608223032e-01
1.177693065400517547e+00
-5.791492371370996484e-01
-1.322759633332127316e-01
1.318630928429286309e-01
1.206323619631850808e-01
5.994324309112382121e-01
1.182918756293835694e+00
-4.590930790877317258e-01
-2.645519266664255742e-01
2.637261858036762940e-01
2.412647239885860606e-01
-1.815602644171135371e-01
-8.589300149143893615e-01
-6.721585007238435328e-01
-3.640294376402214982e-01
3.051365294799366357e-01
2.180777615409002779e-01
-2.861310226525652922e-01
-7.883300170364901938e-01
-9.654276823972237631e-01
-4.202123151997629313e-01
3.281052482000297310e-01
2.039026171409877852e-01
-2.769327223849395558e+00
7.704068729092017342e-01
2.952452829328690576e-01
-4.368250822496356212e-01
2.384434944476495899e-01
2.820405049016644350e-01
-2.769327223849395558e+00
7.704068729092020673e-01
2.952452829328689465e-01
-4.368250823281632500e-01
2.384434944695406344e-01
2.820405041079733222e-01
-4.447628061272446587e+00
-2.134166856427767822e+00
-3.080687245167546551e-01
-4.320889780812451342e-01
2.224649645189115954e-01
3.681580246534605916e-01
-4.447628061272446587e+00
-2.134166856427767822e+00
-3.080687245167546551e-01
-3.721290268548827496e-01
1.201910588640774102e-01
2.110178216780832783e-01
-2.321397447920254375e+00
1.642681439612953209e+00
9.904131733111587454e-02
-4.698584900452708601e-01
6.548741268380017799e-02
4.235033529527894580e-01
-2.321397447920254375e+00
1.642681439612953209e+00
9.904131733111587454e-02
-5.293867730154636631e-01
-1.938098620603873057e-02
4.358511238920390052e-01
-2.192606384705913403e+00
1.575075868272991508e+00
4.363157674357160953e-01
-4.820269045892155990e-01
6.894715971308551516e-02
3.003388634263374768e-01
-2.192606384705913403e+00
1.575075868272991508e+00
4.363157674357160953e-01
-5.374760485320803083e-01
-4.227910169581572397e-03
2.858496774375337002e-01
