-2.221441471072811424e+00
nan
-2.221441467085554233e+00
2.610459999999999864e-02
2.799937000000000120e-01
-1.333499999999999686e-01
1.578027342545662570e+00
-9.194571918884075767e-01
-1.578027349392518985e+00
8.860460000000003333e-02
2.799937001121810543e-01
-1.333500001121810108e-01
-1.101873183353299757e+00
-2.640724028482525743e+00
-6.963414508221751342e-01
2.073546000000000833e-01
2.799937003253250012e-01
-1.333500007516129071e-01
-1.253831666945700807e+00
3.026218040142737986e-01
-1.080923273509880378e+00
6.164618492408899253e-02
1.545423434716849120e-01
-2.044556604394792698e-01
-2.984078542966275283e+00
5.156206829613463327e-01
-8.022703898671800227e-01
-8.406223015182209823e-02
2.909098643660698591e-02
-2.755613198072357495e-01
-7.855861962672354704e-01
-1.885771859638929460e+00
-2.235297659015793137e+00
-1.541706646357110522e-01
-1.661046030489473913e-01
-2.848747112198851683e-01
-2.807879338035332295e-01
4.971469801302551561e-01
-1.978845196253048666e+00
-1.864669207723225197e-01
-2.642295542772649664e-01
-2.944928340096342190e-01
8.874040570239128956e-01
-1.019882011311771253e+00
-2.044182777919214100e+00
-1.034727621258975105e-01
-3.040610570233147625e-01
-3.423413817364302503e-01
8.874040564331877601e-01
-1.019882016179459061e+00
-2.044182773715650825e+00
-1.034727619712291213e-01
-3.040610567940643660e-01
-3.423413816589945258e-01
-1.178454484618772558e+00
-3.280639288004704168e-01
-1.527621543519698921e+00
-1.973816987792420541e-03
-3.603759740205781936e-01
-3.679842217938196769e-01
-1.178454484618772558e+00
-3.280639288004704168e-01
-1.527621543519698921e+00
-3.606404683902712793e-02
-3.338219534368731534e-01
-3.741064227167033573e-01
1.635294008239811303e+00
1.107105605126884162e+00
-1.576281643574869218e+00
-3.092754177783924030e-02
-3.532454228317372658e-01
-4.242925792985946520e-01
1.635294008239811303e+00
1.107105605126884162e+00
-1.576281643574869218e+00
-6.109952331854776042e-02
-3.401925642495801094e-01
-3.955869084764147003e-01
1.255250462083435936e+00
-1.575592765490602787e+00
2.651051921659588473e-01
-6.897921313688493150e-03
-3.176856695002511222e-01
-4.122578415634910454e-01
1.255250462083435936e+00
-1.575592765490602787e+00
2.651051921659588473e-01
1.964759543616057674e-02
-3.188170239865342759e-01
-4.468814852498486645e-01
-2.221441471072811424e+00
nan
-2.221441467085554233e+00
2.610459999999999864e-02
2.799937000000000120e-01
1.333500000000000241e-01
1.577162099737755563e+00
-9.202767004767069547e-01
-1.577162106578481993e+00
8.860460000000003333e-02
2.799937001121810543e-01
1.333499998878189818e-01
-1.103763779723099026e+00
-2.640602088862018970e+00
-6.945407191159985727e-01
2.073546000000000833e-01
2.799937003253250012e-01
1.333499992483870855e-01
-1.254313489394880854e+00
3.052715618893392935e-01
-1.078824476933528009e+00
6.146574499068929720e-02
1.546123014905815829e-01
6.249135961767365854e-02
-2.984549292362212114e+00
5.156427913569369137e-01
-7.976384351886132151e-01
-8.442311001862146114e-02
2.923090247480147896e-02
-8.367279692702886407e-03
-7.852841403752115479e-01
-1.885752234994098719e+00
-2.235757000457106791e+00
-1.545114268233530042e-01
-1.659701675649223052e-01
-1.771715150072623868e-02
-2.802998724718822054e-01
4.970692993503448287e-01
-1.978868192126113756e+00
-1.868112773406537253e-01
-2.640913352258107416e-01
-2.736176727450631563e-02
8.877195179064791830e-01
-1.020032875300068032e+00
-2.044033810756890279e+00
-1.038010559009034384e-01
-3.039196227556034136e-01
-7.518512086841264153e-02
8.877195173153999974e-01
-1.020032880168152634e+00
-2.044033806553523291e+00
-1.038010557462711869e-01
-3.039196225263404716e-01
-7.518512079094197276e-02
-1.178250811752719285e+00
-3.294982164799161173e-01
-1.529360121472426837e+00
-2.291353454373118437e-03
-3.602293077711541947e-01
-1.007968500062887823e-01
-1.178250811752719285e+00
-3.294982164799161173e-01
-1.529360121472426837e+00
-3.635016974025365166e-02
-3.336539735142250995e-01
-1.070008621715839853e-01
1.149412336073398322e+00
-1.258844364339996691e+00
4.888649920864223675e-01
-3.122949268760019659e-02
-3.531027647367591671e-01
-1.571137262198828988e-01
1.149412336073398322e+00
-1.258844364339996691e+00
4.888649920864223675e-01
-9.034284755370991515e-03
-3.607186214060613683e-01
-1.939119951553607835e-01
1.255053191298811432e+00
-1.575988393538494625e+00
2.655563758217895365e-01
-7.205485608194797664e-03
-3.175410569723096099e-01
-1.450735578770161460e-01
1.255053191298811432e+00
-1.575988393538494625e+00
2.655563758217895365e-01
1.935714840292226610e-02
-3.186815967961703633e-01
-1.796837697791648925e-01
0.000000000000000000e+00
0.000000000000000000e+00
0.000000000000000000e+00
0.000000000000000000e+00
0.000000000000000000e+00
0.000000000000000000e+00
-1.696305256107270287e-01
-3.044691911904612712e-10
9.134077261745326229e-10
0.000000000000000000e+00
-0.000000000000000000e+00
0.000000000000000000e+00
-1.696305345052414593e-01
5.955441228968745282e-01
-1.050715474532259774e+00
0.000000000000000000e+00
0.000000000000000000e+00
0.000000000000000000e+00
6.275150205566119022e-01
1.281866814588294101e+00
-6.617087018265145337e-01
-1.741602396790022655e-01
1.410363954306287360e-01
1.080561709725678943e-01
3.464506007329220538e-01
1.325458934262372157e+00
-1.626659999972405179e-01
-3.483204793580046976e-01
2.820727909155578694e-01
2.161123419759132247e-01
-2.457702727263335607e-01
-4.738717398186085283e-01
-3.390348353040194551e-01
-3.924166829729018868e-01
2.967036795688938744e-01
2.414125635920448820e-01
-5.289295420793113101e-01
-3.199754991805536797e-01
-9.582904922082027266e-01
-4.211267030716420168e-01
3.052893867879543643e-01
2.502244765316031239e-01
-2.760960448586378568e+00
7.512462186186266155e-01
3.285402755663360264e-01
-4.439864904996001505e-01
2.004483632099717527e-01
2.978486323813619441e-01
-2.760960448586378568e+00
7.512462186186271706e-01
3.285402755663360819e-01
-4.439864905167447695e-01
2.004483634745836407e-01
2.978486316322168648e-01
-4.422383777681928585e+00
-1.741621883734612242e+00
-1.232559703618439029e+00
-4.447488587785801140e-01
1.629959874274586606e-01
3.770811921474503947e-01
-4.422383777681928585e+00
-1.741621883734612242e+00
-1.232559703618439029e+00
-4.013568839341362104e-01
1.779395089841108446e-01
2.002768319553880072e-01
-3.969567190755153074e+00
-1.435483506083882865e+00
5.253256580646246954e-02
-4.893929726831895977e-01
-1.981625289280697366e-03
3.791453986018872291e-01
-3.969567190755153074e+00
-1.435483506083882865e+00
5.253256580646246954e-02
-5.312851898319318478e-01
1.103824521892635968e-01
2.840198175810347281e-01
-2.182950427434235952e+00
1.450713491845016412e+00
7.488377287265227666e-01
-4.920347326262233256e-01
3.914050773549686280e-02
2.629141645836320929e-01
-2.182950427434235952e+00
1.450713491845016412e+00
7.488377287265227666e-01
-5.414165187349639918e-01
-1.656290557813927533e-02
2.268739160460396254e-01
0.000000000000000000e+00
0.000000000000000000e+00
0.000000000000000000e+00
0.000000000000000000e+00
0.000000000000000000e+00
0.000000000000000000e+00
-1.738110184221035581e-01
-3.119727419840152542e-10
9.359183823160528074e-10
0.000000000000000000e+00
-0.000000000000000000e+00
0.000000000000000000e+00
-1.738110273124999772e-01
5.938422443599949974e-01
-1.050778992496132380e+00
0.000000000000000000e+00
0.000000000000000000e+00
0.000000000000000000e+00
6.296086149050305059e-01
1.284325960416046852e+00
-6.605557459079640648e-01
-1.738269935359262608e-01
1.409809311349172201e-01
1.084276348231839465e-01
3.532900136814593473e-01
1.326743647365636436e+00
-1.667074932560664857e-01
-3.476539870718524661e-01
2.819618623255124579e-01
2.168552696778340561e-01
-2.403405272891424027e-01
-4.765997398739182933e-01
-3.439633748638163957e-01
-3.926003511640547838e-01
2.969493262655427124e-01
2.408819100480923125e-01
-5.221659102692460808e-01
-3.231857426888951057e-01
-9.609130871328499524e-01
-4.217538177693048174e-01
3.057412998164988349e-01
2.490703028674246255e-01
-2.760894858446425459e+00
7.509559559318614852e-01
3.288500741436048980e-01
-4.445695144456524028e-01
2.010039667077568037e-01
2.966949969466596282e-01
-2.760894858446425904e+00
7.509559559318617072e-01
3.288500741436051200e-01
-4.445695144628683537e-01
2.010039669724960620e-01
2.966949961975667849e-01
-4.407231482379755150e+00
-1.720326896851240406e+00
-1.219001700000890587e+00
-4.452853508910870062e-01
1.636741485909087301e-01
3.759308011497384250e-01
-4.407231482379755150e+00
-1.720326896851240406e+00
-1.219001700000890587e+00
-4.022170442574489191e-01
1.778493858114592596e-01
2.002148536263198830e-01
-2.280172144686474223e+00
1.620913915773679825e+00
4.387537619030751346e-01
-4.899204087084112480e-01
-1.327134623391512669e-03
3.779864331383576137e-01
-2.280172144686474223e+00
1.620913915773679825e+00
4.387537619030751346e-01
-5.462257491385386077e-01
-7.549529144626326849e-02
3.593753759727845720e-01
-2.183047495076953837e+00
1.450475414046656253e+00
7.492843167615607092e-01
-4.925732428159256271e-01
3.981480075854774980e-02
2.617633258122858964e-01
-2.183047495076953837e+00
1.450475414046656253e+00
7.492843167615607092e-01
-5.419199156522764849e-01
-1.583797056211327936e-02
2.257247308523558371e-01
