-2.221441471072811424e+00
nan
-2.221441467085554233e+00
2.610459999999999864e-02
2.799937000000000120e-01
-1.333499999999999686e-01
1.454693411478192644e+00
-1.029063489107735485e+00
-1.454693417464202554e+00
8.860460000000003333e-02
2.799937001121810543e-01
-1.333500001121810108e-01
-3.853678602251296437e-01
3.030746656973720921e+00
5.193650235068817400e-01
2.073546000000000833e-01
2.799937003253250012e-01
-1.333500007516129071e-01
-6.642455021947694105e-01
-1.194613253317194035e+00
-1.364104084292078634e+00
2.586577781549277422e-01
9.284145519330042062e-02
-1.994334408349376919e-01
-1.150550808071074238e+00
8.303625491450720153e-01
-1.306211905936936590e+00
3.099609563098553733e-01
-9.431079006123552211e-02
-2.655168805713029045e-01
-4.564328296752834802e-01
1.555613280477258775e-01
3.092573371529640180e+00
3.587604436405996133e-01
-1.169040100354094280e-01
-4.660447002060238431e-01
1.164754490075997406e+00
1.111404269301963899e+00
-1.257493204039300094e+00
3.885973652070526252e-01
-1.272697543425953814e-01
-5.648696563476552912e-01
-1.168714733335128653e+00
-1.249532202922069901e+00
1.114972251303705919e+00
4.922950699169633682e-01
-1.297723643758708356e-01
-5.627282827423468747e-01
-1.168714733311773335e+00
-1.249532198801448279e+00
1.114972255773073684e+00
4.922950699106013461e-01
-1.297723646617972293e-01
-5.627282827684229050e-01
4.310394047923393201e-01
-2.196610597926929920e+00
1.613908242273857097e+00
6.075275181267182356e-01
-1.324929256426408131e-01
-5.917978959620906476e-01
4.310394047923393201e-01
-2.196610597926929920e+00
1.613908242273857097e+00
6.456959019021027979e-01
-1.425423444083237512e-01
-5.731719788824700679e-01
-2.695518748047059931e-01
2.168675971268551717e+00
1.967282804837174881e+00
6.068212968945392305e-01
-1.128087532134965931e-01
-5.312022800174454051e-01
-2.695518748047059931e-01
2.168675971268551717e+00
1.967282804837174881e+00
6.401596163227344372e-01
-1.163064638370377157e-01
-5.591497951611499317e-01
-4.231135285838318327e-01
1.617733725205971806e+00
2.128034246189376866e+00
6.058545409762490230e-01
-1.571844214935463058e-01
-5.352789301978559955e-01
-4.231135285838318327e-01
1.617733725205971806e+00
2.128034246189376866e+00
6.453878643960724304e-01
-1.528257870216563619e-01
-5.532472292140148129e-01
-2.221441471072811424e+00
nan
-2.221441467085554233e+00
2.610459999999999864e-02
2.799937000000000120e-01
1.333500000000000241e-01
1.454764931866013855e+00
-1.029003944204005316e+00
-1.454764937852515594e+00
8.860460000000003333e-02
2.799937001121810543e-01
1.333499998878189818e-01
-3.853655196908679081e-01
3.030707990314129407e+00
5.195158198611925515e-01
2.073546000000001110e-01
2.799937003253250012e-01
1.333499992483870855e-01
-6.642606358025834323e-01
-1.194456814914302667e+00
-1.364013272490365969e+00
2.586581101885679912e-01
9.284820624083547913e-02
6.724770060300075403e-02
-1.150704003605565573e+00
8.304107203660512360e-01
-1.306162465711801168e+00
3.099616203771359269e-01
-9.429728796620043263e-02
1.145402304561643492e-03
-4.562307582025128538e-01
1.556425565454187254e-01
3.092598864884634313e+00
3.587347285407699315e-01
-1.169015926788551929e-01
-1.993875858258603029e-01
1.164701832152414296e+00
1.111387418146267958e+00
-1.257542208573910303e+00
3.885586323313409141e-01
-1.272726686332618096e-01
-2.982159119588000395e-01
-1.168692489635892118e+00
-1.249506881410577641e+00
1.114981820288367231e+00
4.922563956628902559e-01
-1.297756514941772465e-01
-2.960778154146851415e-01
-1.168692489612470631e+00
-1.249506877289991769e+00
1.114981824757733220e+00
4.922563956565264576e-01
-1.297756517801035292e-01
-2.960778154407618379e-01
4.307978891977248259e-01
-2.196730719487661965e+00
1.614016544839430134e+00
6.074879177314812528e-01
-1.324965292117001592e-01
-3.251510700135036291e-01
4.307978891977248259e-01
-2.196730719487661965e+00
1.614016544839430134e+00
6.456516676123025267e-01
-1.425481647243704020e-01
-3.065168556977738712e-01
-5.186822688601931963e-01
2.018922888571804464e+00
1.825086504145372102e+00
6.067836764032815688e-01
-1.128125428207237269e-01
-2.645553705929052368e-01
-5.186822688601931963e-01
2.018922888571804464e+00
1.825086504145372102e+00
6.461546040008394609e-01
-1.155909347977415735e-01
-2.831820107284717114e-01
-4.229621713046462506e-01
1.617833736472889417e+00
2.128168247497942644e+00
6.058166352625954376e-01
-1.571881950028689579e-01
-2.686321283538580240e-01
-4.229621713046462506e-01
1.617833736472889417e+00
2.128168247497942644e+00
6.453464488197219184e-01
-1.528278711106435539e-01
-2.866077379486315357e-01
0.000000000000000000e+00
0.000000000000000000e+00
0.000000000000000000e+00
0.000000000000000000e+00
0.000000000000000000e+00
0.000000000000000000e+00
-3.637360823578084101e-01
-6.528685235369311011e-10
1.958605897835338293e-09
0.000000000000000000e+00
-0.000000000000000000e+00
0.000000000000000000e+00
-3.637360885931354981e-01
2.779224139229473645e-01
-7.870928629813089827e-01
-0.000000000000000000e+00
0.000000000000000000e+00
0.000000000000000000e+00
-6.269088257563946165e-01
1.237967588924548279e+00
-4.481010043470678994e-01
-1.656722656226349566e-01
-6.441729739068946525e-02
5.381572250100984112e-02
-1.109612798224222097e+00
1.153995681515477489e+00
-5.850296677002777557e-01
-3.313445312452699687e-01
-1.288345946551772148e-01
1.076314450465814809e-01
-1.431755902631710597e+00
1.265912490465554097e+00
4.819630545044635284e-01
-5.759704731012224022e-01
-3.798919775789110220e-01
7.638677344317199025e-02
-1.451145418275096022e+00
5.240636645748697475e-01
5.539215172530528308e-01
-6.960783136621204736e-01
-5.070048980068339040e-01
5.345705735214267840e-02
-2.672371381792229439e+00
5.535363764749573479e-01
5.287030124290611477e-01
-6.935698480165740643e-01
-4.464570635821027977e-01
2.744509297381070301e-03
-2.672371381792228551e+00
5.535363764749567927e-01
5.287030124290610367e-01
-6.935698478798379973e-01
-4.464570636551514204e-01
2.744510065004077126e-03
-2.587539802200570005e+00
1.225894966587210311e+00
7.176294814761005059e-01
-7.082225674465202347e-01
-4.632181235322420099e-01
-5.377049246525628101e-02
-2.587539802200570005e+00
1.225894966587210311e+00
7.176294814761005059e-01
-6.781773902725894976e-01
-3.876320642787262627e-01
-7.455765097308325595e-02
-2.649640235210386940e+00
1.425269907404017156e+00
4.467188576828675650e-01
-6.850877710267150311e-01
-3.016575149125936273e-01
-1.059829923973148874e-01
-2.649640235210386940e+00
1.425269907404017156e+00
4.467188576828675650e-01
-7.233580300535016328e-01
-3.608155195394747161e-01
-1.442314210424867627e-01
-2.689050730868577599e+00
-3.582329586714754766e-01
2.708344544825367350e-01
-6.638827956975205113e-01
-3.130629649545845772e-01
1.314040813014116793e-02
-2.689050730868577599e+00
-3.582329586714754766e-01
2.708344544825367350e-01
-6.586264271681512295e-01
-3.506736464741619930e-01
1.558195833271625030e-02
0.000000000000000000e+00
0.000000000000000000e+00
0.000000000000000000e+00
0.000000000000000000e+00
0.000000000000000000e+00
0.000000000000000000e+00
-3.629407167706427684e-01
-6.514409248417483149e-10
1.954323101034262471e-09
0.000000000000000000e+00
-0.000000000000000000e+00
0.000000000000000000e+00
-3.629407230063473322e-01
2.780190554121016455e-01
-7.871135326437666002e-01
-0.000000000000000000e+00
0.000000000000000000e+00
0.000000000000000000e+00
-6.264196125573668894e-01
1.239140172016209407e+00
-4.476326649910894462e-01
-1.656824495971645494e-01
-6.437290320428706858e-02
5.365936748845395732e-02
-1.110702276524041743e+00
1.154877176608119171e+00
-5.849344092173893728e-01
-3.313648991943292099e-01
-1.287458062826528915e-01
1.073187350213849617e-01
-1.432608472883828421e+00
1.266818042434576519e+00
4.817753944843386482e-01
-5.761779059660465663e-01
-3.800073219266718594e-01
7.609843827455378684e-02
-1.452016634578825016e+00
5.243018420953902137e-01
5.538383867618773548e-01
-6.963788834057019761e-01
-5.072211962918821149e-01
5.317467014203022813e-02
-2.672357865687560174e+00
5.537575730008245101e-01
5.286767313209699282e-01
-6.938716274592627853e-01
-4.466848425891317143e-01
2.440114556242031774e-03
-2.672357865687560174e+00
5.537575730008239550e-01
5.286767313209699282e-01
-6.938716273225403741e-01
-4.466848426621826129e-01
2.440115323863352448e-03
-2.587561888776748198e+00
1.225767104927361739e+00
7.175047850624872714e-01
-7.085326976271155708e-01
-4.634587587650585427e-01
-5.409905446765544967e-02
-2.587561888776748198e+00
1.225767104927361739e+00
7.175047850624872714e-01
-6.784793941146826102e-01
-3.878589028189611820e-01
-7.486969469978110858e-02
-2.697162565069926909e+00
-3.974757040050618251e-01
6.181354243281680372e-01
-6.853838357662253022e-01
-3.018976807950371488e-01
-1.063117313589574675e-01
-2.697162565069926909e+00
-3.974757040050618251e-01
6.181354243281680372e-01
-6.762627763614281751e-01
-3.278001922450060057e-01
-8.316896936328260770e-02
-2.689190735636058704e+00
-3.657773490406791561e-01
2.686093173976085158e-01
-6.641809965037499541e-01
-3.133034886133332364e-01
1.281139815007203975e-02
-2.689190735636058704e+00
-3.657773490406791561e-01
2.686093173976085158e-01
-6.587771493031067127e-01
-3.510252551665742349e-01
1.554476594572495873e-02
