-2.221441471072811424e+00
nan
-2.221441467085554233e+00
2.610459999999999864e-02
2.799937000000000120e-01
-1.333499999999999686e-01
1.595873917195960612e+00
-9.023853732467848054e-01
-1.595873924169557645e+00
8.860460000000003333e-02
2.799937001121810543e-01
-1.333500001121810108e-01
-7.740559468026838585e-01
2.791339857977480854e+00
7.748443974886320973e-01
2.073546000000000833e-01
2.799937003253250012e-01
-1.333500007516129071e-01
-7.464496726404488969e-02
-1.260175502267564918e+00
-1.589515864566324987e+00
3.129314299498151541e-01
1.294142023151773346e-01
-2.239278554223866624e-01
-6.545561606842662528e-01
6.171790635697238514e-01
-1.240959865398349349e+00
4.185082598996301972e-01
-2.116529588463522682e-02
-3.145057097778554689e-01
-9.169971353644704726e-01
-4.639994610259376429e-01
2.619687126875400729e+00
5.435535809835357890e-01
1.776157963896070335e-02
-4.756007625789687721e-01
1.738565224334898129e+00
1.280035536457106105e+00
-1.056555226329661146e+00
6.103299163482458489e-01
3.788926423195316390e-02
-5.524113077416272777e-01
-6.931889755695347377e-01
-1.505598705266919968e+00
2.766076432814886243e-01
7.105431173698545377e-01
1.232383770796825068e-02
-5.441780940525883237e-01
-6.931889754787774471e-01
-1.505598703329137811e+00
2.766076486500778642e-01
7.105431173470624362e-01
1.232383754322693287e-02
-5.441780942867145976e-01
3.517921893133768019e-01
-2.879058976756175170e+00
5.738923007390986930e-01
8.287703326775215373e-01
6.935784989892498226e-03
-5.553250862597889359e-01
3.517921893133768019e-01
-2.879058976756175170e+00
5.738923007390986930e-01
8.618274011167822435e-01
-2.063654026919278794e-02
-5.481321570498466356e-01
-2.375417218116762652e-01
9.721393433892311364e-01
2.165883417493537078e+00
8.163962024567318343e-01
-2.444528169174861598e-02
-5.012704507549468058e-01
-2.375417218116762652e-01
9.721393433892311364e-01
2.165883417493537078e+00
8.588477432727040783e-01
-2.213786260083863353e-02
-5.111336968787513202e-01
-1.808197931938433090e-01
5.174670942004464536e-01
2.269136950367539818e+00
8.128854096155884168e-01
-4.999584815883623135e-02
-5.376242196907465853e-01
-1.808197931938433090e-01
5.174670942004464536e-01
2.269136950367539818e+00
8.560063807213218467e-01
-4.461894330645384960e-02
-5.416753762807743344e-01
-2.221441471072811424e+00
nan
-2.221441467085554233e+00
2.610459999999999864e-02
2.799937000000000120e-01
1.333500000000000241e-01
1.595878638901502500e+00
-9.023808136376647582e-01
-1.595878645875133062e+00
8.860460000000003333e-02
2.799937001121810543e-01
1.333499998878189818e-01
-7.740570403954530887e-01
2.791334717121312092e+00
7.748532902925673316e-01
2.073546000000000833e-01
2.799937003253250012e-01
1.333499992483870855e-01
-7.464430155236484454e-02
-1.260168607211831882e+00
-1.589511787662335474e+00
3.129317244809022847e-01
1.294149757913220233e-01
4.277120203812947996e-02
-6.545577126004786805e-01
6.171837195945825139e-01
-1.240949898808799023e+00
4.185088489618045138e-01
-2.116374893234804211e-02
-4.780759485682446741e-02
-9.169863386203271904e-01
-4.640092904622844516e-01
2.619690266807959134e+00
5.435529682649553607e-01
1.776478334653277397e-02
-2.089031801542236000e-01
1.738567690538486143e+00
1.280041351865630839e+00
-1.056551885285511583e+00
6.103287193317542547e-01
3.789330940206317444e-02
-2.857140127776026661e-01
-6.931872822867113371e-01
-1.505597603647110816e+00
2.766091677179658981e-01
7.105419734970455092e-01
1.232803205725309381e-02
-2.774809827226548675e-01
-6.931872821959513820e-01
-1.505597601709330879e+00
2.766091730865548048e-01
7.105419734742532967e-01
1.232803189251179682e-02
-2.774809829567811970e-01
3.516935477997341075e-01
-2.879081512710738089e+00
5.739037277387284419e-01
8.287691771282381659e-01
6.940159963019665312e-03
-2.886281860764240981e-01
3.516935477997341075e-01
-2.879081512710738089e+00
5.739037277387284419e-01
8.618243110879699742e-01
-2.063418915907486509e-02
-2.814341250531193772e-01
-2.461369500705092028e-01
9.659522098526321932e-01
2.147999562943114782e+00
8.163951901856224547e-01
-2.444093735881137930e-02
-2.345735355606567429e-01
-2.461369500705092028e-01
9.659522098526321932e-01
2.147999562943114782e+00
8.590075615489844996e-01
-2.273996387614813514e-02
-2.438489665809492335e-01
-1.808181291987520367e-01
5.174677960553044631e-01
2.269138817045392997e+00
8.128843712872972915e-01
-4.999150104948518747e-02
-2.709273039313770948e-01
-1.808181291987520367e-01
5.174677960553044631e-01
2.269138817045392997e+00
8.560053270965872763e-01
-4.461453032145359932e-02
-2.749785359036485133e-01
0.000000000000000000e+00
0.000000000000000000e+00
0.000000000000000000e+00
0.000000000000000000e+00
0.000000000000000000e+00
0.000000000000000000e+00
-9.270712289581761745e-01
-1.663996655322472775e-09
4.991990799979976947e-09
0.000000000000000000e+00
-0.000000000000000000e+00
0.000000000000000000e+00
-9.270712361351284292e-01
5.043993310488085191e-01
-8.385294495897435141e-01
-0.000000000000000000e+00
0.000000000000000000e+00
0.000000000000000000e+00
-1.453477883724697106e+00
1.255189526973058189e+00
-3.869077757832545261e-01
-1.719527528897233926e-01
-1.725014048033504943e-01
8.634503895593426126e-02
-8.273083067716353600e-01
1.351573693971674039e+00
1.827184328003972069e-01
-3.439055057794466741e-01
-3.450028093143909236e-01
1.726900780877013430e-01
-1.512085660361554895e+00
1.145168497966174037e+00
9.703945093177881454e-01
-5.687499990638966718e-01
-4.554299995790933031e-01
-2.852241592088314293e-02
-1.699886148476946524e+00
2.837396097509704562e-01
5.813958751509626932e-01
-6.762428103101011390e-01
-5.067747342938248023e-01
-1.354273548395178162e-01
-2.673870262805972953e+00
5.322130566393599160e-01
5.013762850077462252e-01
-6.590430879434572287e-01
-4.345156666767393538e-01
-1.204034949612574623e-01
-2.673870262805972509e+00
5.322130566393596940e-01
5.013762850077456701e-01
-6.590430879854650703e-01
-4.345156673141903347e-01
-1.204034945086304431e-01
-2.785054840366915752e+00
2.011573102684392489e-01
-2.566654485976888056e-01
-6.622742208831720045e-01
-4.050449556615344227e-01
-1.689186086608168991e-01
-2.785054840366915752e+00
2.011573102684392489e-01
-2.566654485976888056e-01
-6.679041738218531865e-01
-3.934968606492552645e-01
-9.877784171043188510e-02
-2.553128196514236947e+00
1.225064405572845683e+00
1.183138161440218106e+00
-6.177719154631921006e-01
-2.667139686586227354e-01
-7.842403397758565542e-02
-2.553128196514236947e+00
1.225064405572845683e+00
1.183138161440218106e+00
-6.325850227937606096e-01
-2.416700624951541032e-01
-1.363210423351336187e-01
-2.642814049282138811e+00
9.307586387465673905e-01
1.360912489782959423e+00
-6.243094178537631489e-01
-3.656794586291013949e-01
-8.236644314179995818e-03
-2.642814049282138811e+00
9.307586387465673905e-01
1.360912489782959423e+00
-6.353975638168283258e-01
-3.177020440317059324e-01
-6.258202036751202291e-02
0.000000000000000000e+00
0.000000000000000000e+00
0.000000000000000000e+00
0.000000000000000000e+00
0.000000000000000000e+00
0.000000000000000000e+00
-9.270631541263397724e-01
-1.663982161837238433e-09
4.991947319517009620e-09
0.000000000000000000e+00
-0.000000000000000000e+00
0.000000000000000000e+00
-9.270631613032801477e-01
5.044048383022827764e-01
-8.385255721617478342e-01
-0.000000000000000000e+00
0.000000000000000000e+00
0.000000000000000000e+00
-1.453494082886579886e+00
1.255223703817592629e+00
-3.868796331407187150e-01
-1.719524947057162190e-01
-1.725013848013305928e-01
8.634237598929921098e-02
-8.273398017582604957e-01
1.351606956189616238e+00
1.827271991220992819e-01
-3.439049894114323824e-01
-3.450027693103547843e-01
1.726847521544317976e-01
-1.512106701064324987e+00
1.145194476293152963e+00
9.704010904425069972e-01
-5.687562047800885923e-01
-4.554345972274813081e-01
-2.853287350466029992e-02
-1.699908927753058352e+00
2.837524440162576544e-01
5.813909478468107794e-01
-6.762522896531470984e-01
-5.067815103012837108e-01
-1.354405739078003157e-01
-2.673866305307301072e+00
5.322174884631205583e-01
5.013753814616899174e-01
-6.590527264259307128e-01
-4.345230301824466457e-01
-1.204176865010985753e-01
-2.673866305307301072e+00
5.322174884631202252e-01
5.013753814616894733e-01
-6.590527264679396646e-01
-4.345230308198968494e-01
-1.204176860484720557e-01
-2.785035688846902335e+00
2.012095059570322697e-01
-2.565568614032684991e-01
-6.622841165717484602e-01
-4.050529523087609274e-01
-1.689338222356336350e-01
-2.785035688846902335e+00
2.012095059570322697e-01
-2.565568614032684991e-01
-6.679109915734270375e-01
-3.934977570330882024e-01
-9.878928300725725586e-02
-2.556562788825274435e+00
1.205336588820144605e+00
1.163720746706840004e+00
-6.177815765940756210e-01
-2.667220560730446666e-01
-7.843931123034619812e-02
-2.556562788825274435e+00
1.205336588820144605e+00
1.163720746706840004e+00
-6.309410511112849562e-01
-2.408463772479192966e-01
-1.341502070815535907e-01
-2.642689377643852922e+00
9.323001281159620790e-01
1.364226876063231453e+00
-6.243192642755377442e-01
-3.656874105548508780e-01
-8.252000679729663835e-03
-2.642689377643852922e+00
9.323001281159620790e-01
1.364226876063231453e+00
-6.354316363412998436e-01
-3.175667914177753848e-01
-6.266333673208450417e-02
