-2.221441471072811424e+00
nan
-2.221441467085554233e+00
2.610459999999999864e-02
2.799937000000000120e-01
-1.333499999999999686e-01
1.455494145335346490e+00
-1.028396577255981326e+00
-1.455494151326865104e+00
8.860460000000003333e-02
2.799937001121810543e-01
-1.333500001121810108e-01
-2.032304260972679077e-01
-3.067542602732363566e+00
-5.274547566483089867e-01
2.073546000000000833e-01
2.799937003253250012e-01
-1.333500007516129071e-01
-1.124273098139018989e+00
-7.070193664197331751e-01
-1.209308451028038522e+00
1.803100410106110996e-01
8.845640935028389884e-02
-2.012253128688469284e-01
-2.027714143953343040e+00
8.936389128969177698e-01
-1.533772182644663085e+00
1.532654820212220881e-01
-1.030808817476606132e-01
-2.691006246392599888e-01
-4.699786328949841496e-01
-1.091982205558833963e+00
-2.733571424449638076e+00
9.494132223990577046e-02
-2.463046753901833308e-01
-4.076231402114499636e-01
3.763797594438892946e-01
8.991476596442741220e-01
-1.535886023074161333e+00
7.121511185226243879e-02
-3.181792124396657928e-01
-4.785821450280612899e-01
-1.638924466768992394e+00
-3.928651229554762647e-01
2.311209723727777110e+00
1.693448615040115124e-01
-3.120982335885476022e-01
-5.117127416042974719e-01
-1.638924467133172858e+00
-3.928651159578189223e-01
2.311209725703203155e+00
1.693448615950639002e-01
-3.120982336972424886e-01
-5.117127413545592418e-01
6.280957687452475291e-01
-2.204471261720983288e-01
1.337445472630637511e+00
2.764720782780101249e-01
-3.353669776419501702e-01
-5.576832317387256932e-01
6.280957687452475291e-01
-2.204471261720983288e-01
1.337445472630637511e+00
3.048134134644264748e-01
-3.594071316247111625e-01
-5.805651206674470322e-01
-4.386212916095759140e-01
-2.737135534614947296e+00
-2.139607834946491149e-01
2.726788855451804383e-01
-2.717638531356122988e-01
-5.574634448353402716e-01
-4.386212916095759140e-01
-2.737135534614947296e+00
-2.139607834946491149e-01
2.826866401759012271e-01
-3.123900017325212941e-01
-5.698772283860212839e-01
1.312564213844420236e+00
-2.633982407263902648e+00
-1.018688517843260311e+00
2.868277137363399176e-01
-2.886606454275649769e-01
-5.187198944035630310e-01
1.312564213844420236e+00
-2.633982407263902648e+00
-1.018688517843260311e+00
3.280543355385661664e-01
-2.864381801446413411e-01
-5.328679482433108516e-01
-2.221441471072811424e+00
nan
-2.221441467085554233e+00
2.610459999999999864e-02
2.799937000000000120e-01
1.333500000000000241e-01
1.455925190749065345e+00
-1.028037338805183776e+00
-1.455925196743549588e+00
8.860460000000003333e-02
2.799937001121810543e-01
1.333499998878189818e-01
-2.035649117287683385e-01
-3.067283143653475097e+00
-5.283707668858718121e-01
2.073546000000000833e-01
2.799937003253250012e-01
1.333499992483870855e-01
-1.124139849232471677e+00
-7.058253215093563959e-01
-1.208760742522309251e+00
1.802636485578086312e-01
8.850356012655136162e-02
6.536024592767816777e-02
-2.029740824387506137e+00
8.924311061164940106e-01
-1.533435567566266089e+00
1.531726971156171790e-01
-1.029865801953366578e-01
-2.629507046284659810e-03
-4.706352777386366149e-01
-1.094111748075404345e+00
-2.732729539960701448e+00
9.480561668602986714e-02
-2.464353799943772572e-01
-1.409008914985309113e-01
3.752172417044172814e-01
8.979995405204853620e-01
-1.536107589470784074e+00
7.105633451245241261e-02
-3.184207365338498352e-01
-2.117397405866182636e-01
-1.638875071636855418e+00
-3.927263071285853613e-01
2.311168814976654495e+00
1.691856169880057714e-01
-3.123516809902340263e-01
-2.448739070261347073e-01
-1.638875072000586908e+00
-3.927263001310570267e-01
2.311168816952015259e+00
1.691856170790546621e-01
-3.123516810989324655e-01
-2.448739067763966437e-01
6.282825707238171020e-01
-2.185416394867324419e-01
1.331967563335213933e+00
2.763086183681776054e-01
-3.356337024559490345e-01
-2.908474976901159192e-01
6.282825707238171020e-01
-2.185416394867324419e-01
1.331967563335213933e+00
3.044675816591764228e-01
-3.598317970374448338e-01
-3.137879887400295553e-01
1.376644929124156036e+00
-2.557888149116729792e+00
-5.012895323629651401e-01
2.725225894282435335e-01
-2.720301457368264897e-01
-2.906292732566842507e-01
1.376644929124156036e+00
-2.557888149116729792e+00
-5.012895323629651401e-01
3.137952973116777122e-01
-2.698812521078878812e-01
-3.046537862518017836e-01
1.311955988075101276e+00
-2.634182751225067509e+00
-1.018639191555621437e+00
2.866708620524623385e-01
-2.889274979818363120e-01
-2.518857641505276024e-01
1.311955988075101276e+00
-2.634182751225067509e+00
-1.018639191555621437e+00
3.278954446112479770e-01
-2.867211505676258154e-01
-2.660422802668492848e-01
0.000000000000000000e+00
0.000000000000000000e+00
0.000000000000000000e+00
0.000000000000000000e+00
0.000000000000000000e+00
0.000000000000000000e+00
4.459305170261501083e-01
8.003990045852350560e-10
-2.401197414924072785e-09
0.000000000000000000e+00
-0.000000000000000000e+00
0.000000000000000000e+00
4.459305101069441224e-01
3.093960116261273430e-01
-8.730843642463760323e-01
0.000000000000000000e+00
0.000000000000000000e+00
0.000000000000000000e+00
5.730500654697500140e-01
1.209693009973191291e+00
-5.540449798085651523e-01
-1.882285647773675186e-01
5.387985414768058090e-02
-7.704484318149769362e-02
-1.647102517330161886e+00
1.288336940037501321e+00
1.086378151417830562e-01
-3.764571295547350926e-01
1.077597081407031393e-01
-1.540896864178017966e-01
-1.728682092483204258e+00
1.041205430157941425e+00
-1.353457528888144523e-01
-5.393612833756661340e-01
-1.267372852537799188e-01
1.569557541752922281e-01
-1.603681811982719196e+00
6.968236021015107307e-01
1.716836601005860552e-01
-6.229720978398223252e-01
-2.461916043725713432e-01
3.059078383709370463e-01
-2.682941706585134423e+00
6.299432068169537047e-01
5.360637196548329042e-01
-6.471022841920015534e-01
-2.824752649370518287e-01
2.277767575626961083e-01
-2.682941706585133979e+00
6.299432068169533716e-01
5.360637196548334593e-01
-6.471022839764131174e-01
-2.824752642182088436e-01
2.277767577969603829e-01
-3.803397105728848260e+00
3.656107418304983980e+00
-4.031070400058531789e+00
-6.635875526772671007e-01
-3.483843958907301142e-01
2.227213789714370118e-01
-3.803397105728848260e+00
3.656107418304983980e+00
-4.031070400058531789e+00
-8.441537496671527308e-01
-5.496592233839381336e-01
2.105366652310211584e-01
-3.390997182068946625e+00
1.071575424389121567e+00
-1.480071124139562100e+00
-6.975444269150686827e-01
-3.498281134468046449e-01
5.446739955844995262e-02
-3.390997182068946625e+00
1.071575424389121567e+00
-1.480071124139562100e+00
-7.709763217149523395e-01
-4.067354071323817100e-01
1.815064910532857567e-01
-2.384116670990906073e+00
8.824979704323848706e-02
1.321730218819609837e+00
-6.640804331863415788e-01
-2.382967526632951694e-01
9.088755010259477740e-02
-2.384116670990906073e+00
8.824979704323848706e-02
1.321730218819609837e+00
-6.682664955909737303e-01
-2.175368918288650422e-01
8.195069256405321245e-02
0.000000000000000000e+00
0.000000000000000000e+00
0.000000000000000000e+00
0.000000000000000000e+00
0.000000000000000000e+00
0.000000000000000000e+00
4.470449974095910273e-01
8.023993812257141317e-10
-2.407198545848120020e-09
0.000000000000000000e+00
-0.000000000000000000e+00
0.000000000000000000e+00
4.470449904760246396e-01
3.105730774274744199e-01
-8.747153660081533610e-01
0.000000000000000000e+00
0.000000000000000000e+00
0.000000000000000000e+00
5.747819844804625822e-01
1.213471410784322080e+00
-5.541357552650412188e-01
-1.886151549932702787e-01
5.409135013198926312e-02
-7.719098774157365228e-02
-1.651159118811776016e+00
1.291613053264270228e+00
1.127221964158706680e-01
-3.772303099865406129e-01
1.081827001089674112e-01
-1.543819755381849457e-01
-1.734036028274694496e+00
1.040408665991662929e+00
-1.344812701740584204e-01
-5.396535712514157757e-01
-1.267046227044926199e-01
1.578625012963861540e-01
-1.608894801987583056e+00
6.964145936659998926e-01
1.731256717615787810e-01
-6.230356059128983048e-01
-2.463479055923251393e-01
3.073966620285022988e-01
-2.683022679585979287e+00
6.299824193089749169e-01
5.358138605412557931e-01
-6.471614322882822679e-01
-2.826685957969927165e-01
2.292935257294562712e-01
-2.683022679585979287e+00
6.299824193089748059e-01
5.358138605412563482e-01
-6.471614320727093750e-01
-2.826685950781548384e-01
2.292935259637376988e-01
-3.809689477976673011e+00
3.673421012035817057e+00
-4.057426262679467932e+00
-6.636491563563481355e-01
-3.486187932881804619e-01
2.242741097754580026e-01
-3.809689477976673011e+00
3.673421012035817057e+00
-4.057426262679467932e+00
-8.461012226672829373e-01
-5.502678578473799709e-01
2.130216086593666458e-01
-2.358516929859514555e+00
4.275738366369992161e-01
1.459787228152676697e+00
-6.975913460696505641e-01
-3.500618989664706637e-01
5.600945626687270362e-02
-2.358516929859514555e+00
4.275738366369992161e-01
1.459787228152676697e+00
-7.067247883721217150e-01
-3.228895784589767559e-01
3.329412420443560866e-02
-2.384231305724735517e+00
8.827631619190132173e-02
1.321484410295939549e+00
-6.641297809311104139e-01
-2.385313447731336189e-01
9.243227254833882856e-02
-2.384231305724735517e+00
8.827631619190132173e-02
1.321484410295939549e+00
-6.682951197355464501e-01
-2.178061105052712665e-01
8.353267568723485303e-02
