-2.221441471072811424e+00
nan
-2.221441467085554233e+00
2.610459999999999864e-02
2.799937000000000120e-01
-1.333499999999999686e-01
1.554248149712222027e+00
-9.417091583497693152e-01
-1.554248156391095037e+00
8.860460000000003333e-02
2.799937001121810543e-01
-1.333500001121810108e-01
-6.916686649388271713e-01
2.864640728140369408e+00
7.030184917550904578e-01
2.073546000000000833e-01
2.799937003253250012e-01
-1.333500007516129071e-01
-2.210469723416061960e-01
-1.270320104546094342e+00
-1.532286105666597065e+00
3.008959635272193678e-01
1.183037650190192358e-01
-2.177974881630883597e-01
-7.658410640515836976e-01
6.604332224846238830e-01
-1.232988260624539700e+00
3.944373270544386800e-01
-4.338617045762818702e-02
-3.022449752484139829e-01
-8.360441514614668224e-01
-3.437403875428323707e-01
2.750494317661328569e+00
5.034058911060101948e-01
-1.366351767063790634e-02
-4.764450497600014600e-01
1.611049717991758889e+00
1.237396795007130068e+00
-1.106403018595822241e+00
5.624741961374877253e-01
2.080827095907497593e-03
-5.602729296603096154e-01
-8.047731803923184879e-01
-1.469631974479979064e+00
4.587802938019543419e-01
6.638256254673042811e-01
-1.829890452308449711e-02
-5.515198266710229502e-01
-8.047731803043112198e-01
-1.469631972051673285e+00
4.587802990277641269e-01
6.638256254430400238e-01
-1.829890472906840759e-02
-5.515198268696588357e-01
3.164041163651013511e-01
-2.779368003133292575e+00
8.361148207462414383e-01
7.817292794877632733e-01
-2.188513305204470294e-02
-5.662449181928975728e-01
3.164041163651013511e-01
-2.779368003133292575e+00
8.361148207462414383e-01
8.147734502619384811e-01
-4.779676746097358264e-02
-5.543532780740931809e-01
-2.692423155991226502e-01
1.226808966361212283e+00
2.176782382807323390e+00
7.724149853634421081e-01
-4.306461161909325153e-02
-5.068776908957299820e-01
-2.692423155991226502e-01
1.226808966361212283e+00
2.176782382807323390e+00
8.135704954538465206e-01
-3.963988269464440578e-02
-5.209928014373682581e-01
-2.215925134543988428e-01
7.689564069057094331e-01
2.321681263215269464e+00
7.686744225137250863e-01
-7.501871350832924057e-02
-5.377272806988317999e-01
-2.215925134543988428e-01
7.689564069057094331e-01
2.321681263215269464e+00
8.107481163002471236e-01
-6.688582400540335482e-02
-5.459978020911732122e-01
-2.221441471072811424e+00
nan
-2.221441467085554233e+00
2.610459999999999864e-02
2.799937000000000120e-01
1.333500000000000241e-01
1.554253650129302944e+00
-9.417040754701674343e-01
-1.554253656808214812e+00
8.860460000000003333e-02
2.799937001121810543e-01
1.333499998878189818e-01
-6.916699973447313354e-01
2.864635437876686286e+00
7.030292224085481489e-01
2.073546000000000833e-01
2.799937003253250012e-01
1.333499992483870855e-01
-2.210475660466069137e-01
-1.270310923318868523e+00
-1.532279533447936437e+00
3.008962775845810400e-01
1.183045766965670209e-01
4.890130562423110339e-02
-7.658460156277187014e-01
6.604391137683087720e-01
-1.232977644765708369e+00
3.944379551691619690e-01
-4.338454710253522584e-02
-3.554738767377639552e-02
-8.360296413016220507e-01
-3.437480168057139851e-01
2.750498793756082971e+00
5.034047566304711285e-01
-1.366055073662108751e-02
-2.097483354878764694e-01
1.611051048889731829e+00
1.237401993505272246e+00
-1.106401809998849517e+00
5.624722031933273581e-01
2.084487881801419529e-03
-2.935766899715983036e-01
-8.047711625676007285e-01
-1.469630285686529536e+00
4.587816367205120871e-01
6.638236776353469981e-01
-1.829513108983269604e-02
-2.848238470620256257e-01
-8.047711624795892416e-01
-1.469630283258226644e+00
4.587816419463213724e-01
6.638236776110825188e-01
-1.829513129581653713e-02
-2.848238472606615668e-01
3.163178732427285311e-01
-2.779391213078389100e+00
8.361285326458280931e-01
7.817272994452673096e-01
-2.188121646346125743e-02
-2.995492313545298213e-01
3.163178732427285311e-01
-2.779391213078389100e+00
8.361285326458280931e-01
8.147697218125867780e-01
-4.779445358583647718e-02
-2.876562254035843202e-01
-2.818530213642128079e-01
1.218050395201126790e+00
2.157410129858372994e+00
7.724131762891841557e-01
-4.306073464037655368e-02
-2.401819913648938210e-01
-2.818530213642128079e-01
1.218050395201126790e+00
2.157410129858372994e+00
8.138660359649884102e-01
-4.018736198510881874e-02
-2.535290988752140207e-01
-2.215631547019870640e-01
7.689791899603618530e-01
2.321758116398759952e+00
7.686725741493174446e-01
-7.501482584401342191e-02
-2.710315874721507812e-01
-2.215631547019870640e-01
7.689791899603618530e-01
2.321758116398759952e+00
8.107453284050821773e-01
-6.687913217103226560e-02
-2.793041301528170206e-01
0.000000000000000000e+00
0.000000000000000000e+00
0.000000000000000000e+00
0.000000000000000000e+00
0.000000000000000000e+00
0.000000000000000000e+00
-7.760404641440750151e-01
-1.392912104695352555e-09
4.178737012228199685e-09
0.000000000000000000e+00
-0.000000000000000000e+00
0.000000000000000000e+00
-7.760404710741692913e-01
4.336187699050569888e-01
-8.302412957831546425e-01
-0.000000000000000000e+00
0.000000000000000000e+00
0.000000000000000000e+00
-1.259245409046344966e+00
1.268857559427126969e+00
-3.940124316711076657e-01
-1.708596770167384038e-01
-1.431965707759929041e-01
8.491664257514294767e-02
-8.432060603116697806e-01
1.348612303091047071e+00
-8.587598267180014677e-02
-3.417193540334768076e-01
-2.863931412988803271e-01
1.698332852824778749e-01
-1.507883840098859007e+00
1.171445951050732237e+00
8.574138081341422524e-01
-5.740952557034850745e-01
-4.426374823520589641e-01
-2.185381806165731522e-03
-1.654279355790359229e+00
3.313230747461222148e-01
5.964681770762196855e-01
-6.857945048007286770e-01
-5.183942074464134020e-01
-9.512135161713836107e-02
-2.673237550831980780e+00
5.362150517833681462e-01
5.084669912111303702e-01
-6.707385384366659764e-01
-4.434612275757047750e-01
-9.498764951876098594e-02
-2.673237550831980336e+00
5.362150517833677021e-01
5.084669912111298151e-01
-6.707385384384415561e-01
-4.434612281190432048e-01
-9.498764895510636297e-02
-2.744743018697947345e+00
2.650078943117328834e-01
1.162097604643526072e-01
-6.768108753196671046e-01
-4.228747789588368500e-01
-1.486225226953083456e-01
-2.744743018697947345e+00
2.650078943117328834e-01
1.162097604643526072e-01
-6.706483119839682372e-01
-3.863952275914699919e-01
-8.625871116448885489e-02
-2.562459148869419501e+00
1.306087628766841036e+00
1.018257297215288126e+00
-6.342082087178734229e-01
-2.689080887679199394e-01
-8.701028057663495741e-02
-2.562459148869419501e+00
1.306087628766841036e+00
1.018257297215288126e+00
-6.561310351932879703e-01
-2.631705844424724328e-01
-1.495387111261526625e-01
-2.663619947894292572e+00
6.553946488691022587e-01
6.745898400480158097e-01
-6.345026170671658194e-01
-3.532783233949669532e-01
4.163705989419230757e-04
-2.663619947894292572e+00
6.553946488691022587e-01
6.745898400480158097e-01
-6.454094371599707891e-01
-3.469253627934147932e-01
-4.882142988091525693e-02
0.000000000000000000e+00
0.000000000000000000e+00
0.000000000000000000e+00
0.000000000000000000e+00
0.000000000000000000e+00
0.000000000000000000e+00
-7.757735053165414341e-01
-1.392432941301808354e-09
4.177299521807405325e-09
0.000000000000000000e+00
-0.000000000000000000e+00
0.000000000000000000e+00
-7.757735122463511601e-01
4.336079628253668994e-01
-8.302045777085892420e-01
-0.000000000000000000e+00
0.000000000000000000e+00
0.000000000000000000e+00
-1.259155628604718302e+00
1.269146012519520417e+00
-3.938109920453544688e-01
-1.708526766079186687e-01
-1.431717885946874602e-01
8.487372307279872352e-02
-8.431208950760475940e-01
1.348901420781090543e+00
-8.568301511395891301e-02
-3.417053532158372819e-01
-2.863435769363575911e-01
1.697474462777460169e-01
-1.507737043674702626e+00
1.171741114469602829e+00
8.575383587953847586e-01
-5.741384175938214485e-01
-4.425526400770062874e-01
-2.298949452651521952e-03
-1.654173421100824770e+00
3.313801036512001308e-01
5.965152308112150470e-01
-6.858655216767424179e-01
-5.182911542586619014e-01
-9.525008309617055691e-02
-2.673229914411171304e+00
5.362906226505951279e-01
5.085082097175950278e-01
-6.708082505714167976e-01
-4.433547359887379247e-01
-9.512452116692979298e-02
-2.673229914411171748e+00
5.362906226505945728e-01
5.085082097175946947e-01
-6.708082505731989276e-01
-4.433547365320760769e-01
-9.512452060327497572e-02
-2.745034525663635705e+00
2.639514739493329931e-01
1.146136245808498932e-01
-6.768817822291749442e-01
-4.227641141348775222e-01
-1.487686972237158844e-01
-2.745034525663635705e+00
2.639514739493329931e-01
1.146136245808498932e-01
-6.707725957475162426e-01
-3.863302903931593590e-01
-8.635756273779776615e-02
-2.648910632225244033e+00
7.053008503156141806e-01
6.204225819774863426e-01
-6.342737292592611764e-01
-2.687981403497444743e-01
-8.715589875355100880e-02
-2.648910632225244033e+00
7.053008503156141806e-01
6.204225819774863426e-01
-6.454701608173087912e-01
-2.784351451128722621e-01
-1.240039433077935460e-01
-2.663636447321606759e+00
6.551676939562010027e-01
6.742095029133614581e-01
-6.345691606530273754e-01
-3.531683304085757591e-01
2.707835905113586961e-04
-2.663636447321606759e+00
6.551676939562010027e-01
6.742095029133614581e-01
-6.454742253513896522e-01
-3.468375258718467968e-01
-4.896445598522033982e-02
