-2.221441471072811424e+00
nan
-2.221441467085554233e+00
2.610459999999999864e-02
2.799937000000000120e-01
-1.333499999999999686e-01
1.505797210930440055e+00
-9.853609491952246557e-01
-1.505797217270069543e+00
8.860460000000003333e-02
2.799937001121810543e-01
-1.333500001121810108e-01
-4.001950628725774450e-01
-2.996703749308556652e+00
-6.260514932029382917e-01
2.073546000000000833e-01
2.799937003253250012e-01
-1.333500007516129071e-01
-1.164723756373913899e+00
-4.790599815326931910e-01
-1.188319115657768377e+00
1.535604937279058391e-01
9.872281226253371011e-02
-2.125463344502990237e-01
-2.351605583823582535e+00
7.749820387147241529e-01
-1.493331281053022819e+00
9.976638745581159484e-02
-8.254807594756913280e-02
-2.917426678118066885e-01
-6.560541307906583297e-01
-1.387587265882709531e+00
-2.557853253643044056e+00
2.711311623091802736e-02
-2.532661076627948371e-01
-3.849097533495719481e-01
1.378640678333142022e-01
7.886912388673462670e-01
-1.623637567130159054e+00
-4.151695808762942419e-03
-3.391139497741643138e-01
-4.340699204866433902e-01
-1.688775734093313829e+00
-2.945793287857107617e-02
2.608857826340325925e+00
9.050217668595381126e-02
-3.393631977340913486e-01
-4.765510315503666550e-01
-1.688775734614364143e+00
-2.945792517456654810e-02
2.608857827355703041e+00
9.050217680343142224e-02
-3.393631977451723181e-01
-4.765510312885450350e-01
2.973196829010956166e-01
2.454699326584602326e-01
5.178283863215639160e-01
1.956714115290871248e-01
-3.710410564132670674e-01
-5.220142727324211807e-01
2.973196829010956166e-01
2.454699326584602326e-01
5.178283863215639160e-01
1.911016622681966093e-01
-4.136231875916163703e-01
-5.304178803275225729e-01
-8.914985658838336935e-01
-2.619476589100447672e+00
3.904375511925911035e-01
1.865276835367453145e-01
-3.115461297555193187e-01
-5.429078125175146319e-01
-8.914985658838336935e-01
-2.619476589100447672e+00
3.904375511925911035e-01
1.855952499285847823e-01
-3.545547711644733146e-01
-5.355506081345726699e-01
1.413513878595646256e+00
-2.461688900920935730e+00
-5.867167251301823594e-01
2.047787867131386219e-01
-3.132960025435866935e-01
-5.022803734267938802e-01
1.413513878595646256e+00
-2.461688900920935730e+00
-5.867167251301823594e-01
2.447936747408262226e-01
-3.082699381846550901e-01
-5.189623558569939066e-01
-2.221441471072811424e+00
nan
-2.221441467085554233e+00
2.610459999999999864e-02
2.799937000000000120e-01
1.333500000000000241e-01
1.506230095428303439e+00
-9.849806858045323521e-01
-1.506230101770946517e+00
8.860460000000003333e-02
2.799937001121810543e-01
1.333499998878189818e-01
-4.010147444205722778e-01
-2.996210103714556094e+00
-6.269131253607381771e-01
2.073546000000000833e-01
2.799937003253250012e-01
1.333499992483870855e-01
-1.164682123294550564e+00
-4.773014792272529672e-01
-1.187474007480515903e+00
1.534456171917933376e-01
9.880036400388539364e-02
5.405437234948323733e-02
-2.354317263198069998e+00
7.729008882350983933e-01
-1.492128121242426664e+00
9.953663438358657800e-02
-8.239297246507382155e-02
-2.524125421233315569e-02
-6.562688297441773289e-01
-1.390324317835744727e+00
-2.556317622891217667e+00
2.694189931142486338e-02
-2.533431149772519819e-01
-1.180275851823024136e-01
1.362142512654576643e-01
7.870715130965310058e-01
-1.623692538615999492e+00
-4.297398027172563695e-03
-3.393045092066930835e-01
-1.670052076636082683e-01
-1.688753370222407568e+00
-2.927872947809604526e-02
2.608764628437079125e+00
9.035719028661691465e-02
-3.395689810225255845e-01
-2.094846316922562290e-01
-1.688753370742876569e+00
-2.927872177423287633e-02
2.608764629452361206e+00
9.035719040408835001e-02
-3.395689810336108283e-01
-2.094846314304320278e-01
2.960123693927527722e-01
2.467329562498294382e-01
5.084315737389107914e-01
1.955227942930479745e-01
-3.712636737326593384e-01
-2.549445390254034827e-01
2.960123693927527722e-01
2.467329562498294382e-01
5.084315737389107914e-01
1.905600360391115633e-01
-4.138277455296048846e-01
-2.632156905285170101e-01
1.437658958134524267e+00
-2.289654715248720329e+00
-1.311656322697395960e-01
1.863877640620211773e-01
-3.117684389141414103e-01
-2.758410057345782596e-01
1.437658958134524267e+00
-2.289654715248720329e+00
-1.311656322697395960e-01
2.256154567663199995e-01
-3.066871721580317067e-01
-2.942830766014943866e-01
1.412949019077590185e+00
-2.461990392200755995e+00
-5.866113571550984895e-01
2.046379032608180715e-01
-3.135189781090574890e-01
-2.352131623171434260e-01
1.412949019077590185e+00
-2.461990392200755995e+00
-5.866113571550984895e-01
2.446540220984297354e-01
-3.085121043640213778e-01
-2.518979629777869378e-01
0.000000000000000000e+00
0.000000000000000000e+00
0.000000000000000000e+00
0.000000000000000000e+00
0.000000000000000000e+00
0.000000000000000000e+00
6.228907953504821959e-01
1.118024341300227555e-09
-3.354073584266197247e-09
0.000000000000000000e+00
-0.000000000000000000e+00
0.000000000000000000e+00
6.228907867592976544e-01
4.618150995590892260e-01
-1.057039245493269775e+00
0.000000000000000000e+00
0.000000000000000000e+00
0.000000000000000000e+00
8.805082592966672062e-01
1.329912950819714723e+00
-6.777716890880747247e-01
-2.281845054795614003e-01
1.061931481118657816e-01
-8.806903553824906028e-02
-1.533664715026669123e+00
1.522442140252068699e+00
5.213790207978613589e-01
-4.563690109591228561e-01
2.123862960137062050e-01
-1.761380711682571099e-01
-1.831571961795663839e+00
7.044396442831731830e-01
5.295560523658859875e-02
-5.092017078580632905e-01
3.161933291356765208e-02
1.962965520321290902e-01
-1.812893638037327504e+00
6.737017218209768732e-01
9.475387734955627306e-02
-5.392859540717406253e-01
-6.007669789605050992e-02
3.755572256957874777e-01
-2.702277018094058292e+00
6.760436976894984573e-01
4.939133940170955528e-01
-5.678819345296145515e-01
-1.281216124552066460e-01
3.122406088599191665e-01
-2.702277018094057404e+00
6.760436976894984573e-01
4.939133940170959969e-01
-5.678819343471386283e-01
-1.281216116896684021e-01
3.122406088104431876e-01
-5.010133461400704924e+00
2.318452229156944711e+00
-6.573400207580005095e+00
-5.829709535118544617e-01
-1.990313905419867913e-01
3.267439599445600695e-01
-5.010133461400704924e+00
2.318452229156944711e+00
-6.573400207580005095e+00
-8.823637062006378651e-01
-2.110957954105589784e-01
5.506808655795619734e-01
-3.978822083639952822e+00
2.176202013353591980e-01
-2.347718318437855167e+00
-6.264812405583182198e-01
-2.600077326565455316e-01
1.721537466267468730e-01
-3.978822083639952822e+00
2.176202013353591980e-01
-2.347718318437855167e+00
-7.258523395461631278e-01
-2.285456339212377230e-01
3.434803952415844686e-01
-2.303469895814211466e+00
4.546042489075852733e-01
1.383810831782836592e+00
-5.981510307999197140e-01
-1.412066733832659515e-01
1.645438443682478991e-01
-2.303469895814211466e+00
4.546042489075852733e-01
1.383810831782836592e+00
-6.126898531940175863e-01
-1.242600822284419815e-01
1.347755183060761475e-01
0.000000000000000000e+00
0.000000000000000000e+00
0.000000000000000000e+00
0.000000000000000000e+00
0.000000000000000000e+00
0.000000000000000000e+00
6.208591249247068511e-01
1.114377703709061037e-09
-3.343133669664964788e-09
0.000000000000000000e+00
-0.000000000000000000e+00
0.000000000000000000e+00
6.208591163088905684e-01
4.638128483751943198e-01
-1.059828899917824918e+00
0.000000000000000000e+00
0.000000000000000000e+00
0.000000000000000000e+00
8.800571998103676741e-01
1.335002826547865507e+00
-6.785700936072978084e-01
-2.288122648816689475e-01
1.063657107889237063e-01
-8.749185580030474640e-02
-1.532972721768027569e+00
1.526344677032356989e+00
5.247007979292119817e-01
-4.576245297633378950e-01
2.127314213685635447e-01
-1.749837116921983404e-01
-1.832348662729672117e+00
7.025497944241178017e-01
5.533294827887069722e-02
-5.095507759584607665e-01
3.240199162083769180e-02
1.978827810192956282e-01
-1.814611001482716812e+00
6.734813873406639839e-01
9.503778976276815171e-02
-5.392034971832071477e-01
-5.907065186036674492e-02
3.773411887051756897e-01
-2.702468694444017494e+00
6.759621273889412363e-01
4.934937329728871225e-01
-5.677874637946216385e-01
-1.271585191751532784e-01
3.140729987160371106e-01
-2.702468694444017050e+00
6.759621273889412363e-01
4.934937329728876776e-01
-5.677874636121678087e-01
-1.271585184096102328e-01
3.140729986665885543e-01
-5.014671612749049601e+00
2.321711542171059683e+00
-6.588336664030887135e+00
-5.828755072454874231e-01
-1.981139290938274677e-01
3.286389481328664264e-01
-5.014671612749049601e+00
2.321711542171059683e+00
-6.588336664030887135e+00
-8.825051699475701117e-01
-2.068947155821062589e-01
5.536058838151903805e-01
-2.297050263591219110e+00
8.215366316557336512e-01
1.395959222414081990e+00
-6.263612528618222042e-01
-2.590940563693935883e-01
1.740298730359535750e-01
-2.297050263591219110e+00
8.215366316557336512e-01
1.395959222414081990e+00
-6.486053308323221911e-01
-2.466961607108195398e-01
1.301309613625386830e-01
-2.303708318431322066e+00
4.545082184286574067e-01
1.383408520314027390e+00
-5.980344892721337624e-01
-1.402922520905135195e-01
1.664242474906484082e-01
-2.303708318431322066e+00
4.545082184286574067e-01
1.383408520314027390e+00
-6.125444200942596895e-01
-1.233705264139558222e-01
1.367022159135610482e-01
