-2.221441471072811424e+00
nan
-2.221441467085554233e+00
2.610459999999999864e-02
2.799937000000000120e-01
-1.333499999999999686e-01
1.550763132598023786e+00
-9.449237142193480654e-01
-1.550763139252361089e+00
8.860460000000003333e-02
2.799937001121810543e-01
-1.333500001121810108e-01
-1.305653132103800962e+00
-2.544386282988146508e+00
-6.176614221351163225e-01
2.073546000000000833e-01
2.799937003253250012e-01
-1.333500007516129071e-01
-1.264052647923631145e+00
5.335577319026322263e-01
-1.024225783307544546e+00
4.081632248559002862e-02
1.737578712692824101e-01
-1.881583098598918202e-01
-3.000690904556498673e+00
6.074779706892979858e-01
-5.185106561968201300e-01
-1.257219550288200260e-01
6.752204204453653158e-02
-2.429666186411704176e-01
7.705981528706089545e-01
1.953096677615112631e+00
2.322356137271182064e+00
-2.065756262960734557e-01
-1.234343538212302055e-01
-2.530457416468462895e-01
-1.997635425213783178e-01
4.211359964938499179e-01
-2.130194379543197680e+00
-2.451600800398360536e-01
-2.191764965835226175e-01
-2.634738061163571232e-01
5.843091575789707282e-01
-1.267407407098258831e+00
-1.756110131109892114e+00
-1.649621501594314976e-01
-2.725083005181470064e-01
-3.020493583739271015e-01
5.843091570207917806e-01
-1.267407410812421809e+00
-1.756110126219688983e+00
-1.649621500121913331e-01
-2.725083002736545801e-01
-3.020493584058350223e-01
-1.453657815145652954e+00
-1.000877141365465794e+00
-1.742223548131452304e+00
-6.321101513585079823e-02
-3.323385832418164765e-01
-3.161207754093371403e-01
-1.453657815145652954e+00
-1.000877141365465794e+00
-1.742223548131452304e+00
-8.974104814040506639e-02
-3.141926319882273333e-01
-3.456440361792729732e-01
1.331892057132554319e+00
5.414240820829161471e-01
-1.446066927889936515e+00
-9.790309368682056923e-02
-3.475950174050213559e-01
-3.673408395131347870e-01
1.331892057132554319e+00
5.414240820829161471e-01
-1.446066927889936515e+00
-1.339164980493443846e-01
-3.256357780590966589e-01
-3.561351428288698218e-01
1.068239335055562123e+00
-1.250876506820465472e+00
3.877918442244350228e-01
-7.502365835967102214e-02
-3.096614026116331075e-01
-3.722729726031493991e-01
1.068239335055562123e+00
-1.250876506820465472e+00
3.877918442244350228e-01
-5.600862183918917797e-02
-3.201991756587646565e-01
-4.101163980551600918e-01
-2.221441471072811424e+00
nan
-2.221441467085554233e+00
2.610459999999999864e-02
2.799937000000000120e-01
1.333500000000000241e-01
1.549494957943773343e+00
-9.460905452991230646e-01
-1.549494964589187784e+00
8.860460000000003333e-02
2.799937001121810543e-01
1.333499998878189818e-01
-1.307436287206891201e+00
-2.544740931083021795e+00
-6.152896328491238576e-01
2.073546000000000833e-01
2.799937003253250012e-01
1.333499992483870855e-01
-1.264012091454139508e+00
5.364075549010512978e-01
-1.021502246080331355e+00
4.069735939326124541e-02
1.738056236227503437e-01
7.881142097982840600e-02
-2.999776709503098715e+00
6.085343192633885234e-01
-5.133230261331993560e-01
-1.259598812134776480e-01
6.761754675206926857e-02
2.427284303857728254e-02
7.703072627793297045e-01
1.951275727618053235e+00
2.322732663492093064e+00
-2.069299623719409176e-01
-1.232789141629980212e-01
1.399484871603856075e-02
-1.981794272751217778e-01
4.216754001981909972e-01
-2.130256333984961614e+00
-2.455880828828478357e-01
-2.189798115869017181e-01
3.461546725509762751e-03
5.846364892220795584e-01
-1.267512467844507551e+00
-1.755917083863468342e+00
-1.653704334062442438e-01
-2.722977838801509676e-01
-3.509211773048050154e-02
5.846364886636968849e-01
-1.267512471559088860e+00
-1.755917078973441514e+00
-1.653704332590410497e-01
-2.722977836356321735e-01
-3.509211776235691971e-02
-1.454111244330951402e+00
-9.985693118681854274e-01
-1.740263335700570124e+00
-6.360465408002301257e-02
-3.321096348132558385e-01
-4.913596452715625340e-02
-1.454111244330951402e+00
-9.985693118681854274e-01
-1.740263335700570124e+00
-9.020933242402932872e-02
-3.139349191660895655e-01
-7.857423767567185691e-02
9.241136564503749096e-01
-9.253178748754424809e-01
5.404477831367258123e-01
-9.828079970326929204e-02
-3.473737711915949045e-01
-1.003645222825615135e-01
9.241136564503749096e-01
-9.253178748754424809e-01
5.404477831367258123e-01
-8.435083676694411781e-02
-3.663973212561920101e-01
-1.370905593699247027e-01
1.068141640004627746e+00
-1.251179759441141126e+00
3.883266121272189730e-01
-7.540710641405927450e-02
-3.094360575492537402e-01
-1.052917596325248228e-01
1.068141640004627746e+00
-1.251179759441141126e+00
3.883266121272189730e-01
-5.637124749476377095e-02
-3.199781916331213005e-01
-1.431235003904180458e-01
0.000000000000000000e+00
0.000000000000000000e+00
0.000000000000000000e+00
0.000000000000000000e+00
0.000000000000000000e+00
0.000000000000000000e+00
-4.092103571667340955e-01
-7.344901280282091186e-10
2.203470752218775791e-09
0.000000000000000000e+00
-0.000000000000000000e+00
0.000000000000000000e+00
-4.092103646975036590e-01
4.663903953546498782e-01
-9.040119978795643219e-01
0.000000000000000000e+00
0.000000000000000000e+00
0.000000000000000000e+00
6.478642841362921567e-01
1.140705054707352950e+00
-5.561251659581085693e-01
-1.216005330250749944e-01
1.281244728205707673e-01
1.211446554435929163e-01
6.387177429584864896e-01
1.141540417852987099e+00
-5.299520593949311742e-01
-2.432010660501499610e-01
2.562489457749534960e-01
2.422893109562209712e-01
-1.995798950982606013e-01
-9.385826460402310056e-01
-7.565153761221404816e-01
-3.559045275813376707e-01
3.055352300698614965e-01
2.126198064687196965e-01
-2.540805423093107085e-01
-8.981960804858688530e-01
-9.256568944506604613e-01
-4.185473303810213208e-01
3.326437305933885313e-01
1.955133145868631628e-01
-2.771749656537338513e+00
7.760595490941224472e-01
2.853528675894507760e-01
-4.332658725462700255e-01
2.486066666414369075e-01
2.810973545345663016e-01
-2.771749656537338069e+00
7.760595490941228913e-01
2.853528675894508315e-01
-4.332658726407989658e-01
2.486066665950116550e-01
2.810973537426274538e-01
-4.501889578404021819e+00
-2.294515091627038483e+00
-4.719266652075371216e-02
-4.271133873619991084e-01
2.386391994660056470e-01
3.679669801582138855e-01
-4.501889578404021819e+00
-2.294515091627038483e+00
-4.719266652075371216e-02
-3.585154641451283597e-01
1.069807624856960460e-01
2.254023502091402620e-01
-4.051836560284115762e+00
-1.741133840647809405e+00
1.104165396613442596e+00
-4.625097399773039353e-01
8.677052028132653527e-02
4.371771151474650452e-01
-4.051836560284115762e+00
-1.741133840647809405e+00
1.104165396613442596e+00
-5.062669899040349586e-01
9.240941687873951982e-02
2.854977092770942804e-01
-2.199144571110273283e+00
1.593689446594228620e+00
3.453925782568946223e-01
-4.771618347185399012e-01
7.962859456251164536e-02
3.142788271091555563e-01
-2.199144571110273283e+00
1.593689446594228620e+00
3.453925782568946223e-01
-5.338328338825497621e-01
2.973083416964283909e-03
3.071488504680514597e-01
0.000000000000000000e+00
0.000000000000000000e+00
0.000000000000000000e+00
0.000000000000000000e+00
0.000000000000000000e+00
0.000000000000000000e+00
-4.130910333884466046e-01
-7.414555391547909102e-10
2.224366989089657827e-09
0.000000000000000000e+00
-0.000000000000000000e+00
0.000000000000000000e+00
-4.130910408974175496e-01
4.632957006488314100e-01
-9.020491487734346725e-01
0.000000000000000000e+00
0.000000000000000000e+00
0.000000000000000000e+00
6.519707397918887981e-01
1.141915254339481933e+00
-5.535077069080960310e-01
-1.210543530307686411e-01
1.278036239602139690e-01
1.210769261910612515e-01
6.453231164398350872e-01
1.142487326441641748e+00
-5.343079521631991513e-01
-2.421087060615372821e-01
2.556072480556357829e-01
2.421538524515657875e-01
-1.960159124939117037e-01
-9.403066387744982713e-01
-7.635502937736009521e-01
-3.558486814230086281e-01
3.055028336328737826e-01
2.114712449210148781e-01
-2.486021362656204159e-01
-9.010457701241767481e-01
-9.272611436184656775e-01
-4.190165959755167147e-01
3.329555581044646995e-01
1.938796562970972193e-01
-2.771828069260672045e+00
7.760576014443794080e-01
2.854346421418303414e-01
-4.337176636587157796e-01
2.489883253677769304e-01
2.794143918607476795e-01
-2.771828069260672489e+00
7.760576014443794080e-01
2.854346421418302859e-01
-4.337176637532478285e-01
2.489883253214379144e-01
2.794143910687454935e-01
-4.482010950486457368e+00
-2.260566832057047115e+00
-4.375994385841808221e-02
-4.275441234518649880e-01
2.391086754206188103e-01
3.662264525385375280e-01
-4.482010950486457368e+00
-2.260566832057047115e+00
-4.375994385841808221e-02
-3.602016150429324659e-01
1.083302320362656557e-01
2.246255245439539028e-01
-2.336554935931283605e+00
1.632233031360817765e+00
7.044748990119753529e-03
-4.629435218042243783e-01
8.721414786961609322e-02
4.354467006047532673e-01
-2.336554935931283605e+00
1.632233031360817765e+00
7.044748990119753529e-03
-5.227549565140949817e-01
1.499877728270315735e-03
4.571593247768216961e-01
-2.199389344768971188e+00
1.593794729474913741e+00
3.456002148781553984e-01
-4.775960795209649445e-01
8.008563753754582848e-02
3.125385774971398689e-01
-2.199389344768971188e+00
1.593794729474913741e+00
3.456002148781553984e-01
-5.342487447430974701e-01
3.457706953472333700e-03
3.053855832557227368e-01
