-2.221441471072811424e+00
nan
-2.221441467085554233e+00
2.610459999999999864e-02
2.799937000000000120e-01
-1.333499999999999686e-01
1.367453525917533108e+00
-1.098478506637045271e+00
-1.367453531309190451e+00
8.860460000000003333e-02
2.799937001121810543e-01
-1.333500001121810108e-01
-1.702718880848464789e+00
-2.477947633095139324e+00
-2.702856292203363875e-01
2.073546000000001110e-01
2.799937003253250012e-01
-1.333500007516129071e-01
-1.194314150758743587e+00
9.898199151761297720e-01
-8.327385122135738671e-01
1.598379934768509592e-02
2.082223142087797352e-01
-1.491956560741841686e-01
-2.732978929312065652e+00
1.142600186908880655e+00
9.243485983154922647e-02
-1.753870013046300025e-01
1.364509280129080626e-01
-1.650413110374542858e-01
6.458108441159488011e-01
1.610233624003382547e+00
1.823127384232597903e+00
-3.228974454770691116e-01
-8.569451966336877335e-03
-1.827333502281530686e-01
1.807297928845665869e-01
1.175288052463189896e-02
-2.259939804423574561e+00
-3.966600922649707872e-01
-8.008219929233910406e-02
-1.971923062323270859e-01
-2.693370512950807871e-01
-1.666281030824322773e+00
-8.194542996862730355e-01
-3.172508738703844200e-01
-1.466282313350623090e-01
-1.917274957754344922e-01
-2.693370517233864558e-01
-1.666281031234227994e+00
-8.194542939423151706e-01
-3.172508737917018595e-01
-1.466282312630677875e-01
-1.917274960420806695e-01
3.544097299846361571e-01
2.783110505137233126e+00
7.197341408972175447e-01
-2.105031351604891854e-01
-1.967501568891125985e-01
-1.767717662431182168e-01
3.544097299846361571e-01
2.783110505137233126e+00
7.197341408972175447e-01
-1.935423681397492046e-01
-2.345334662202778753e-01
-1.905374860813126570e-01
6.271773233828746574e-02
-1.921991768653490140e-01
5.853453686440313053e-01
-2.514300727985707140e-01
-2.455525320489415075e-01
-1.750088088732676961e-01
6.271773233828746574e-02
-1.921991768653490140e-01
5.853453686440313053e-01
-2.515175813972237440e-01
-2.889056630742758425e-01
-1.800327015030278588e-01
3.096990546391148458e-01
-4.762460444916420399e-01
4.150026933263167295e-01
-2.391851803337488036e-01
-2.343695264502702047e-01
-2.163821894857465011e-01
3.096990546391148458e-01
-4.762460444916420399e-01
4.150026933263167295e-01
-2.427665782474393297e-01
-2.734296006744031948e-01
-2.355192037565004004e-01
-2.221441471072811424e+00
nan
-2.221441467085554233e+00
2.610459999999999864e-02
2.799937000000000120e-01
1.333500000000000241e-01
1.366013599313862015e+00
-1.099571857621358673e+00
-1.366013604695803130e+00
8.860460000000003333e-02
2.799937001121810543e-01
1.333499998878189818e-01
-1.702411645002808616e+00
-2.479879630521193423e+00
-2.679864227539791588e-01
2.073546000000000555e-01
2.799937003253250012e-01
1.333499992483870855e-01
-1.192252370742449941e+00
9.920778713912912217e-01
-8.278682178409197956e-01
1.604972163940071583e-02
2.080233013883669990e-01
1.176113464378254203e-01
-2.729320242801676955e+00
1.142746066224856971e+00
9.841750473470427252e-02
-1.752551567211985961e-01
1.360529023728016540e-01
1.018726939867228981e-01
6.467601399761953029e-01
1.608078956650738078e+00
1.823199703338545641e+00
-3.229243240073594867e-01
-8.774258739637857962e-03
8.392386569283954989e-02
1.819780715710016261e-01
1.248579713508633782e-02
-2.259563168007638456e+00
-3.967804218727589705e-01
-8.016530392989140719e-02
6.934106847352307368e-02
-2.692022098161364618e-01
-1.666161767986361619e+00
-8.191593457664587685e-01
-3.173519898159259389e-01
-1.466891229304171096e-01
7.479709143703422436e-02
-2.692022102439896591e-01
-1.666161768396259069e+00
-8.191593400226110377e-01
-3.173519897373059395e-01
-1.466891228584166762e-01
7.479709117037121324e-02
3.908857264565425704e-01
2.783660314584520901e+00
7.256125408827308609e-01
-2.105880466878562729e-01
-1.967807403834402891e-01
8.973868758509942478e-02
3.908857264565425704e-01
2.783660314584520901e+00
7.256125408827308609e-01
-1.946137098374946528e-01
-2.348163928763681019e-01
7.549611667116633285e-02
7.831298114194021331e-02
-1.846473401317373642e-01
4.154969014643553615e-01
-2.515012480452824550e-01
-2.455942903197019522e-01
9.151107627463414551e-02
7.831298114194021331e-02
-1.846473401317373642e-01
4.154969014643553615e-01
-2.588921726922758793e-01
-2.881665816984157469e-01
8.536979267604034860e-02
3.096729696764564665e-01
-4.760904647463064521e-01
4.155517962755016503e-01
-2.392660618135226402e-01
-2.344103526765271006e-01
5.013507615780635196e-02
3.096729696764564665e-01
-4.760904647463064521e-01
4.155517962755016503e-01
-2.428275429500393323e-01
-2.734756378380119313e-01
3.100498279744585972e-02
0.000000000000000000e+00
0.000000000000000000e+00
0.000000000000000000e+00
0.000000000000000000e+00
0.000000000000000000e+00
0.000000000000000000e+00
-7.965259439553743492e-01
-1.429681415212070048e-09
4.289044962207515592e-09
0.000000000000000000e+00
-0.000000000000000000e+00
0.000000000000000000e+00
-7.965259459625496641e-01
5.816225989735819557e-02
-2.634403928432484943e-01
0.000000000000000000e+00
0.000000000000000000e+00
0.000000000000000000e+00
5.703708595895753408e-01
5.708009601942838351e-01
-1.502602468787336276e-01
-1.982910127656253851e-02
3.779332330736522721e-02
6.829832946383002090e-02
5.826068358320291019e-01
7.757281067669616892e-01
-1.226234296890331699e+00
-3.965820255312507703e-02
7.558664690092317673e-02
1.365966589908455542e-01
-7.644655917954588098e-01
-5.302560782060374844e-01
-1.490287470327925412e+00
-2.312113782979910159e-01
2.667765156670036664e-01
1.665347918662188897e-01
-9.883080302454197996e-01
-6.535234691388768224e-01
2.613189960842676740e-01
-3.301189803009321189e-01
3.656506895947625457e-01
1.820907347678603627e-01
-2.772019204092855738e+00
8.412513616411887440e-01
1.385669528887764623e-01
-3.163006199021110576e-01
3.918027428837882464e-01
2.997545005034894516e-01
-2.772019204092855293e+00
8.412513616411890771e-01
1.385669528887758517e-01
-3.163006201364034764e-01
3.918027421555427825e-01
2.997545002377273171e-01
-3.522885671146480213e+00
-2.876694991992272410e-01
2.312016306488323458e+00
-2.967738495717698322e-01
4.480520212393850898e-01
3.488917601436119509e-01
-3.522885671146480213e+00
-2.876694991992272410e-01
2.312016306488323458e+00
-2.054582445530530044e-01
4.387705339908933855e-01
4.868771345497600045e-01
-3.957865477745501792e+00
1.406647113786596570e-02
7.297323983790835022e+00
-2.885283628642352771e-01
4.472678518850298768e-01
5.186027233078414067e-01
-3.957865477745501792e+00
1.406647113786596570e-02
7.297323983790835022e+00
2.776281149868725651e-02
4.267453820860635516e-01
6.901898148823666368e-01
-2.395754439717908024e+00
1.220839973623818242e+00
-7.066178273474563731e-01
-3.248833706501281782e-01
3.342767837262966557e-01
4.773021845696655552e-01
-2.395754439717908024e+00
1.220839973623818242e+00
-7.066178273474563731e-01
-3.758471474319613481e-01
2.909598764368317436e-01
5.752528445423293890e-01
0.000000000000000000e+00
0.000000000000000000e+00
0.000000000000000000e+00
0.000000000000000000e+00
0.000000000000000000e+00
0.000000000000000000e+00
-7.917803530310902893e-01
-1.421163571945149189e-09
4.263491428137521465e-09
0.000000000000000000e+00
-0.000000000000000000e+00
0.000000000000000000e+00
-7.917803550299616910e-01
5.740587808349243565e-02
-2.625080843646909190e-01
0.000000000000000000e+00
0.000000000000000000e+00
0.000000000000000000e+00
5.741283442996180097e-01
5.712714676701948768e-01
-1.501347748970462415e-01
-1.979630274034498150e-02
3.775752103802131054e-02
6.796677254589847395e-02
5.836075352224169288e-01
7.795376634831256979e-01
-1.217724032142043056e+00
-3.959260548068994912e-02
7.551504236065531561e-02
1.359335451540367168e-01
-7.668156832124735089e-01
-5.258132526856893474e-01
-1.484363463737556232e+00
-2.299439077446887580e-01
2.658104076121407533e-01
1.665250002586987355e-01
-9.911449197377727449e-01
-6.504384169092292112e-01
2.618860879435863653e-01
-3.282463388239933999e-01
3.642573832448860460e-01
1.824342583022372510e-01
-2.772533251588364944e+00
8.415305411537941094e-01
1.395206361157645403e-01
-3.143734830498849941e-01
3.904662940299995499e-01
3.000323071507922101e-01
-2.772533251588364500e+00
8.415305411537942204e-01
1.395206361157639852e-01
-3.143734832843355087e-01
3.904662933016366244e-01
3.000323068850073160e-01
-3.501699217660631192e+00
-2.558034354173785996e-01
2.252191952377208040e+00
-2.948108592265888950e-01
4.467881394417704821e-01
3.490678633288656352e-01
-3.501699217660631192e+00
-2.558034354173785996e-01
2.252191952377208040e+00
-2.055039702096411180e-01
4.328922129139219921e-01
4.863435681513993969e-01
-2.610350216236594356e+00
9.547791377186087836e-01
-8.407198539784714875e-01
-2.865088424753741148e-01
4.459939101393241567e-01
5.188347621338689208e-01
-2.610350216236594356e+00
9.547791377186087836e-01
-8.407198539784714875e-01
-3.281637825255661056e-01
4.361767062597506905e-01
6.370200528013812979e-01
-2.396508435181503582e+00
1.221172950844945593e+00
-7.057467643026381632e-01
-3.228884003387223478e-01
3.329846349637450853e-01
4.775306402437457520e-01
-2.396508435181503582e+00
1.221172950844945593e+00
-7.057467643026381632e-01
-3.738197514968109036e-01
2.896527086480529256e-01
5.755001100848737838e-01
