-2.221441471072811424e+00
nan
-2.221441467085554233e+00
2.610459999999999864e-02
2.799937000000000120e-01
-1.333499999999999686e-01
1.523809459024620283e+00
-9.693915762840723538e-01
-1.523809465489903481e+00
8.860460000000003333e-02
2.799937001121810543e-01
-1.333500001121810108e-01
-6.192141478314998615e-01
2.916671168809012560e+00
6.485857459278909776e-01
2.073546000000000833e-01
2.799937003253250012e-01
-1.333500007516129071e-01
-3.389202404220144627e-01
-1.266898307678620217e+00
-1.486418911803650600e+00
2.906442517104723122e-01
1.103287512388781144e-01
-2.127328639491674611e-01
-8.589303830980786758e-01
7.013933152231045520e-01
-1.237507230624121268e+00
3.739339034209445689e-01
-5.933619800350312112e-02
-2.921157268134436102e-01
-7.580428253337619937e-01
-2.322529431543231548e-01
2.851366935141815162e+00
4.687673403028624897e-01
-3.982106271349979132e-02
-4.757703721229925020e-01
1.502156951629612713e+00
1.203416972084883962e+00
-1.145967383939775486e+00
5.210238860959346407e-01
-2.907334043219820391e-02
-5.647524061947116758e-01
-8.972862567387751564e-01
-1.430067340901174600e+00
6.157390102280511091e-01
6.232149071059419621e-01
-4.492156337821930079e-02
-5.563922893064459085e-01
-8.972862566582263666e-01
-1.430067338057978699e+00
6.157390153073787342e-01
6.232149070827024406e-01
-4.492156361382194929e-02
-5.563922894690055410e-01
3.138770706826821133e-01
-2.673380724746855730e+00
1.049599652265416738e+00
7.406843551516726354e-01
-4.746969051952455027e-02
-5.744310478742828963e-01
3.138770706826821133e-01
-2.673380724746855730e+00
1.049599652265416738e+00
7.743359905325104542e-01
-7.068285403337652706e-02
-5.591517285018657857e-01
-2.858776117794919469e-01
1.450242979685595790e+00
2.163279533427539647e+00
7.338468464607306174e-01
-5.917528288587226015e-02
-5.121733443620732906e-01
-2.858776117794919469e-01
1.450242979685595790e+00
2.163279533427539647e+00
7.735228194466723384e-01
-5.588400898804767036e-02
-5.300542226502983345e-01
-2.580492451114463348e-01
9.830193350882834302e-01
2.321438027268874826e+00
7.302641849410449471e-01
-9.572908433928094263e-02
-5.374268147125051964e-01
-2.580492451114463348e-01
9.830193350882834302e-01
2.321438027268874826e+00
7.714400648107969660e-01
-8.709744591080838261e-02
-5.490364167557221231e-01
-2.221441471072811424e+00
nan
-2.221441467085554233e+00
2.610459999999999864e-02
2.799937000000000120e-01
1.333500000000000241e-01
1.523822830695553243e+00
-9.693796087676787021e-01
-1.523822837160929922e+00
8.860460000000003333e-02
2.799937001121810543e-01
1.333499998878189818e-01
-6.192162471032423010e-01
2.916660050175032826e+00
6.486125510963051122e-01
2.073546000000000833e-01
2.799937003253250012e-01
1.333499992483870855e-01
-3.389228849221448958e-01
-1.266874052800569750e+00
-1.486402560931794348e+00
2.906447998471889393e-01
1.103304906306938060e-01
5.396399364581901115e-02
-8.589459094643209225e-01
7.014080462286991224e-01
-1.237485405752686729e+00
3.739349996943778232e-01
-5.933271921987812170e-02
-2.542201162347366983e-02
-7.580067487188493214e-01
-2.322640432360809359e-01
2.851377600727103001e+00
4.687638701721492107e-01
-3.981555204863712616e-02
-2.090787988912464201e-01
1.502157269085899749e+00
1.203426280783210123e+00
-1.145967978887458383e+00
5.210181867253331767e-01
-2.906676339221594269e-02
-2.980620132857559335e-01
-8.972815593068266260e-01
-1.430063133439574363e+00
6.157419361959947102e-01
6.232092897478616056e-01
-4.491479416369788258e-02
-2.897025346115114641e-01
-8.972815592262674000e-01
-1.430063130596385568e+00
6.157419412753216692e-01
6.232092897246216401e-01
-4.491479439930040618e-02
-2.897025347740712631e-01
3.137150945644817668e-01
-2.673431645781543686e+00
1.049633621161793373e+00
7.406786330846008015e-01
-4.746267134188729420e-02
-3.077420103435211107e-01
3.137150945644817668e-01
-2.673431645781543686e+00
1.049633621161793373e+00
7.743269422280592007e-01
-7.067854610990405295e-02
-2.924594851872513446e-01
-3.207775314484745399e-01
1.426740003313080596e+00
2.121065232214760954e+00
7.338415260842755528e-01
-5.916834258265955826e-02
-2.454842775464695648e-01
-3.207775314484745399e-01
1.426740003313080596e+00
2.121065232214760954e+00
7.743931116131670400e-01
-5.683739362608125623e-02
-2.614491362262332252e-01
-2.579749952087822540e-01
9.830748369616433280e-01
2.321583391488602821e+00
7.302587828484022880e-01
-9.572212454175804686e-02
-2.707377645213903117e-01
-2.579749952087822540e-01
9.830748369616433280e-01
2.321583391488602821e+00
7.714323425005300550e-01
-8.708575215460855057e-02
-2.823520738927288165e-01
0.000000000000000000e+00
0.000000000000000000e+00
0.000000000000000000e+00
0.000000000000000000e+00
0.000000000000000000e+00
0.000000000000000000e+00
-6.634328806013777280e-01
-1.190793177340043866e-09
3.572380128858149525e-09
0.000000000000000000e+00
-0.000000000000000000e+00
0.000000000000000000e+00
-6.634328873441860397e-01
3.844475118588306373e-01
-8.216794579916999464e-01
-0.000000000000000000e+00
0.000000000000000000e+00
0.000000000000000000e+00
-1.100224478257676886e+00
1.274212585669537212e+00
-4.053760367421303523e-01
-1.699287476460707713e-01
-1.211025980105803340e-01
8.054080768984614447e-02
-8.835128666225680050e-01
1.318545987558966237e+00
-2.727528232622786764e-01
-3.398574952921415426e-01
-2.422051958000528415e-01
1.610816154831442859e-01
-1.493815230293700225e+00
1.193023716371481413e+00
7.664652286403209613e-01
-5.766917827149184994e-01
-4.303325255952514805e-01
1.879749467346694680e-02
-1.607203607231024289e+00
3.746109667255922426e-01
6.010233183360764730e-01
-6.910872151091551618e-01
-5.232024179948578935e-01
-5.960091502809558572e-02
-2.672916567851131298e+00
5.398863170091842134e-01
5.138387027476770674e-01
-6.784302720949555443e-01
-4.483468214235779015e-01
-7.241147111228313227e-02
-2.672916567851131298e+00
5.398863170091836583e-01
5.138387027476766233e-01
-6.784302720616576243e-01
-4.483468218700278896e-01
-7.241147046999046877e-02
-2.703527324909172247e+00
4.024718523551817917e-01
3.724893173927234513e-01
-6.868598246768385929e-01
-4.362025692667124144e-01
-1.290206875258083918e-01
-2.703527324909172247e+00
4.024718523551817917e-01
3.724893173927234513e-01
-6.720636732744952324e-01
-3.823596371452115394e-01
-7.980710169503196783e-02
-2.576500732370812674e+00
1.353433550640610994e+00
8.775232351184947266e-01
-6.472329560257649161e-01
-2.733062986683433282e-01
-9.404113836861513476e-02
-2.576500732370812674e+00
1.353433550640610994e+00
8.775232351184947266e-01
-6.743217059344500663e-01
-2.845598065022910683e-01
-1.562199009702772146e-01
-2.677254399673510754e+00
4.805138589478132327e-01
4.543107680229334644e-01
-6.420842012056444670e-01
-3.426476281114095856e-01
5.598353087095303549e-03
-2.677254399673510754e+00
4.805138589478132327e-01
4.543107680229334644e-01
-6.515842221680145929e-01
-3.550228406524236213e-01
-3.729631980370989863e-02
0.000000000000000000e+00
0.000000000000000000e+00
0.000000000000000000e+00
0.000000000000000000e+00
0.000000000000000000e+00
0.000000000000000000e+00
-6.630579795118353159e-01
-1.190120268787185082e-09
3.570361402862303926e-09
0.000000000000000000e+00
-0.000000000000000000e+00
0.000000000000000000e+00
-6.630579862544245806e-01
3.844514055295952804e-01
-8.216468308077697902e-01
-0.000000000000000000e+00
0.000000000000000000e+00
0.000000000000000000e+00
-1.100089937108727600e+00
1.274691118307773152e+00
-4.051005766623616555e-01
-1.699232999835553481e-01
-1.210726537534096980e-01
8.047551176349172775e-02
-8.835171325914942253e-01
1.318997838999071748e+00
-2.725687559917568392e-01
-3.398465999671107518e-01
-2.421453072858384681e-01
1.609510236303811903e-01
-1.493740422110153343e+00
1.193474023840445986e+00
7.665727615228022929e-01
-5.767697355144667526e-01
-4.302566126118564926e-01
1.862819682003435950e-02
-1.607175020419357336e+00
3.747208564290694377e-01
6.010578145785970827e-01
-6.912086190555168930e-01
-5.231177011005684330e-01
-5.979187272454183910e-02
-2.672905138921966017e+00
5.399967308395761112e-01
5.138785210996288377e-01
-6.785505653065220244e-01
-4.482597947394973970e-01
-7.261445118981185720e-02
-2.672905138921966017e+00
5.399967308395756671e-01
5.138785210996285047e-01
-6.785505652732328752e-01
-4.482597951859468854e-01
-7.261445054751930472e-02
-2.703843156874554676e+00
4.011159262243045309e-01
3.710207568917754939e-01
-6.869825238715957516e-01
-4.361126296986160278e-01
-1.292372785625980625e-01
-2.703843156874554676e+00
4.011159262243045309e-01
3.710207568917754939e-01
-6.722388882101582031e-01
-3.823068575085384890e-01
-7.996206712819939333e-02
-2.682411847431559249e+00
4.597805979661145348e-01
4.780190233157359803e-01
-6.473482586660176397e-01
-2.732170582016735239e-01
-9.425711432003108792e-02
-2.682411847431559249e+00
4.597805979661145348e-01
4.780190233157359803e-01
-6.558028288798662953e-01
-2.966569549584169851e-01
-1.191545116598627108e-01
-2.677459234277123290e+00
4.776678277118251437e-01
4.513863046918255018e-01
-6.422008556610349084e-01
-3.425583281081683307e-01
5.382346960285555593e-03
-2.677459234277123290e+00
4.776678277118251437e-01
4.513863046918255018e-01
-6.516469778065930862e-01
-3.550699870418274617e-01
-3.740847283653891964e-02
