-2.221441471072811424e+00
nan
-2.221441467085554233e+00
2.610459999999999864e-02
2.799937000000000120e-01
-1.333499999999999686e-01
1.570975280264603979e+00
-9.261147077604817701e-01
-1.570975287061537662e+00
8.860460000000003333e-02
2.799937001121810543e-01
-1.333500001121810108e-01
-1.177828401065121655e+00
-2.602972853558318089e+00
-6.722042676941004657e-01
2.073546000000000833e-01
2.799937003253250012e-01
-1.333500007516129071e-01
-1.260056157444670699e+00
3.878829580460669280e-01
-1.061913121879664024e+00
5.336224512059228875e-02
1.615948204233894625e-01
-1.988714466808776948e-01
-2.999654758553351730e+00
5.392152633482060198e-01
-6.987617569576775045e-01
-1.006301097588154780e-01
4.319594034329136967e-02
-2.643928922881982335e-01
-7.825589512498167810e-01
-1.912299365019458630e+00
-2.261005609974842123e+00
-1.734482015408728983e-01
-1.510354827946079337e-01
-2.730490909369214791e-01
-2.650483760862356597e-01
4.718130258192971827e-01
-2.034183086846017563e+00
-2.074316033759875388e-01
-2.486037202752811592e-01
-2.825163996689781798e-01
7.797860280141827305e-01
-1.114588192216418028e+00
-1.944856554312052621e+00
-1.255539007421060393e-01
-2.935567354671121398e-01
-3.276753493529632744e-01
7.797860274341726905e-01
-1.114588196676238319e+00
-1.944856549838231752e+00
-1.255539005888768045e-01
-2.935567352274087161e-01
-3.276753493137537498e-01
-1.298333570734099496e+00
-5.420235144417338002e-01
-1.624482947701634927e+00
-2.406518974632364249e-02
-3.515427224954280616e-01
-3.493231629961964235e-01
-1.298333570734099496e+00
-5.420235144417338002e-01
-1.624482947701634927e+00
-5.582233930452963622e-02
-3.256112057243382707e-01
-3.642824749622738389e-01
1.539808886541857991e+00
8.911533794752070081e-01
-1.553812297328111658e+00
-5.520818307884317599e-02
-3.525967727964134379e-01
-4.049001097332531329e-01
1.539808886541857991e+00
8.911533794752070081e-01
-1.553812297328111658e+00
-8.744236661704070379e-02
-3.347144504772696649e-01
-3.815351555344952961e-01
1.194859636982906315e+00
-1.458254992864191912e+00
3.174887376730877175e-01
-3.140096429790785459e-02
-3.154118842901657005e-01
-3.987965018088689417e-01
1.194859636982906315e+00
-1.458254992864191912e+00
3.174887376730877175e-01
-7.420052269058334538e-03
-3.195461786374135804e-01
-4.350258351331918738e-01
-2.221441471072811424e+00
nan
-2.221441467085554233e+00
2.610459999999999864e-02
2.799937000000000120e-01
1.333500000000000241e-01
1.569964764000651991e+00
-9.270646301477367679e-01
-1.569964770790439612e+00
8.860460000000003333e-02
2.799937001121810543e-01
1.333499998878189818e-01
-1.179715852657374331e+00
-2.602992135289520004e+00
-6.701819282992468318e-01
2.073546000000000833e-01
2.799937003253250012e-01
1.333499992483870855e-01
-1.260389499761123799e+00
3.906255278589598201e-01
-1.059610410894792576e+00
5.320026193611177012e-02
1.616608591565739383e-01
6.809067993677017649e-02
-2.999654797470376000e+00
5.396272847831302677e-01
-6.938948175971173526e-01
-1.009540761277765430e-01
4.332801781013069509e-02
2.831360947357364211e-03
-7.823730863028401927e-01
-1.912021983946219139e+00
-2.261935050841482386e+00
-1.737975677376517869e-01
-1.508894645671357559e-01
-5.923367438963884901e-03
-2.641571435824316971e-01
4.719735298659937239e-01
-2.034237441865014429e+00
-2.078081507578327936e-01
-2.484427042908671224e-01
-1.544745070359267516e-02
7.801144801140578178e-01
-1.114721587124421376e+00
-1.944689148120720912e+00
-1.259126557379123823e-01
-2.933881957728906587e-01
-6.058161947716765583e-02
7.801144795337503490e-01
-1.114721591584661109e+00
-1.944689143647101659e+00
-1.259126555847206175e-01
-2.933881955331691382e-01
-6.058161943792214621e-02
-1.298067351271759096e+00
-5.425229222167086141e-01
-1.624863179035801686e+00
-2.441142404406318467e-02
-3.513637522618883180e-01
-8.219864520200292901e-02
-1.298067351271759096e+00
-5.425229222167086141e-01
-1.624863179035801686e+00
-5.616045426884433422e-02
-3.254351337457170867e-01
-9.718019873422367727e-02
1.074887071030835139e+00
-1.136615644050566587e+00
5.149620927512098545e-01
-5.553846361690333022e-02
-3.524230056070001282e-01
-1.377844298428777536e-01
1.074887071030835139e+00
-1.136615644050566587e+00
5.149620927512098545e-01
-3.622878211025800516e-02
-3.639034626347562584e-01
-1.752020250509582211e-01
1.194705468676486415e+00
-1.458623760893396959e+00
3.179754740398222923e-01
-3.173706165637414645e-02
-3.152353107718944281e-01
-1.316752362328852677e-01
1.194705468676486415e+00
-1.458623760893396959e+00
3.179754740398222923e-01
-7.737422260065580926e-03
-3.193766794590139901e-01
-1.678913583175936364e-01
0.000000000000000000e+00
0.000000000000000000e+00
0.000000000000000000e+00
0.000000000000000000e+00
0.000000000000000000e+00
0.000000000000000000e+00
-2.555066133181009280e-01
-4.586078574047443114e-10
1.375823802073296444e-09
0.000000000000000000e+00
-0.000000000000000000e+00
0.000000000000000000e+00
-2.555066217921882488e-01
5.563305333718910894e-01
-1.005303068811951972e+00
0.000000000000000000e+00
0.000000000000000000e+00
0.000000000000000000e+00
6.315713902872608365e-01
1.238371166208081409e+00
-6.278646319270180243e-01
-1.554783382704389705e-01
1.380678236295218020e-01
1.159223467529770235e-01
4.735376857108800630e-01
1.261415671489534818e+00
-2.980865208733775029e-01
-3.109566765408779965e-01
2.761356473413024704e-01
2.318446935514758278e-01
-1.948977685876761845e-01
-6.576997090699880921e-01
-4.843034524213562508e-01
-3.797735103393652389e-01
3.019407752524242428e-01
2.317226770882748199e-01
-4.053528712134434331e-01
-5.355760538694125383e-01
-9.874463952286989255e-01
-4.207994983991726334e-01
3.165538967397840686e-01
2.283876353581270890e-01
-2.764591586580055438e+00
7.597081371444678322e-01
3.137716229341832030e-01
-4.410021391363709298e-01
2.173987445089637094e-01
2.904612060123848982e-01
-2.764591586580054550e+00
7.597081371444680542e-01
3.137716229341832586e-01
-4.410021391817952052e-01
2.173987446654412625e-01
2.904612052332933847e-01
-4.420365391827912660e+00
-1.918517301192933733e+00
-8.138064061516412373e-01
-4.392538020552070321e-01
1.893956586016734001e-01
3.736669783186081228e-01
-4.420365391827912660e+00
-1.918517301192933733e+00
-8.138064061516412373e-01
-3.894508687648032819e-01
1.491142054528515337e-01
1.981135581620878661e-01
-3.959278886088067217e+00
-1.491145076024372074e+00
3.882726449804096980e-01
-4.811453296553990233e-01
2.597631168362590781e-02
4.002405823622956493e-01
-3.959278886088067217e+00
-1.491145076024372074e+00
3.882726449804096980e-01
-5.229290826456578500e-01
1.059690298160226030e-01
2.813736371072391718e-01
-2.184251510825813813e+00
1.517744035282715620e+00
6.114072619415118481e-01
-4.881759318645367829e-01
5.032032447360483551e-02
2.793530146193505814e-01
-2.184251510825813813e+00
1.517744035282715620e+00
6.114072619415118481e-01
-5.406350488328860449e-01
-1.415154781384031502e-02
2.519864671010995649e-01
0.000000000000000000e+00
0.000000000000000000e+00
0.000000000000000000e+00
0.000000000000000000e+00
0.000000000000000000e+00
0.000000000000000000e+00
-2.596319744521557449e-01
-4.660124525584293943e-10
1.398037591245612076e-09
0.000000000000000000e+00
-0.000000000000000000e+00
0.000000000000000000e+00
-2.596319829165137372e-01
5.541112465367571405e-01
-1.004753918321558359e+00
0.000000000000000000e+00
0.000000000000000000e+00
0.000000000000000000e+00
6.344644928017597607e-01
1.240442735733875423e+00
-6.262493115162239832e-01
-1.550563086023256099e-01
1.379437687193008355e-01
1.161416426204174707e-01
4.803562322888668690e-01
1.262542474248277813e+00
-3.022904925573989265e-01
-3.101126172046512197e-01
2.758875375222560877e-01
2.322832852869695652e-01
-1.900619404502561227e-01
-6.604314624689513469e-01
-4.900296587898312350e-01
-3.798759320539707995e-01
3.021128208229717504e-01
2.309577093376120605e-01
-3.987850859114873692e-01
-5.388697580960538636e-01
-9.898092377881130277e-01
-4.213899085904985187e-01
3.169688494693090330e-01
2.270372082932735625e-01
-2.764568845731274482e+00
7.595083004893454781e-01
3.140192937270583351e-01
-4.415559326474493562e-01
2.179090985934476754e-01
2.890918055658074359e-01
-2.764568845731273594e+00
7.595083004893459222e-01
3.140192937270583906e-01
-4.415559326929191508e-01
2.179090987500497956e-01
2.890918047867304108e-01
-4.403522471314305520e+00
-1.892711064332064375e+00
-8.029006505242566316e-01
-4.397687998152452482e-01
1.900206878261256338e-01
3.722781948678531849e-01
-4.403522471314305520e+00
-1.892711064332064375e+00
-8.029006505242566316e-01
-3.905949430100986719e-01
1.495403972127844761e-01
1.980091997935005954e-01
-2.296032438947096299e+00
1.642472484086833218e+00
2.849008115929377860e-01
-4.816540386518926575e-01
2.657546835995797108e-02
3.988478185907183837e-01
-2.296032438947096299e+00
1.642472484086833218e+00
2.849008115929377860e-01
-5.398406176771985976e-01
-5.383520009234177284e-02
3.934916997892393131e-01
-2.184396710234873140e+00
1.517617398951470298e+00
6.117958677259044409e-01
-4.886917090632643124e-01
5.093885412004285629e-02
2.779625136527182905e-01
-2.184396710234873140e+00
1.517617398951470298e+00
6.117958677259044409e-01
-5.411202538120590821e-01
-1.348864360968515808e-02
2.505866354723329525e-01
