-2.221441471072811424e+00
nan
-2.221441467085554233e+00
2.610459999999999864e-02
2.799937000000000120e-01
-1.333499999999999686e-01
1.446282765469666831e+00
-1.036034897279155098e+00
-1.446282771397875200e+00
8.860460000000003333e-02
2.799937001121810543e-01
-1.333500001121810108e-01
-1.593026232841780576e+00
-2.466568940590413206e+00
-4.076450987670872106e-01
2.073546000000000833e-01
2.799937003253250012e-01
-1.333500007516129071e-01
-1.229356340275035153e+00
8.638552711530071981e-01
-9.037265739138861109e-01
2.049845191868460148e-02
2.001578524261454772e-01
-1.604796397914635409e-01
-2.865062238635806668e+00
9.205146152965799633e-01
-9.343636538596677976e-02
-1.663576961626308803e-01
1.203220044085775292e-01
-1.876092784829262172e-01
6.455732303294855479e-01
1.717443574657152361e+00
2.047348967222085925e+00
-2.867545372811665660e-01
-4.781573964155898249e-02
-2.059818034702244338e-01
9.356293853993932763e-02
1.974434669002520792e-01
-2.278940823529663540e+00
-3.464479024305969213e-01
-1.313651969023709176e-01
-2.208227215200131155e-01
3.502153629432794291e-02
-1.573479526125696193e+00
-1.173915537804822273e+00
-2.681020211384721463e-01
-1.983869530161578854e-01
-2.324015639485272067e-01
3.502153581222053336e-02
-1.573479527721585169e+00
-1.173915532197426614e+00
-2.681020210287097805e-01
-1.983869528518469871e-01
-2.324015641569222301e-01
1.035675870365779128e+00
2.500119657581937993e+00
1.392441395857023201e+00
-1.637836852612906124e-01
-2.550187728285945865e-01
-2.259608519294380446e-01
1.035675870365779128e+00
2.500119657581937993e+00
1.392441395857023201e+00
-1.634784545704530689e-01
-2.825065289165590299e-01
-2.598588050252216286e-01
5.568371977702497588e-01
-1.709208832204839601e-01
-4.596938005053293752e-01
-2.045141796342499485e-01
-2.990126737396848200e-01
-2.475330000635369287e-01
5.568371977702497588e-01
-1.709208832204839601e-01
-4.596938005053293752e-01
-2.397418862166112441e-01
-3.146728560144335662e-01
-2.679904804723924339e-01
6.141215746901955708e-01
-7.249987474489113515e-01
4.478429431706508757e-01
-1.874471625565899691e-01
-2.735081673462268492e-01
-2.798593161341461633e-01
6.141215746901955708e-01
-7.249987474489113515e-01
4.478429431706508757e-01
-1.832552932636518639e-01
-3.041771613646195860e-01
-3.106258915422203115e-01
-2.221441471072811424e+00
nan
-2.221441467085554233e+00
2.610459999999999864e-02
2.799937000000000120e-01
1.333500000000000241e-01
1.444594553377293478e+00
-1.037426851546208395e+00
-1.444594559293912672e+00
8.860460000000003333e-02
2.799937001121810543e-01
1.333499998878189818e-01
-1.593548821233927493e+00
-2.468271411610288180e+00
-4.049120508586923073e-01
2.073546000000000833e-01
2.799937003253250012e-01
1.333499992483870855e-01
-1.227936560861854653e+00
8.663311829908300066e-01
-8.994731552537934549e-01
2.052628109151080626e-02
2.000351496707122589e-01
1.063905958603005436e-01
-2.861712185936534425e+00
9.221794298609560236e-01
-8.773525662639986011e-02
-1.663020378169784708e-01
1.200765988985399019e-01
7.943119282088252631e-02
6.465541486771125834e-01
1.714391976514792360e+00
2.047297171817558770e+00
-2.869844524415792186e-01
-4.782019196699009711e-02
6.073166294891916422e-02
9.561846609271061614e-02
1.983627487918062371e-01
-2.278688789626722944e+00
-3.468354791676179216e-01
-1.312276599317615255e-01
4.572795049017640973e-02
3.518364919264508478e-02
-1.573458803184136778e+00
-1.173688635704416505e+00
-2.684731497341142359e-01
-1.982306714036395356e-01
3.415192874458362893e-02
3.518364871072169470e-02
-1.573458804780119902e+00
-1.173688630097090568e+00
-2.684731496243926707e-01
-1.982306712393109571e-01
3.415192853618107677e-02
1.057158968253919751e+00
2.497626478621584933e+00
1.396600391147003073e+00
-1.641408840538041702e-01
-2.548365619131407467e-01
4.059494701284578622e-02
1.057158968253919751e+00
2.497626478621584933e+00
1.396600391147003073e+00
-1.644554134324816563e-01
-2.821185071805253353e-01
6.531217647032322438e-03
4.111222522812532087e-01
-4.137576858827911597e-01
4.946490223363609884e-01
-2.048606070057704953e-01
-2.988414318537313541e-01
1.902483693925519428e-02
4.111222522812532087e-01
-4.137576858827911597e-01
4.946490223363609884e-01
-2.055243341589365336e-01
-3.368151543806600090e-01
-2.476255784696873574e-03
6.140722610652887825e-01
-7.250179553216747896e-01
4.483642550095030543e-01
-1.877999244724696815e-01
-2.733341681954146729e-01
-1.330264736068757087e-02
6.140722610652887825e-01
-7.250179553216747896e-01
4.483642550095030543e-01
-1.835889927384998510e-01
-3.040071630334153507e-01
-4.406263055655148392e-02
0.000000000000000000e+00
0.000000000000000000e+00
0.000000000000000000e+00
0.000000000000000000e+00
0.000000000000000000e+00
0.000000000000000000e+00
-7.573503345298630007e-01
-1.359365261481868021e-09
4.078096465773716704e-09
0.000000000000000000e+00
-0.000000000000000000e+00
0.000000000000000000e+00
-7.573503385353070883e-01
1.725050323826614607e-01
-5.076398088585827306e-01
0.000000000000000000e+00
0.000000000000000000e+00
0.000000000000000000e+00
6.314430403209282394e-01
7.658785887824252070e-01
-3.060009386777153284e-01
-4.520785382870173147e-02
7.430897798487831607e-02
9.269733230936358370e-02
7.050632904617425423e-01
8.443868471235821405e-01
-1.044092945593732225e+00
-9.041570765740346294e-02
1.486179562336084059e-01
1.853946647083886679e-01
-5.317668055767469371e-01
-8.867349113695363050e-01
-1.351592682806900036e+00
-2.814806585559193608e-01
2.872772416388758021e-01
1.685084227133042678e-01
-5.349038874221786477e-01
-1.100095058445903051e+00
-1.378276292918227397e-01
-3.812455334905985871e-01
3.600664496038037954e-01
1.600050598534276391e-01
-2.782639668033001001e+00
8.227526635421653634e-01
1.943682383567694738e-01
-3.777451559086044686e-01
3.430746546936704888e-01
2.820431745996093142e-01
-2.782639668033000557e+00
8.227526635421656964e-01
1.943682383567689187e-01
-3.777451561119987700e-01
3.430746541351165635e-01
2.820431740520840114e-01
-4.309840312605102142e+00
-1.974474302155192706e+00
2.448880297891173896e+00
-3.614386158879095978e-01
3.812730066211222346e-01
3.538009341833556753e-01
-4.309840312605102142e+00
-1.974474302155192706e+00
2.448880297891173896e+00
-2.271937542875686056e-01
2.359257152792209045e-01
4.728714436296090340e-01
-4.612893547374563141e+00
-2.270291697519756013e+00
5.713781326095053181e+00
-3.706361412050345749e-01
3.133287770598222055e-01
5.097312307428097933e-01
-4.612893547374563141e+00
-2.270291697519756013e+00
5.713781326095053181e+00
-2.347128362359328091e-01
1.767718565481976589e-02
5.019928147321108813e-01
-2.309122709860532030e+00
1.477967614710963273e+00
-3.942530814133905492e-01
-4.021899698324897243e-01
2.266935736837620008e-01
4.247194457794082334e-01
-2.309122709860532030e+00
1.477967614710963273e+00
-3.942530814133905492e-01
-4.597533172967862014e-01
1.539971183187183734e-01
4.893424692957918376e-01
0.000000000000000000e+00
0.000000000000000000e+00
0.000000000000000000e+00
0.000000000000000000e+00
0.000000000000000000e+00
0.000000000000000000e+00
-7.565007640971418423e-01
-1.357840370713660756e-09
4.073521792704803389e-09
0.000000000000000000e+00
-0.000000000000000000e+00
0.000000000000000000e+00
-7.565007680563774484e-01
1.693197754052084003e-01
-5.021833347989304031e-01
0.000000000000000000e+00
0.000000000000000000e+00
0.000000000000000000e+00
6.362731481825444346e-01
7.653974179509011044e-01
-3.012054874894690704e-01
-4.471861174015188262e-02
7.342725885491392657e-02
9.212243397980733606e-02
7.082291997177964094e-01
8.470005095247563620e-01
-1.041885567821419833e+00
-8.943722348030375136e-02
1.468545179735958883e-01
1.842448680485485879e-01
-5.323513174404868042e-01
-8.818533698955275391e-01
-1.352879620547726480e+00
-2.802049780960569336e-01
2.858353371371276097e-01
1.675535248963828105e-01
-5.369338498982102470e-01
-1.097175036246489155e+00
-1.376000995048843323e-01
-3.798141673143978769e-01
3.588193253697328222e-01
1.591757707417395806e-01
-2.782916830167353694e+00
8.232326973522385849e-01
1.941862013386587704e-01
-3.763328662817441161e-01
3.418211031198814531e-01
2.811291472826726867e-01
-2.782916830167353250e+00
8.232326973522388069e-01
1.941862013386584929e-01
-3.763328664852181316e-01
3.418211025612208909e-01
2.811291467350334750e-01
-4.282700868915068071e+00
-1.925293689792821228e+00
2.409353888692366663e+00
-3.600366801222408264e-01
3.800113734452189029e-01
3.527689001713020245e-01
-4.282700868915068071e+00
-1.925293689792821228e+00
2.409353888692366663e+00
-2.287221360023645733e-01
2.333687975101373657e-01
4.690037494456010814e-01
-2.505150179323059501e+00
1.292874456417888673e+00
-6.438366538511437476e-01
-3.692487614861425516e-01
3.120763427732564654e-01
5.087526006994800287e-01
-2.505150179323059501e+00
1.292874456417888673e+00
-6.438366538511437476e-01
-4.214958495000221683e-01
2.586402083495707993e-01
6.047405943797388161e-01
-2.309562121710958760e+00
1.478537852038063427e+00
-3.944652016362688585e-01
-4.008149622213486585e-01
2.254245917713613989e-01
4.237230956726753539e-01
-2.309562121710958760e+00
1.478537852038063427e+00
-3.944652016362688585e-01
-4.583941907980483843e-01
1.527214336822115270e-01
4.883382607489348270e-01
