-2.221441471072811424e+00
nan
-2.221441467085554233e+00
2.610459999999999864e-02
2.799937000000000120e-01
-1.333499999999999686e-01
1.514523142211010809e+00
-9.776623321252654319e-01
-1.514523148611444769e+00
8.860460000000003333e-02
2.799937001121810543e-01
-1.333500001121810108e-01
-4.335673219819858315e-01
-2.981920192583570994e+00
-6.423583218428959851e-01
2.073546000000000833e-01
2.799937003253250012e-01
-1.333500007516129071e-01
-1.168796886086424847e+00
-4.401652585262099682e-01
-1.185098692866767056e+00
1.489753160646853092e-01
1.009113321034149080e-01
-2.142596083345947866e-01
-2.402063769853294506e+00
7.506583966670115071e-01
-1.477888355092082717e+00
9.059603212937052119e-02
-7.817103626999252763e-02
-2.951692155822581154e-01
-6.765683893930583004e-01
-1.432595682881727450e+00
-2.527515507549515927e+00
1.710781574009757888e-02
-2.523878027141216451e-01
-3.809086484103053061e-01
1.004621257011220486e-01
7.692055133912681919e-01
-1.637130409468660730e+00
-1.465005461618452270e-02
-3.400090338048790684e-01
-4.264939534172225710e-01
1.687257824022909247e+00
-3.251195254691222752e-02
-2.644892816264932112e+00
7.942692734092077211e-02
-3.415884657326059837e-01
-4.702099614763783353e-01
1.687257823380614363e+00
-3.251196031114116786e-02
-2.644892815260991181e+00
7.942692746198731779e-02
-3.415884657283930204e-01
-4.702099612159950093e-01
2.245524971730318009e-01
2.902639407243690628e-01
3.679367577860830352e-01
1.843183485421642231e-01
-3.746036727705817082e-01
-5.153624458973773415e-01
2.245524971730318009e-01
2.902639407243690628e-01
3.679367577860830352e-01
1.738880368335815052e-01
-4.168126283603993953e-01
-5.191510855329989349e-01
-9.748648263331781694e-01
-2.591547839353202765e+00
4.866192557916309558e-01
1.742535062940736013e-01
-3.164148206376079520e-01
-5.392904734451711146e-01
-9.748648263331781694e-01
-2.591547839353202765e+00
4.866192557916309558e-01
1.713643740602325549e-01
-3.586103044148878372e-01
-5.285231530567600089e-01
1.422365909184766020e+00
-2.427580125396006760e+00
-5.267584888454203140e-01
1.930618360600131200e-01
-3.157912271579839114e-01
-4.988848860643663730e-01
1.422365909184766020e+00
-2.427580125396006760e+00
-5.267584888454203140e-01
2.327645042446065959e-01
-3.104119261670436059e-01
-5.161910232556330413e-01
-2.221441471072811424e+00
nan
-2.221441467085554233e+00
2.610459999999999864e-02
2.799937000000000120e-01
1.333500000000000241e-01
1.514923849125892952e+00
-9.773071072297825346e-01
-1.514923855529122232e+00
8.860460000000003333e-02
2.799937001121810543e-01
1.333499998878189818e-01
-4.344775813501641215e-01
-2.981396624122318428e+00
-6.431381185112691190e-01
2.073546000000000833e-01
2.799937003253250012e-01
1.333499992483870855e-01
-1.168800139637426350e+00
-4.383314659605082042e-01
-1.184196223315442165e+00
1.488479958135137671e-01
1.009921574781740827e-01
5.235354917243974227e-02
-2.404810689457275164e+00
7.484944700147653229e-01
-1.476491527141438054e+00
9.034139162702745085e-02
-7.800938552066596920e-02
-2.864290056827574482e-02
-6.766812180250885156e-01
-1.435319846477845385e+00
-2.525908378381182651e+00
1.693017409481481494e-02
-2.524486622177382067e-01
-1.139950059075141714e-01
9.878882956509148217e-02
7.675627555299540106e-01
-1.637154044069116576e+00
-1.479339603871963199e-02
-3.401785514374119357e-01
-1.593948311878662372e-01
1.687344859280110132e+00
-3.270167273738983083e-02
-2.644948288722324126e+00
7.928462333819313868e-02
-3.417738146811728495e-01
-2.031080317719042849e-01
1.687344858642418011e+00
-3.270168050194515591e-02
-2.644948287726509584e+00
7.928462345925271770e-02
-3.417738146769643270e-01
-2.031080315115176282e-01
2.230502136022070037e-01
2.912207625419217516e-01
3.582525274080590738e-01
1.841725661029006700e-01
-3.748064925177346796e-01
-2.482558184762262421e-01
2.230502136022070037e-01
2.912207625419217516e-01
3.582525274080590738e-01
1.733505108402394468e-01
-4.169297353339032064e-01
-2.518967880108443635e-01
1.440016328115495181e+00
-2.243175983182471800e+00
-8.188188635001082682e-02
1.741168535902969938e-01
-3.166173821223718376e-01
-2.721870562549150718e-01
1.440016328115495181e+00
-2.243175983182471800e+00
-8.188188635001082682e-02
2.128748655996806072e-01
-3.112905574464475689e-01
-2.915308554826376852e-01
1.421807758624451079e+00
-2.427897883170619941e+00
-5.266408491287194460e-01
1.929241021069711404e-01
-3.159944886844611722e-01
-2.317809547850000762e-01
1.421807758624451079e+00
-2.427897883170619941e+00
-5.266408491287194460e-01
2.326286196249320593e-01
-3.106347513502305535e-01
-2.490889191073573372e-01
0.000000000000000000e+00
0.000000000000000000e+00
0.000000000000000000e+00
0.000000000000000000e+00
0.000000000000000000e+00
0.000000000000000000e+00
6.179630961703013181e-01
1.109179632611046367e-09
-3.327539453765593017e-09
0.000000000000000000e+00
-0.000000000000000000e+00
0.000000000000000000e+00
6.179630873177217598e-01
4.898348107182773914e-01
-1.084182461332305003e+00
0.000000000000000000e+00
0.000000000000000000e+00
0.000000000000000000e+00
8.975094280597553098e-01
1.347361957260058141e+00
-6.967507713167082617e-01
-2.337903050757485779e-01
1.132929466434519500e-01
-8.207008765425707897e-02
-1.466291552789931840e+00
1.549209294669512627e+00
5.620578160798408440e-01
-4.675806101514971558e-01
2.265858930796894044e-01
-1.641401754021339088e-01
-1.792852648242602598e+00
6.482142062425829687e-01
9.331142431625327749e-02
-5.024890411363214238e-01
5.956226057156642495e-02
2.051610254682149082e-01
-1.805942374729225808e+00
6.679852424917582798e-01
6.442797808088088218e-02
-5.238620215642841860e-01
-2.512884634722754862e-02
3.828388843965084831e-01
-2.706748761595628494e+00
6.831086278968048209e-01
4.830177148242088547e-01
-5.529619102028315858e-01
-9.801624802381350698e-02
3.228492118372813247e-01
-2.706748761595628494e+00
6.831086278968048209e-01
4.830177148242095209e-01
-5.529619100269963505e-01
-9.801624726054404546e-02
3.228492117431763231e-01
-5.141057264642511448e+00
1.927005091279672788e+00
-6.673369988219447713e+00
-5.678590320238608991e-01
-1.695682647400301724e-01
3.405608477862179795e-01
-5.141057264642511448e+00
1.927005091279672788e+00
-6.673369988219447713e+00
-8.568357373579044145e-01
-1.194405489380254703e-01
5.776587693202961393e-01
-4.062550761837780300e+00
3.736635881121141978e-02
-2.411342030860831542e+00
-6.123107204758239108e-01
-2.391969207751859228e-01
1.899336249147116351e-01
-4.062550761837780300e+00
3.736635881121141978e-02
-2.411342030860831542e+00
-7.136561284634166391e-01
-1.884874491401193897e-01
3.614628760319164025e-01
-2.293753224643290345e+00
5.139222522019710748e-01
1.377897961972786023e+00
-5.850105218182654054e-01
-1.207443907074445960e-01
1.753975816965584744e-01
-2.293753224643290345e+00
5.139222522019710748e-01
1.377897961972786023e+00
-6.013166586927721768e-01
-1.057341731195985124e-01
1.426547080504085019e-01
0.000000000000000000e+00
0.000000000000000000e+00
0.000000000000000000e+00
0.000000000000000000e+00
0.000000000000000000e+00
0.000000000000000000e+00
6.150892113950590101e-01
1.104021307657785283e-09
-3.312064476320403199e-09
0.000000000000000000e+00
-0.000000000000000000e+00
0.000000000000000000e+00
6.150892025179661715e-01
4.918352181155302150e-01
-1.086952111332893045e+00
0.000000000000000000e+00
0.000000000000000000e+00
0.000000000000000000e+00
8.963882121218892385e-01
1.352472362644559389e+00
-6.975222100370696010e-01
-2.344030116192430957e-01
1.134139188314199354e-01
-8.132630780807999227e-02
-1.464338287295229968e+00
1.552954971765962089e+00
5.646490808810948892e-01
-4.688060232384863024e-01
2.268278374566423949e-01
-1.626526157094623781e-01
-1.792169975787495817e+00
6.463534261939301029e-01
9.548683601828933387e-02
-5.028570223191839439e-01
6.039190520121390932e-02
2.067898112161891122e-01
-1.806369868792116140e+00
6.677063664504998552e-01
6.414707247609402474e-02
-5.238243053919237058e-01
-2.400148191148665511e-02
3.845213229017648282e-01
-2.706947306554644328e+00
6.829772892608865220e-01
4.825989306464232298e-01
-5.529095562528973939e-01
-9.692886078758070068e-02
3.245864658770680755e-01
-2.706947306554643884e+00
6.829772892608865220e-01
4.825989306464236739e-01
-5.529095560770903584e-01
-9.692886002430464720e-02
3.245864657829949373e-01
-5.143406752683115535e+00
1.928165178186348028e+00
-6.681386589616920446e+00
-5.678029342320312089e-01
-1.685227313877975530e-01
3.423681013494452863e-01
-5.143406752683115535e+00
1.928165178186348028e+00
-6.681386589616920446e+00
-8.562649945666447326e-01
-1.149433837744278930e-01
5.798917830089086456e-01
-2.291150003697452586e+00
8.809963281747652530e-01
1.370236842840528713e+00
-6.122294285908466138e-01
-2.381562071408083459e-01
1.917210689673520818e-01
-2.291150003697452586e+00
8.809963281747652530e-01
1.370236842840528713e+00
-6.365702561097236201e-01
-2.293680968024146283e-01
1.453708483237921012e-01
-2.294002246412382817e+00
5.137759278062232760e-01
1.377499638315153430e+00
-5.849335866463661882e-01
-1.197026615758999130e-01
1.771900056429552561e-01
-2.294002246412382817e+00
5.137759278062232760e-01
1.377499638315153430e+00
-6.012090383138890548e-01
-1.047142120917439884e-01
1.444955308321611009e-01
