-2.221441471072811424e+00
nan
-2.221441467085554233e+00
2.610459999999999864e-02
2.799937000000000120e-01
-1.333499999999999686e-01
1.438797133327676780e+00
-1.042188249792909360e+00
-1.438797139204532449e+00
8.860460000000003333e-02
2.799937001121810543e-01
-1.333500001121810108e-01
-2.992893015339121998e-01
3.057582924734182139e+00
4.887834302478784587e-01
2.073546000000000833e-01
2.799937003253250012e-01
-1.333500007516129071e-01
-7.646476509438889790e-01
-1.148443306685718701e+00
-1.328535993558169759e+00
2.471062802906319744e-01
8.890732927756886395e-02
-1.960461147768911006e-01
-1.261084492930254042e+00
8.700962609344955467e-01
-1.345612630664956955e+00
2.868579605812638378e-01
-1.021790418848975424e-01
-2.587422284525530136e-01
3.170955748515978390e-01
-2.994782106198248806e-01
-3.073293779978584439e+00
3.184329470535293694e-01
-1.426063970260815217e-01
-4.599185172779632902e-01
1.044330345700973162e+00
1.082547947368861285e+00
-1.295899666977659015e+00
3.397875620061712731e-01
-1.620227425296904555e-01
-5.595731631682021590e-01
-1.259251863121324089e+00
-1.160871615502595988e+00
1.298574683131207719e+00
4.435105922954439839e-01
-1.605478902399294638e-01
-5.614225680276132557e-01
-1.259251863132867522e+00
-1.160871610926399677e+00
1.298574687319645760e+00
4.435105922999965089e-01
-1.605478905257691769e-01
-5.614225680002403740e-01
5.034434181516638240e-01
-1.963574315630343570e+00
1.758450412421276532e+00
5.576518891764533636e-01
-1.646937060266034092e-01
-5.943700648149239374e-01
5.034434181516638240e-01
-1.963574315630343570e+00
1.758450412421276532e+00
5.979062985775265293e-01
-1.696966125370533707e-01
-5.782674384816672841e-01
-2.326832608062894270e-01
2.428077861659242220e+00
1.831059310147065133e+00
5.582840475643180422e-01
-1.341278796478345414e-01
-5.384672500564915421e-01
-2.326832608062894270e-01
2.428077861659242220e+00
1.831059310147065133e+00
5.888427875207655759e-01
-1.421968963712369749e-01
-5.685636868223559182e-01
-5.208202461294015873e-01
1.819428564137814286e+00
1.996459578779928412e+00
5.590101262345715805e-01
-1.784949018665120124e-01
-5.342489828515856187e-01
-5.208202461294015873e-01
1.819428564137814286e+00
1.996459578779928412e+00
5.987101804745946776e-01
-1.763831310294461108e-01
-5.522541832637150039e-01
-2.221441471072811424e+00
nan
-2.221441467085554233e+00
2.610459999999999864e-02
2.799937000000000120e-01
1.333500000000000241e-01
1.438905458370302037e+00
-1.042099547099884393e+00
-1.438905464247900223e+00
8.860460000000003333e-02
2.799937001121810543e-01
1.333499998878189818e-01
-2.992802925604060027e-01
3.057532394072107529e+00
4.890142990668042144e-01
2.073546000000000833e-01
2.799937003253250012e-01
1.333499992483870855e-01
-7.646605416256551102e-01
-1.148198980804951308e+00
-1.328402996212366238e+00
2.471057508998075747e-01
8.891678719746057280e-02
7.062473104116995248e-02
-1.261355761701941525e+00
8.701307881976791947e-01
-1.345570230583719162e+00
2.868569017996150383e-01
-1.021601260451674709e-01
7.899463183551599932e-03
3.168020386092931795e-01
-2.996778797728327226e-01
-3.073311398573812081e+00
3.183931497967574797e-01
-1.426154255269218574e-01
-1.932772844939678603e-01
1.044219125458326403e+00
1.082481489836726762e+00
-1.295988520355676021e+00
3.397285578325209277e-01
-1.620454514125922174e-01
-2.929333779254769121e-01
-1.259220149471560690e+00
-1.160832245470500235e+00
1.298585739986677368e+00
4.434515232899787218e-01
-1.605718590721052774e-01
-2.947874173870517200e-01
-1.259220149482999762e+00
-1.160832240894356771e+00
1.298585744175113410e+00
4.434515232945288599e-01
-1.605718593579451015e-01
-2.947874173596797820e-01
5.033121688522477211e-01
-1.963645580460061657e+00
1.758519013356644400e+00
5.575912959942304070e-01
-1.647189748306256418e-01
-3.277400304044252310e-01
5.033121688522477211e-01
-1.963645580460061657e+00
1.758519013356644400e+00
5.978435453713908387e-01
-1.697227372886992436e-01
-3.116322712197321376e-01
-6.358369479264525115e-01
2.197441481657493867e+00
1.663332573611811860e+00
5.582263273014914651e-01
-1.341533126487206018e-01
-2.718371584300761645e-01
-6.358369479264525115e-01
2.197441481657493867e+00
1.663332573611811860e+00
5.980212245555682760e-01
-1.383931527016486196e-01
-2.892478170469425236e-01
-5.205210042824887084e-01
1.819635709381151711e+00
1.996679862257272786e+00
5.589520534643300786e-01
-1.785203555278513377e-01
-2.676190478698906028e-01
-5.205210042824887084e-01
1.819635709381151711e+00
1.996679862257272786e+00
5.986458318615675012e-01
-1.764080148077992460e-01
-2.856380128191716161e-01
0.000000000000000000e+00
0.000000000000000000e+00
0.000000000000000000e+00
0.000000000000000000e+00
0.000000000000000000e+00
0.000000000000000000e+00
-2.613700811916477296e-01
-4.691321737953382888e-10
1.407396756519976056e-09
0.000000000000000000e+00
-0.000000000000000000e+00
0.000000000000000000e+00
-2.613700872771504979e-01
2.539445734450754277e-01
-7.739769519150814236e-01
-0.000000000000000000e+00
0.000000000000000000e+00
0.000000000000000000e+00
-4.602022336014506276e-01
1.209730920934617204e+00
-4.603800735647097797e-01
-1.638177849488695881e-01
-4.715377313957117011e-02
3.984953798309653905e-02
-1.207409362021502730e+00
1.099796445727563521e+00
-5.990770153623827809e-01
-3.276355698977391762e-01
-9.430754618776313047e-02
7.969907599617492844e-02
-1.414990647422177394e+00
1.288536442508639412e+00
3.696334734907830155e-01
-5.731076365695624286e-01
-3.561255293882173989e-01
9.378538517931525598e-02
-1.402367726181899421e+00
5.778254324107436890e-01
5.108107177348142347e-01
-6.943393482334326849e-01
-4.892425407950709570e-01
9.374313289182067965e-02
-2.672293436327650706e+00
5.597681831746404990e-01
5.334537771088242453e-01
-6.961613517527099892e-01
-4.388532509348598842e-01
3.174104281192271365e-02
-2.672293436327650706e+00
5.597681831746399439e-01
5.334537771088244673e-01
-6.961613515849053302e-01
-4.388532508592829506e-01
3.174104357322188319e-02
-2.574008628849879354e+00
1.638920196390147632e+00
6.230354220350312611e-01
-7.123927110788963457e-01
-4.660095243977424584e-01
-2.107278725340477887e-02
-2.574008628849879354e+00
1.638920196390147632e+00
6.230354220350312611e-01
-6.828848035972582275e-01
-3.994813023188260592e-01
-7.416902728735363937e-02
-2.689310488464174309e+00
1.439210074368288073e+00
2.803922250846327957e-01
-6.974055495594271292e-01
-3.162835721668053046e-01
-1.031075066135731244e-01
-2.689310488464174309e+00
1.439210074368288073e+00
2.803922250846327957e-01
-7.384581550021273033e-01
-3.886538021344720928e-01
-1.253878617130541329e-01
-2.659720433708448795e+00
-4.361761668637482714e-01
4.443652187427236111e-01
-6.713765422083671774e-01
-3.046237949933343070e-01
1.504775991271206648e-02
-2.659720433708448795e+00
-4.361761668637482714e-01
4.443652187427236111e-01
-6.644615004189382557e-01
-3.348712711560247746e-01
2.674725734875449401e-02
0.000000000000000000e+00
0.000000000000000000e+00
0.000000000000000000e+00
0.000000000000000000e+00
0.000000000000000000e+00
0.000000000000000000e+00
-2.604952960243411830e-01
-4.675620251950418583e-10
1.402686309932111782e-09
0.000000000000000000e+00
-0.000000000000000000e+00
0.000000000000000000e+00
-2.604953021105064770e-01
2.540900469608657342e-01
-7.740220721367688794e-01
-0.000000000000000000e+00
0.000000000000000000e+00
0.000000000000000000e+00
-4.595733236572534519e-01
1.211023695183514937e+00
-4.598872120528836316e-01
-1.638356145811316333e-01
-4.710790588089187186e-02
3.967426641270553611e-02
-1.209143730363692049e+00
1.100703899445492295e+00
-5.988538659865798586e-01
-3.276712291622632112e-01
-9.421581167071491070e-02
7.934853285530645006e-02
-1.416414283887685421e+00
1.289463927543277322e+00
3.692913699968824459e-01
-5.733340723029640706e-01
-3.563530188517461950e-01
9.355273343932053731e-02
-1.403778750351486027e+00
5.780058390214194430e-01
5.107100528903687486e-01
-6.946616690643833136e-01
-4.896283510016117835e-01
9.356246059855766184e-02
-2.672282478713382314e+00
5.599842067046307825e-01
5.333844520752080154e-01
-6.964858931210986537e-01
-4.392586510253594922e-01
3.154138330927380718e-02
-2.672282478713382314e+00
5.599842067046303384e-01
5.333844520752081264e-01
-6.964858929533085385e-01
-4.392586509497871106e-01
3.154138407057052729e-02
-2.573804729185329432e+00
1.641064392570428687e+00
6.231248994908493710e-01
-7.127268289139264690e-01
-4.664369612956630884e-01
-2.129282198327325792e-02
-2.573804729185329432e+00
1.641064392570428687e+00
6.231248994908493710e-01
-6.831749898930640219e-01
-3.998965556820978096e-01
-7.447064767868649682e-02
-2.653689765794565059e+00
-4.008555424129195965e-01
8.098646277515920699e-01
-6.977253524740716362e-01
-3.167099801829788008e-01
-1.033285129850794737e-01
-2.653689765794565059e+00
-4.008555424129195965e-01
8.098646277515920699e-01
-6.873124969842505649e-01
-3.306839871192143177e-01
-7.612528770396920219e-02
-2.659725608162919919e+00
-4.359600472327231913e-01
4.442925441870722025e-01
-6.716985863219512298e-01
-3.050509061879967398e-01
1.482636314356478024e-02
-2.659725608162919919e+00
-4.359600472327231913e-01
4.442925441870722025e-01
-6.647815347442798117e-01
-3.353407589036830339e-01
2.651301794218180463e-02
