-2.221441471072811424e+00
nan
-2.221441467085554233e+00
2.610459999999999864e-02
2.799937000000000120e-01
-1.333499999999999686e-01
1.489924853566546359e+00
-9.991855101437522313e-01
-1.489924859795894285e+00
8.860460000000003333e-02
2.799937001121810543e-01
-1.333500001121810108e-01
-5.211103226222217888e-01
2.973079691956161952e+00
5.861560802489707012e-01
2.073546000000000833e-01
2.799937003253250012e-01
-1.333500007516129071e-01
-4.850022508353534212e-01
-1.246908419293110581e+00
-1.430451547549565383e+00
2.770759088295838279e-01
1.016400991129408349e-01
-2.065205688077902391e-01
-9.814060882128244900e-01
7.575942265053688951e-01
-1.257685762328127899e+00
3.467972176591676003e-01
-7.671350223910231025e-02
-2.796911365235481561e-01
-6.412451332227160350e-01
-7.424650258823929649e-02
2.968207093781848105e+00
4.224320801499308331e-01
-7.343733588279018065e-02
-4.730092275290439519e-01
1.358432891174960133e+00
1.161899712422486131e+00
-1.194944935554132170e+00
4.653830473501825993e-01
-7.076847199928028298e-02
-5.674134333788587448e-01
-1.015791330255359837e+00
-1.364473084253002622e+00
8.257686379535659205e-01
5.684443096399862672e-01
-8.068944833259533711e-02
-5.607792081922892136e-01
-1.015791330192461706e+00
-1.364473080864975207e+00
8.257686428031348891e-01
5.684443096213988023e-01
-8.068944859799390135e-02
-5.607792083004208283e-01
3.436466703548021751e-01
-2.499869437480560563e+00
1.311864981214526882e+00
6.851206450138458415e-01
-8.265101991091056144e-02
-5.834451735905548109e-01
3.436466703548021751e-01
-2.499869437480560563e+00
1.311864981214526882e+00
7.203006097147149900e-01
-1.008848059073685355e-01
-5.651519984563422305e-01
-2.924474001073120166e-01
1.752517796320487431e+00
2.110227440878711835e+00
6.812437119177012779e-01
-8.114075055868663622e-02
-5.198646534557544996e-01
-2.924474001073120166e-01
1.752517796320487431e+00
2.110227440878711835e+00
7.185125273550064806e-01
-7.958578476080908903e-02
-5.425220717084485722e-01
-3.169138613114143577e-01
1.259738993895782588e+00
2.269200177237156613e+00
6.783815258786695113e-01
-1.223233908809927550e-01
-5.366739263776133528e-01
-3.169138613114143577e-01
1.259738993895782588e+00
2.269200177237156613e+00
7.186275289138440714e-01
-1.148202004891442363e-01
-5.517968393988006426e-01
-2.221441471072811424e+00
nan
-2.221441467085554233e+00
2.610459999999999864e-02
2.799937000000000120e-01
1.333500000000000241e-01
1.489957476600193731e+00
-9.991573309264949465e-01
-1.489957482829768143e+00
8.860460000000003333e-02
2.799937001121810543e-01
1.333499998878189818e-01
-5.211122939299207557e-01
2.973057222883455974e+00
5.862232275507998080e-01
2.073546000000000833e-01
2.799937003253250012e-01
1.333499992483870855e-01
-4.850103759704418871e-01
-1.246843481525350406e+00
-1.430410815970589278e+00
2.770766523689784933e-01
1.016437394548912465e-01
6.017126688049063976e-02
-9.814563767257309390e-01
7.576274917427483491e-01
-1.257645973975543896e+00
3.467987047379568755e-01
-7.670622155521725216e-02
-1.300746514699287204e-02
-6.411551866969394942e-01
-7.424767853250613392e-02
2.968229442731411094e+00
4.224218476371739972e-01
-7.342929420809590768e-02
-2.063301280843896635e-01
1.358423610081978206e+00
1.161910538909455060e+00
-1.194956410428803961e+00
4.653670705655857942e-01
-7.075993963009798160e-02
-3.007369333145527568e-01
-1.015780422611477052e+00
-1.364462333874814082e+00
8.257747159901396294e-01
5.684284528857167507e-01
-8.068071095711724927e-02
-2.941042663893410070e-01
-1.015780422548551609e+00
-1.364462330486803543e+00
8.257747208397077099e-01
5.684284528671283976e-01
-8.068071122251563310e-02
-2.941042664974728438e-01
3.433827379266683466e-01
-2.499971236966843868e+00
1.311942926110513330e+00
6.851044542797835035e-01
-8.264198722909663064e-02
-3.167719764819449391e-01
3.433827379266683466e-01
-2.499971236966843868e+00
1.311942926110513330e+00
7.202790154259915978e-01
-1.008794557590114438e-01
-2.984720826461315646e-01
-3.902765389831527321e-01
1.689405174851417613e+00
2.023245213502732121e+00
6.812284664761877329e-01
-8.113185930725419492e-02
-2.531913953540089190e-01
-3.902765389831527321e-01
1.689405174851417613e+00
2.023245213502732121e+00
7.209745236014994951e-01
-8.073378871503790466e-02
-2.712145362402437199e-01
-3.168353371177895506e-01
1.259792315120518369e+00
2.269303592033942163e+00
6.783661171467817441e-01
-1.223144704947517203e-01
-2.700007118509951676e-01
-3.168353371177895506e-01
1.259792315120518369e+00
2.269303592033942163e+00
7.186100020978288816e-01
-1.148086528075302759e-01
-2.851279571224607512e-01
0.000000000000000000e+00
0.000000000000000000e+00
0.000000000000000000e+00
0.000000000000000000e+00
0.000000000000000000e+00
0.000000000000000000e+00
-5.300470826062883001e-01
-9.513795111638488765e-10
2.854139010332925891e-09
0.000000000000000000e+00
-0.000000000000000000e+00
0.000000000000000000e+00
-5.300470891213912017e-01
3.315735522463738594e-01
-8.082120871277730378e-01
-0.000000000000000000e+00
0.000000000000000000e+00
0.000000000000000000e+00
-8.962855310963837585e-01
1.268445595762645040e+00
-4.238550638804677306e-01
-1.684089614528872514e-01
-9.513345113397328467e-02
7.141806512105017268e-02
-9.658403484112693116e-01
1.254401033559315870e+00
-4.558973829721498783e-01
-3.368179229057743918e-01
-1.902669020875082384e-01
1.428361303161262141e-01
-1.468258285242935335e+00
1.223182060543273497e+00
6.483936126219570495e-01
-5.778227404007579837e-01
-4.114630503294548491e-01
4.479542697956254149e-02
-1.540472198294342343e+00
4.361593275329735953e-01
5.932889298999985961e-01
-6.950267457311108954e-01
-5.222236749416465651e-01
-1.166000709191691853e-02
-2.672650409611268874e+00
5.451460913403072261e-01
5.204087319973621506e-01
-6.862471611026788043e-01
-4.508587294664516687e-01
-4.132814972552911748e-02
-2.672650409611268874e+00
5.451460913403067821e-01
5.204087319973619286e-01
-6.862471610235105768e-01
-4.508587297651228676e-01
-4.132814900607875708e-02
-2.647272493762649059e+00
6.865441024913276902e-01
6.125429230030705607e-01
-6.975826045682045340e-01
-4.507175474263520054e-01
-9.969120282423338253e-02
-2.647272493762649059e+00
6.865441024913276902e-01
6.125429230030705607e-01
-6.738545564922873155e-01
-3.807412896609529973e-01
-7.557399998989053347e-02
-2.602036002806836557e+00
1.395396409818521866e+00
6.949134092373278060e-01
-6.637078898899001489e-01
-2.828066340813834567e-01
-1.016141299033271050e-01
-2.602036002806836557e+00
1.395396409818521866e+00
6.949134092373278060e-01
-6.964045365593165560e-01
-3.158634525117715586e-01
-1.576649781519424698e-01
-2.676441280579113791e+00
4.761172803745876148e-01
4.760717901173693312e-01
-6.514395936910891693e-01
-3.292214508485705737e-01
1.001298015482490755e-02
-2.676441280579113791e+00
4.761172803745876148e-01
4.760717901173693312e-01
-6.622119311915172224e-01
-3.505370528310589040e-01
-2.923068585701774080e-02
0.000000000000000000e+00
0.000000000000000000e+00
0.000000000000000000e+00
0.000000000000000000e+00
0.000000000000000000e+00
0.000000000000000000e+00
-5.296732903485643629e-01
-9.507085928490425120e-10
2.852126255052235752e-09
0.000000000000000000e+00
-0.000000000000000000e+00
0.000000000000000000e+00
-5.296732968636588268e-01
3.316113729941204680e-01
-8.081975992074960091e-01
-0.000000000000000000e+00
0.000000000000000000e+00
0.000000000000000000e+00
-8.961431535762089950e-01
1.269046265331628121e+00
-4.235589012730950897e-01
-1.684089101087228313e-01
-9.511001577003465324e-02
7.134658625570236556e-02
-9.661574632336709101e-01
1.254907749531857908e+00
-4.558078564864200266e-01
-3.368178202174456071e-01
-1.902200313597616765e-01
1.426931725853868016e-01
-1.468453944481839635e+00
1.223686409408251352e+00
6.483942605229622291e-01
-5.779262788677668183e-01
-4.114697876345932426e-01
4.462707670430843265e-02
-1.540700870640795195e+00
4.362964753771344517e-01
5.932659981633345847e-01
-6.951813975712438642e-01
-5.222563970970934832e-01
-1.184423320147830194e-02
-2.672634929363293832e+00
5.452573578366544105e-01
5.204187161807932727e-01
-6.864019320655492251e-01
-4.508946275365040002e-01
-4.152461003427995734e-02
-2.672634929363294276e+00
5.452573578366538554e-01
5.204187161807929396e-01
-6.864019319863907675e-01
-4.508946278351748660e-01
-4.152460931483162310e-02
-2.647347276074270006e+00
6.861463516951922248e-01
6.122212424642945461e-01
-6.977409828993105245e-01
-4.507567664440697008e-01
-9.990128280673088446e-02
-2.647347276074270006e+00
6.861463516951922248e-01
6.122212424642945461e-01
-6.740192118646698427e-01
-3.807759788173131765e-01
-7.575526697452084068e-02
-2.678834697671350629e+00
4.706083682128414658e-01
5.050977510623047007e-01
-6.638591020581271485e-01
-2.828462210890110851e-01
-1.018238925696583752e-01
-2.678834697671350629e+00
4.706083682128414658e-01
5.050977510623047007e-01
-6.725420075415607934e-01
-3.110515921884871027e-01
-1.215950849708473114e-01
-2.676164480341099772e+00
4.809957863710788706e-01
4.791436213443015513e-01
-6.515923039151437779e-01
-3.292610076608497027e-01
9.802909604992582349e-03
-2.676164480341099772e+00
4.809957863710788706e-01
4.791436213443015513e-01
-6.624648098179258815e-01
-3.504614033693456143e-01
-2.964103217412156210e-02
