-2.221441471072811424e+00
nan
-2.221441467085554233e+00
2.610459999999999864e-02
2.799937000000000120e-01
-1.333499999999999686e-01
1.541870247200652466e+00
-9.530732081211737983e-01
-1.541870253792477330e+00
8.860460000000003333e-02
2.799937001121810543e-01
-1.333500001121810108e-01
-1.345581389136975448e+00
-2.528052506523151166e+00
-5.966106398882619066e-01
2.073546000000000833e-01
2.799937003253250012e-01
-1.333500007516129071e-01
-1.263228178827324522e+00
5.795013046761230413e-01
-1.010754703728674153e+00
3.730356391850150888e-02
1.775849943164144462e-01
-1.845369332753480363e-01
-2.994089473174578853e+00
6.366405853468043441e-01
-4.610094758713471630e-01
-1.327474721629970655e-01
7.517628814299472106e-02
-2.357238654699528868e-01
7.512102940689916464e-01
1.927975514639214349e+00
2.299657924432328304e+00
-2.171464745087268167e-01
-1.141863500459999597e-01
-2.467624188692638110e-01
-1.690217715322077652e-01
4.017139390635109386e-01
-2.159288985389769433e+00
-2.576898458113634494e-01
-2.090543239394495600e-01
-2.577335205809569429e-01
5.187289565833007599e-01
-1.313357807656612364e+00
-1.690523120386238309e+00
-1.779456866180510466e-01
-2.648599455342482978e-01
-2.936593354355957475e-01
5.187289560330468063e-01
-1.313357811119480578e+00
-1.690523115376515673e+00
-1.779456864737531951e-01
-2.648599452922554276e-01
-2.936593354912006570e-01
-1.482165363724947005e+00
-1.176688056703291574e+00
-1.763713625283706010e+00
-7.602695104766929446e-02
-3.249557909411007195e-01
-3.051494046841206620e-01
-1.482165363724947005e+00
-1.176688056703291574e+00
-1.763713625283706010e+00
-1.003830629531530794e-01
-3.111369476539537215e-01
-3.386241788829532084e-01
1.254000643121971681e+00
4.341035116524408766e-01
-1.387891339030707050e+00
-1.117670652385021890e-01
-3.446565734574222883e-01
-3.540811680922671401e-01
1.254000643121971681e+00
4.341035116524408766e-01
-1.387891339030707050e+00
-1.490550035423268138e-01
-3.229580135975050892e-01
-3.474839503706999566e-01
1.021247525454553662e+00
-1.183365621882334739e+00
4.048671074525763691e-01
-8.934371784028150021e-02
-3.071089971063881707e-01
-3.626908504686371382e-01
1.021247525454553662e+00
-1.183365621882334739e+00
4.048671074525763691e-01
-7.206148986264468426e-02
-3.199996902413722033e-01
-4.006368087677585899e-01
-2.221441471072811424e+00
nan
-2.221441467085554233e+00
2.610459999999999864e-02
2.799937000000000120e-01
1.333500000000000241e-01
1.540519716951869844e+00
-9.543041872644640877e-01
-1.540519723534212959e+00
8.860460000000003333e-02
2.799937001121810543e-01
1.333499998878189818e-01
-1.347295460969318626e+00
-2.528543773481735535e+00
-5.941387710289368629e-01
2.073546000000001110e-01
2.799937003253250012e-01
1.333499992483870855e-01
-1.263037513943801482e+00
5.823623021491035612e-01
-1.007874703247805925e+00
3.720115350616332028e-02
1.776222433630327835e-01
8.242957657057925491e-02
-2.992856676833158147e+00
6.378874720238660867e-01
-4.557408267242505917e-01
-1.329522929876734705e-01
7.525078623686999590e-02
3.150915422222012180e-02
7.510157037902551735e-01
1.925873405492837032e+00
2.300018636475976486e+00
-2.174990493423123172e-01
-1.140324955667135071e-01
2.024260108585366341e-02
-1.672377026299444736e-01
4.023578531864385743e-01
-2.159334212377998607e+00
-2.581319244033134508e-01
-2.088483097079569251e-01
9.152364252933047409e-03
5.190479122281658197e-01
-1.313453484345234790e+00
-1.690323286165031025e+00
-1.783678095380716033e-01
-2.646385279846642513e-01
-2.675306743089270883e-02
5.190479116777398927e-01
-1.313453487808503795e+00
-1.690323281155468038e+00
-1.783678093938100284e-01
-2.646385277426432925e-01
-2.675306748646944649e-02
-1.483235798259815885e+00
-1.173105102106657416e+00
-1.761078008458338617e+00
-7.643405291915905675e-02
-3.247138138537445373e-01
-3.821737186117529772e-02
-1.483235798259815885e+00
-1.173105102106657416e+00
-1.761078008458338617e+00
-1.009055546185430724e-01
-3.108356389216851978e-01
-7.158326746944884689e-02
8.694348552404163044e-01
-8.577359598632414706e-01
5.433394056617659729e-01
-1.121584985775342241e-01
-3.444231485699351114e-01
-8.715713250430642822e-02
8.694348552404163044e-01
-8.577359598632414706e-01
5.433394056617659729e-01
-1.000459045885405684e-01
-3.660261546483201678e-01
-1.230923007917244516e-01
1.021162444017364335e+00
-1.183642173375392348e+00
4.054121620477336707e-01
-8.974078573301509654e-02
-3.068712042199376322e-01
-9.576243641267470630e-02
1.021162444017364335e+00
-1.183642173375392348e+00
4.054121620477336707e-01
-7.243733701079278775e-02
-3.197657264810893074e-01
-1.336974213551271051e-01
0.000000000000000000e+00
0.000000000000000000e+00
0.000000000000000000e+00
0.000000000000000000e+00
0.000000000000000000e+00
0.000000000000000000e+00
-4.598607647580780222e-01
-8.254023537451378624e-10
2.476207474935721960e-09
0.000000000000000000e+00
-0.000000000000000000e+00
0.000000000000000000e+00
-4.598607719245135783e-01
4.321674564840967125e-01
-8.646290479761709058e-01
0.000000000000000000e+00
0.000000000000000000e+00
0.000000000000000000e+00
6.529585717628471064e-01
1.102333259750118311e+00
-5.296601492105666997e-01
-1.106668684149616222e-01
1.234922031316947194e-01
1.205842703328747073e-01
6.757066173655164043e-01
1.101055556176993910e+00
-6.026764556266792638e-01
-2.213337368299232166e-01
2.469844064147435347e-01
2.411685407414007609e-01
-2.238966383042593489e-01
-1.003938069939945388e+00
-8.461105485749772503e-01
-3.476122009942514413e-01
3.053085215849526968e-01
2.061429435038659164e-01
-2.308354664371280451e-01
-9.981520696184409402e-01
-8.705003185294543089e-01
-4.168666877498827250e-01
3.371563029271634204e-01
1.866805300069179496e-01
-2.774226969536034648e+00
7.817343225902723125e-01
2.753317106305113171e-01
-4.295860726740022839e-01
2.594460347194168515e-01
2.791592442363543536e-01
-2.774226969536035092e+00
7.817343225902728676e-01
2.753317106305110951e-01
-4.295860727840988824e-01
2.594460346048860777e-01
2.791592434522086053e-01
-4.539061482211304011e+00
-2.416439116318507274e+00
2.391686385563821515e-01
-4.220219622568580076e-01
2.556314345382144082e-01
3.662053856107430061e-01
-4.539061482211304011e+00
-2.416439116318507274e+00
2.391686385563821515e-01
-3.444372424082803863e-01
9.786215822161144218e-02
2.446257447874981561e-01
-4.115745625569940280e+00
-1.871160397033026168e+00
1.418469668853121091e+00
-4.548493510268942219e-01
1.100432300460861545e-01
4.487991017447559017e-01
-4.115745625569940280e+00
-1.871160397033026168e+00
1.418469668853121091e+00
-4.979725525771814265e-01
8.430389052651707238e-02
2.897216354790068671e-01
-2.207602093001157506e+00
1.605423053324588567e+00
2.535802933634018208e-01
-4.719178736738632862e-01
9.233187559563574287e-02
3.271045025024494346e-01
-2.207602093001157506e+00
1.605423053324588567e+00
2.535802933634018208e-01
-5.295683641609394421e-01
1.294473107410296087e-02
3.278167364393665961e-01
0.000000000000000000e+00
0.000000000000000000e+00
0.000000000000000000e+00
0.000000000000000000e+00
0.000000000000000000e+00
0.000000000000000000e+00
-4.635522742508246252e-01
-8.320282302227463433e-10
2.496085107689506026e-09
0.000000000000000000e+00
-0.000000000000000000e+00
0.000000000000000000e+00
-4.635522813908822259e-01
4.288159606085316100e-01
-8.621003340272933579e-01
0.000000000000000000e+00
0.000000000000000000e+00
0.000000000000000000e+00
6.574005171325926211e-01
1.103228226237571663e+00
-5.266420103226486793e-01
-1.100899572072295135e-01
1.230850649565459892e-01
1.204190360332859921e-01
6.821823447016157616e-01
1.102006822905856609e+00
-6.069963419018828965e-01
-2.201799144144590548e-01
2.461701300658087066e-01
2.408380721425345539e-01
-2.207664444014219851e-01
-1.005001958484200042e+00
-8.534449602710715288e-01
-3.474899924793247163e-01
3.051755455280160678e-01
2.048834615063205300e-01
-2.259663643846778758e-01
-1.000627350553852324e+00
-8.717939207276692581e-01
-4.172643614750285446e-01
3.374051158169780185e-01
1.849794926521589611e-01
-2.774340523059221297e+00
7.818076557301061325e-01
2.753444122421082607e-01
-4.299739776284526305e-01
2.597538255259800311e-01
2.774003603712542065e-01
-2.774340523059221297e+00
7.818076557301064655e-01
2.753444122421082607e-01
-4.299739777385420125e-01
2.597538254115129286e-01
2.774003595870208061e-01
-4.518300792352158979e+00
-2.380083489879226466e+00
2.392611086386227104e-01
-4.223954643217696647e-01
2.560148314802242475e-01
3.643770690902153331e-01
-4.518300792352158979e+00
-2.380083489879226466e+00
2.392611086386227104e-01
-3.463023545796092284e-01
9.940260028917614898e-02
2.434270831310345051e-01
-2.353227917755172705e+00
1.614816128038095044e+00
-8.348849973385474854e-02
-4.552300886790558443e-01
1.104027438466863853e-01
4.469871201883124368e-01
-2.353227917755172705e+00
1.614816128038095044e+00
-8.348849973385474854e-02
-5.150623805605673011e-01
2.482784030347767734e-02
4.782643050735987389e-01
-2.207879000254748370e+00
1.605611732784568924e+00
2.537068104691709847e-01
-4.722974992001007788e-01
9.270129246744696072e-02
3.252788997326457876e-01
-2.207879000254748370e+00
1.605611732784568924e+00
2.537068104691709847e-01
-5.299349279913077027e-01
1.333543862345815123e-02
3.259658243653235643e-01
