-2.221441471072811424e+00
nan
-2.221441467085554233e+00
2.610459999999999864e-02
2.799937000000000120e-01
-1.333499999999999686e-01
1.569207369478074821e+00
-9.277759443266176964e-01
-1.569207376262507170e+00
8.860460000000003333e-02
2.799937001121810543e-01
-1.333500001121810108e-01
-1.192607564408751042e+00
-2.595826015102146833e+00
-6.668223825107597591e-01
2.073546000000000833e-01
2.799937003253250012e-01
-1.333500007516129071e-01
-1.260971575975218251e+00
4.045912015304061748e-01
-1.057942944616677261e+00
5.181766039202237439e-02
1.629858611751041630e-01
-1.977116818575345158e-01
-3.001426331820713944e+00
5.452359958023724751e-01
-6.782752297308504152e-01
-1.037192792159553345e-01
4.597802184754389010e-02
-2.620733626410577388e-01
-7.818203465648564388e-01
-1.917790886671804973e+00
-2.267757164523168445e+00
-1.772305459575577169e-01
-1.479915221238645162e-01
-2.707428305352759246e-01
-2.600586422802512176e-01
4.665892411174411003e-01
-2.045217378979604206e+00
-2.116266012340955183e-01
-2.454112719111621876e-01
-2.802489460823162637e-01
7.581721025734142749e-01
-1.132683399830210824e+00
-1.924502246577208142e+00
-1.299574418944009768e-01
-2.913549720296973455e-01
-3.247841830544679897e-01
7.581721019956757512e-01
-1.132683404207864619e+00
-1.924502242052735568e+00
-1.299574417416229088e-01
-2.913549717885603463e-01
-3.247841830230652760e-01
-1.319810289488362542e+00
-5.881521704028375153e-01
-1.641183009029899331e+00
-2.845741864909845376e-02
-3.496213440714742715e-01
-3.456105163144994608e-01
-1.319810289488362542e+00
-5.881521704028375153e-01
-1.641183009029899331e+00
-5.970807688882759368e-02
-3.241416288889683583e-01
-3.623114623479440910e-01
1.518807913256365216e+00
8.499978264128645877e-01
-1.546264882926556838e+00
-6.002147058280077330e-02
-3.522980623162921265e-01
-4.008946900835304028e-01
1.518807913256365216e+00
8.499978264128645877e-01
-1.546264882926556838e+00
-9.266807305768506864e-02
-3.336501751068936539e-01
-3.787317305771279452e-01
1.181901703867733522e+00
-1.434925382366112778e+00
3.267849720726592189e-01
-3.628408001481589484e-02
-3.148900975371631272e-01
-3.960024422252968468e-01
1.181901703867733522e+00
-1.434925382366112778e+00
3.267849720726592189e-01
-1.283437934910343359e-02
-3.196770848491471417e-01
-4.324981599983916958e-01
-2.221441471072811424e+00
nan
-2.221441467085554233e+00
2.610459999999999864e-02
2.799937000000000120e-01
1.333500000000000241e-01
1.568167889103704304e+00
-9.287512562515994885e-01
-1.568167895880788754e+00
8.860460000000003333e-02
2.799937001121810543e-01
1.333499998878189818e-01
-1.194490083574071715e+00
-2.595877201701828785e+00
-6.647580258144583087e-01
2.073546000000000833e-01
2.799937003253250012e-01
1.333499992483870855e-01
-1.261269810941461955e+00
4.073500866783525409e-01
-1.055596922095646040e+00
5.165988050887765359e-02
1.630506750644156733e-01
6.925254871088885877e-02
-3.001328703668034503e+00
5.457238174749181603e-01
-6.733663055875261927e-01
-1.040348389822448594e-01
4.610764962665127309e-02
5.155098496054957846e-03
-7.816634409264935357e-01
-1.917465627807858786e+00
-2.268781178932184339e+00
-1.775811454989262850e-01
-1.478436414338162863e-01
-3.624849894009225457e-03
-2.590868926281970630e-01
4.667955994754772742e-01
-2.045276225476917897e+00
-2.120093450280583769e-01
-2.452459082487422615e-01
-1.319354868204990899e-02
7.585020783871372352e-01
-1.132813485254725583e+00
-1.924331551009337504e+00
-1.303220978242990158e-01
-2.911812807033634654e-01
-5.770419574235616939e-02
7.585020778091121629e-01
-1.132813489632802151e+00
-1.924331546485066324e+00
-1.303220976715585289e-01
-2.911812804622073148e-01
-5.770419571091758848e-02
-1.319562054419538555e+00
-5.884138017451739922e-01
-1.641292099772357682e+00
-2.880924800893987225e-02
-3.494362341683849293e-01
-7.849993342867393753e-02
-1.319562054419538555e+00
-5.884138017451739922e-01
-1.641292099772357682e+00
-6.005829156741589181e-02
-3.239607567304122471e-01
-9.521036282464750977e-02
1.059163627576196420e+00
-1.112553689352253850e+00
5.191160427162040403e-01
-6.035729965202005221e-02
-3.521184151874369728e-01
-1.337929746442427237e-01
1.059163627576196420e+00
-1.112553689352253850e+00
5.191160427162040403e-01
-4.163577979730121587e-02
-3.644072956872905222e-01
-1.712526761246295215e-01
1.181755188163430725e+00
-1.435287957077385990e+00
3.272781441425009485e-01
-3.662574330126304456e-02
-3.147074781337414473e-01
-1.288951536047115431e-01
1.181755188163430725e+00
-1.435287957077385990e+00
3.272781441425009485e-01
-1.315702601977158243e-02
-3.195011623324074956e-01
-1.653777662520383163e-01
0.000000000000000000e+00
0.000000000000000000e+00
0.000000000000000000e+00
0.000000000000000000e+00
0.000000000000000000e+00
0.000000000000000000e+00
-2.726176531631812061e-01
-4.893203983421868934e-10
1.467961440279071268e-09
0.000000000000000000e+00
-0.000000000000000000e+00
0.000000000000000000e+00
-2.726176615441384676e-01
5.474789999356175496e-01
-9.953023650266660249e-01
0.000000000000000000e+00
0.000000000000000000e+00
0.000000000000000000e+00
6.330461757347118912e-01
1.228794763407603075e+00
-6.205357858523622427e-01
-1.516948478389196497e-01
1.372601528446840136e-01
1.170516116410880714e-01
4.959253054452628096e-01
1.248341083013365660e+00
-3.247031173244007141e-01
-3.033896956778393550e-01
2.745203057772594990e-01
2.341032233305219146e-01
-1.895715702771292033e-01
-6.931877805712403084e-01
-5.141554383932406269e-01
-3.771946642115660553e-01
3.026890517602113806e-01
2.296759523273192716e-01
-3.834946882607698226e-01
-5.784703550919949588e-01
-9.881190333336751230e-01
-4.206940352337071864e-01
3.185718813884295120e-01
2.243010420529533422e-01
-2.765346349629930423e+00
7.614611361379524102e-01
3.107351307015920883e-01
-4.403295654372194057e-01
2.207940037892617835e-01
2.891633946107550757e-01
-2.765346349629929978e+00
7.614611361379530763e-01
3.107351307015918107e-01
-4.403295654882371513e-01
2.207940039235747887e-01
2.891633938275931515e-01
-4.424858056946158413e+00
-1.957366833771813752e+00
-7.319680226700804315e-01
-4.380826000910814644e-01
1.947416021218010274e-01
3.730017708242655550e-01
-4.424858056946158413e+00
-1.957366833771813752e+00
-7.319680226700804315e-01
-3.867423854922684145e-01
1.437167690259638364e-01
1.990886458382772339e-01
-3.962166460729900308e+00
-1.508427352241259456e+00
4.576701150496498838e-01
-4.793475994660407746e-01
3.205365419421418727e-02
4.044386226981148136e-01
-3.962166460729900308e+00
-1.508427352241259456e+00
4.576701150496498838e-01
-5.213133944766719097e-01
1.049256147103363734e-01
2.813075613026995159e-01
-2.185107206371847521e+00
1.529097085925584798e+00
5.828703640411351250e-01
-4.872463116785650805e-01
5.295845511112259874e-02
2.829175434582174020e-01
-2.185107206371847521e+00
1.529097085925584798e+00
5.828703640411351250e-01
-5.402616143369705082e-01
-1.312046523290050226e-02
2.575207549766762583e-01
0.000000000000000000e+00
0.000000000000000000e+00
0.000000000000000000e+00
0.000000000000000000e+00
0.000000000000000000e+00
0.000000000000000000e+00
-2.767299263754368632e-01
-4.967015020343545709e-10
1.490104755055060905e-09
0.000000000000000000e+00
-0.000000000000000000e+00
0.000000000000000000e+00
-2.767299347454524328e-01
5.451578043290297160e-01
-9.946168062478837335e-01
0.000000000000000000e+00
0.000000000000000000e+00
0.000000000000000000e+00
6.360887625476292495e-01
1.230780158680606862e+00
-6.188214600977595126e-01
-1.512567236960823402e-01
1.371189013453285310e-01
1.172398271727916608e-01
5.027315727670422785e-01
1.249438968307023057e+00
-3.289348510931262015e-01
-3.025134473921646805e-01
2.742378027799479145e-01
2.344796543945244505e-01
-1.848678349426960688e-01
-6.958774260300625292e-01
-5.200407383946784590e-01
-3.772807960947299200e-01
3.028437034254123361e-01
2.288658381364917227e-01
-3.769973576512878344e-01
-5.817574335028041776e-01
-9.904153018003439835e-01
-4.212753013674007674e-01
3.189788251019776144e-01
2.229145774498960675e-01
-2.765333678983291410e+00
7.612810728483885292e-01
3.109676950316173638e-01
-4.408759973430028678e-01
2.212941291803426358e-01
2.877542547711842702e-01
-2.765333678983291410e+00
7.612810728483887512e-01
3.109676950316174748e-01
-4.408759973940609700e-01
2.212941293147783206e-01
2.877542539880287298e-01
-4.407666566605574765e+00
-1.930633400998402971e+00
-7.217092094151106307e-01
-4.385919902363246692e-01
1.953541923002390379e-01
3.715688283402786007e-01
-4.407666566605574765e+00
-1.930633400998402971e+00
-7.217092094151106307e-01
-3.879443904182007241e-01
1.442529138595494975e-01
1.989509709253641512e-01
-2.299785208069781817e+00
1.644461992103505299e+00
2.539055789318716005e-01
-4.798514643248107392e-01
3.264005831122868129e-02
4.030028884465134409e-01
-2.299785208069781817e+00
1.644461992103505299e+00
2.539055789318716005e-01
-5.383323043271102115e-01
-4.875571071487749819e-02
4.004778462083175006e-01
-2.185262974994496510e+00
1.528994401026884553e+00
5.832437022578169650e-01
-4.877564387337777196e-01
5.356391516338510073e-02
2.814827795705390212e-01
-2.185262974994496510e+00
1.528994401026884553e+00
5.832437022578169650e-01
-5.407422630868881086e-01
-1.247220593138487210e-02
2.560747028410167436e-01
