-2.221441471072811424e+00
nan
-2.221441467085554233e+00
2.610459999999999864e-02
2.799937000000000120e-01
-1.333499999999999686e-01
1.477043415980919594e+00
-1.010237450956293692e+00
-1.477043422121067984e+00
8.860460000000003333e-02
2.799937001121810543e-01
-1.333500001121810108e-01
-1.533980742384486451e+00
-2.472902063332577338e+00
-4.641073828753630726e-01
2.073546000000000833e-01
2.799937003253250012e-01
-1.333500007516129071e-01
-1.242473450441716309e+00
7.964906514693418371e-01
-9.337722665265983935e-01
2.369555723933841618e-02
1.951177608702963640e-01
-1.663716741474869365e-01
-2.911864937366035466e+00
8.332608122787366067e-01
-1.837344437011546594e-01
-1.599634855213232509e-01
1.102418212818538218e-01
-1.993933472004459084e-01
6.626138639651202311e-01
1.773706130615294807e+00
2.130233006794678641e+00
-2.692216835996992241e-01
-6.548369729117715921e-02
-2.163178346345088210e-01
2.722073422562809597e-02
2.648482061249622932e-01
-2.265401981616729010e+00
-3.230745467267883697e-01
-1.530341544110061236e-01
-2.304192207764454159e-01
1.669450574404836851e-01
-1.516160316992812174e+00
-1.320443317166419384e+00
-2.447080758726014049e-01
-2.183667466276232316e-01
-2.492450312534766343e-01
1.669450569378864158e-01
-1.516160319100021026e+00
-1.320443311674490250e+00
-2.447080757513634408e-01
-2.183667464325275698e-01
-2.492450314258523592e-01
-1.323367463105361574e+00
-2.262466170199143534e+00
-1.654025104609735619e+00
-1.412380149515483352e-01
-2.768580768482158394e-01
-2.473288452539577909e-01
-1.323367463105361574e+00
-2.262466170199143534e+00
-1.654025104609735619e+00
-1.489036063429852452e-01
-2.940163552819958781e-01
-2.867188606692684383e-01
7.686343350236281013e-01
-5.146322814997413703e-02
-8.145065698742123272e-01
-1.811329458681251725e-01
-3.160110292546342015e-01
-2.779104552407177797e-01
7.686343350236281013e-01
-5.146322814997413703e-02
-8.145065698742123272e-01
-2.213083913432848937e-01
-3.151930268744067565e-01
-2.949400053694913315e-01
7.349654356443178216e-01
-8.426306867316724070e-01
4.490666858568187481e-01
-1.622857703670189944e-01
-2.857320308550502230e-01
-3.046447003310227553e-01
7.349654356443178216e-01
-8.426306867316724070e-01
4.490666858568187481e-01
-1.545406816621119339e-01
-3.117745961343975081e-01
-3.387993415856759283e-01
-2.221441471072811424e+00
nan
-2.221441467085554233e+00
2.610459999999999864e-02
2.799937000000000120e-01
1.333500000000000241e-01
1.475373401515082339e+00
-1.011659407742322880e+00
-1.475373407643686186e+00
8.860460000000003333e-02
2.799937001121810543e-01
1.333499998878189818e-01
-1.534938928034391692e+00
-2.474282715447551961e+00
-4.613366960719537668e-01
2.073546000000000833e-01
2.799937003253250012e-01
1.333499992483870855e-01
-1.241377971787144263e+00
7.991386522968927375e-01
-9.299121581472824527e-01
2.369014886623035943e-02
1.950500360352152573e-01
1.005331851632221551e-01
-2.908977406350674144e+00
8.350871898677467708e-01
-1.781466843887129226e-01
-1.599743022675393089e-01
1.101063716125034453e-01
6.771637142128701659e-02
6.632930780677447347e-01
1.770642281279130481e+00
2.130278393087840616e+00
-2.695128399259035801e-01
-6.541279587338910684e-02
5.046584642271575299e-02
2.945545512322696874e-02
2.657842355266604173e-01
-2.265232501235244555e+00
-3.235211654805512649e-01
-1.528408342901791117e-01
3.620045580852363637e-02
1.671563509640371925e-01
-1.516183031341014731e+00
-1.320221750266491245e+00
-2.451369181832400990e-01
-2.181545420016223757e-01
1.738312707625840059e-02
1.671563504614989037e-01
-1.516183033448412543e+00
-1.320221744774636718e+00
-2.451369180620379673e-01
-2.181545418065031494e-01
1.738312690388418152e-02
-1.333755042821254344e+00
-2.250300037304028500e+00
-1.650315770479146904e+00
-1.416523594451241375e-01
-2.766198863395124552e-01
1.930941910889095656e-02
-1.333755042821254344e+00
-2.250300037304028500e+00
-1.650315770479146904e+00
-1.497697440625969101e-01
-2.935431551014853202e-01
-2.009175049293751916e-02
5.450664832298086626e-01
-5.251910813442851600e-01
5.186470291010060185e-01
-1.815351782697561811e-01
-3.157840297634919580e-01
-1.127365949394983427e-02
5.450664832298086626e-01
-5.251910813442851600e-01
5.186470291010060185e-01
-1.788992595686785259e-01
-3.500879084030068533e-01
-3.812579102008284426e-02
7.349095773191058889e-01
-8.427277280571888740e-01
4.496067772977742627e-01
-1.626935683079629713e-01
-2.855013644290516073e-01
-3.800767421845279576e-02
7.349095773191058889e-01
-8.427277280571888740e-01
4.496067772977742627e-01
-1.549282210996942299e-01
-3.115475295003624634e-01
-7.215496975445481742e-02
0.000000000000000000e+00
0.000000000000000000e+00
0.000000000000000000e+00
0.000000000000000000e+00
0.000000000000000000e+00
0.000000000000000000e+00
-6.977030352724220563e-01
-1.252304548816953581e-09
3.756914274119022584e-09
0.000000000000000000e+00
-0.000000000000000000e+00
0.000000000000000000e+00
-6.977030401882037269e-01
2.387980465049275025e-01
-6.137849942839945783e-01
0.000000000000000000e+00
0.000000000000000000e+00
0.000000000000000000e+00
6.490625250257446854e-01
8.611904483963830348e-01
-3.716381797030564038e-01
-5.998108911251189002e-02
8.968784259065326614e-02
1.030756216308142820e-01
7.328654289141074418e-01
9.013328483393721058e-01
-9.409092998795235419e-01
-1.199621782250238355e-01
1.793756854205594553e-01
2.061512433547118550e-01
-4.425397024413769143e-01
-1.009563816677510051e+00
-1.248689437610397190e+00
-3.005585493421683019e-01
2.945811118230984293e-01
1.758460886929434364e-01
-3.802747570251081566e-01
-1.191057901108538264e+00
-3.596460119112778742e-01
-3.956456311917639357e-01
3.555861899677095206e-01
1.602227398977634776e-01
-2.783223278125792177e+00
8.122332283651321205e-01
2.176091905554646266e-01
-3.967196071168559990e-01
3.202430207524858408e-01
2.784060798216294041e-01
-2.783223278125792177e+00
8.122332283651325646e-01
2.176091905554642936e-01
-3.967196072993197653e-01
3.202430202991083941e-01
2.784060791801611368e-01
-4.512764118253664414e+00
-2.432829802453122081e+00
1.967739208691307917e+00
-3.824349661525033306e-01
3.480922304353205599e-01
3.571586900390816277e-01
-4.512764118253664414e+00
-2.432829802453122081e+00
1.967739208691307917e+00
-2.528427455032564164e-01
1.552504975129111731e-01
4.159408740955342076e-01
-4.564161472588991408e+00
-2.488991977753293838e+00
4.260556580791224235e+00
-3.987543236796352031e-01
2.542952780135835367e-01
4.985340871177514899e-01
-4.564161472588991408e+00
-2.488991977753293838e+00
4.260556580791224235e+00
-3.598530554485511179e-01
5.399902814901824666e-03
3.948042306790939815e-01
-2.276189557149762344e+00
1.549214252472806086e+00
-2.293536444749306735e-01
-4.270577542098019097e-01
1.839892233601789495e-01
3.989525717308681774e-01
-2.276189557149762344e+00
1.549214252472806086e+00
-2.293536444749306735e-01
-4.859435684879008788e-01
1.044704212868888815e-01
4.462315850528014161e-01
0.000000000000000000e+00
0.000000000000000000e+00
0.000000000000000000e+00
0.000000000000000000e+00
0.000000000000000000e+00
0.000000000000000000e+00
-6.986234431067598338e-01
-1.253956585370381976e-09
3.761870384607325282e-09
0.000000000000000000e+00
-0.000000000000000000e+00
0.000000000000000000e+00
-6.986234479743862469e-01
2.349996448849600572e-01
-6.082775122731973738e-01
0.000000000000000000e+00
0.000000000000000000e+00
0.000000000000000000e+00
6.543395535671427954e-01
8.607366041595883033e-01
-3.665326642787439249e-01
-5.938126045402711967e-02
8.879235962095925749e-02
1.025047164243621245e-01
7.375173291470594750e-01
9.032783608772217976e-01
-9.421660313375123108e-01
-1.187625209080542532e-01
1.775847194817068986e-01
2.050094329413631733e-01
-4.418299791827777767e-01
-1.005835108583523763e+00
-1.253670782694748631e+00
-2.997127443068827723e-01
2.935107699091334954e-01
1.745047960719874336e-01
-3.803807858033690925e-01
-1.189680070669021150e+00
-3.595882523142464038e-01
-3.949700909409139538e-01
3.549165524411587169e-01
1.588096544669955201e-01
-2.783460116854226563e+00
8.126868144172456621e-01
2.173074232418450991e-01
-3.960695319730321295e-01
3.195727476566516123e-01
2.769059107940091691e-01
-2.783460116854226118e+00
8.126868144172463282e-01
2.173074232418447105e-01
-3.960695321555190995e-01
3.195727472031931748e-01
2.769059101524032895e-01
-4.487623611155870051e+00
-2.386379431117183536e+00
1.942434090336601527e+00
-3.817991065103804593e-01
3.474224675075976987e-01
3.555413285944215573e-01
-4.487623611155870051e+00
-2.386379431117183536e+00
1.942434090336601527e+00
-2.549006316474329292e-01
1.548373638899223637e-01
4.121154293829835114e-01
-2.460628617178812760e+00
1.411328802271748284e+00
-5.157734680620658096e-01
-3.981429121442563446e-01
2.536288553755706721e-01
4.969654008063974504e-01
-2.460628617178812760e+00
1.411328802271748284e+00
-5.157734680620658096e-01
-4.537331292233598434e-01
1.861961951801340831e-01
5.776543582837391222e-01
-2.276577230873948920e+00
1.549777197114391880e+00
-2.296461623077977743e-01
-4.264499413800187932e-01
1.833102133370482500e-01
3.973624816375968538e-01
-2.276577230873948920e+00
1.549777197114391880e+00
-2.296461623077977743e-01
-4.853520431963025406e-01
1.037879756384960661e-01
4.446240299594765855e-01
