-2.221441471072811424e+00
nan
-2.221441467085554233e+00
2.610459999999999864e-02
2.799937000000000120e-01
-1.333499999999999686e-01
1.538461330223738432e+00
-9.561770032100099792e-01
-1.538461336791636214e+00
8.860460000000003333e-02
2.799937001121810543e-01
-1.333500001121810108e-01
-6.556063608768055717e-01
2.891793733993745619e+00
6.749860872669356526e-01
2.073546000000000833e-01
2.799937003253250012e-01
-1.333500007516129071e-01
-2.808617492746663391e-01
-1.269928059691684874e+00
-1.508957923740955609e+00
2.957627468500134138e-01
1.141493808052216341e-01
-2.152319966570644394e-01
-8.125881802479452132e-01
6.806282743292824122e-01
-1.234010621398156538e+00
3.841708937000267166e-01
-5.169493887777815155e-02
-2.971139922325845562e-01
-7.980518312186324348e-01
-2.888588977300339811e-01
2.802288891592900733e+00
4.861052432350471131e-01
-2.683583126518969408e-02
-4.762638265991786524e-01
1.556518334139450843e+00
1.220104640230882387e+00
-1.126524374686727281e+00
5.417878409502967507e-01
-1.346087855397451287e-02
-5.627775333262311497e-01
-8.514024021521607866e-01
-1.450868245020316749e+00
5.371819718095424134e-01
6.435769711242482760e-01
-3.157564190527172021e-02
-5.541235846808520993e-01
-8.514024020672802395e-01
-1.450868242383912543e+00
5.371819769648843446e-01
6.435769711002308213e-01
-3.157564212678727611e-02
-5.541235848620380544e-01
3.121683978284716110e-01
-2.728860352706338865e+00
9.443836507530564139e-01
7.612813285689403742e-01
-3.458117304249104518e-02
-5.704824357371146570e-01
3.121683978284716110e-01
-2.728860352706338865e+00
9.443836507530564139e-01
7.945632707664653793e-01
-5.927529656734960295e-02
-5.567983679387720208e-01
-2.788046988454031538e-01
1.338030951512334310e+00
2.172732540795858647e+00
7.532275103514931569e-01
-5.109068559522469966e-02
-5.094712394551907941e-01
-2.788046988454031538e-01
1.338030951512334310e+00
2.172732540795858647e+00
7.936826076281672249e-01
-4.760614040822690185e-02
-5.254707448783159096e-01
-2.418456549055865712e-01
8.743853402389523133e-01
2.320111351448229886e+00
7.495246616228854464e-01
-8.545667352932408145e-02
-5.376141144612448519e-01
-2.418456549055865712e-01
8.743853402389523133e-01
2.320111351448229886e+00
7.912208731628621594e-01
-7.710866233981243656e-02
-5.474364246275601475e-01
-2.221441471072811424e+00
nan
-2.221441467085554233e+00
2.610459999999999864e-02
2.799937000000000120e-01
1.333500000000000241e-01
1.538471755759519555e+00
-9.561675277802551554e-01
-1.538471762327490389e+00
8.860460000000003333e-02
2.799937001121810543e-01
1.333499998878189818e-01
-6.556082553850476335e-01
2.891784478820667026e+00
6.750067390914464838e-01
2.073546000000000833e-01
2.799937003253250012e-01
1.333499992483870855e-01
-2.808631628678128211e-01
-1.269910038959302989e+00
-1.508945893363889734e+00
2.957632326316680937e-01
1.141508141473720761e-01
5.146562479046414007e-02
-8.125983053010240598e-01
6.806396799690438426e-01
-1.233992342408555487e+00
3.841718652633361319e-01
-5.169207219348220805e-02
-3.041874933752980459e-02
-7.980246506818605701e-01
-2.888706719422898805e-01
2.802297204779974127e+00
4.861028378873447631e-01
-2.683087547551859034e-02
-2.095702151916343237e-01
1.556519791325430058e+00
1.220113296269587533e+00
-1.126523274307278388e+00
5.417837891557545360e-01
-1.345483995385872260e-02
-2.960848141883833939e-01
-8.513986991989708208e-01
-1.450865112928051426e+00
5.371844762040556276e-01
6.435729945658238416e-01
-3.156941260404830946e-02
-2.874313513157681910e-01
-8.513986991140823912e-01
-1.450865110291652771e+00
5.371844813593968926e-01
6.435729945418058318e-01
-3.156941282556376127e-02
-2.874313514969542016e-01
3.120217752835771075e-01
-2.728903089899798573e+00
9.444107002629121839e-01
7.612772820799645901e-01
-3.457470232431675283e-02
-3.037907498759641611e-01
3.120217752835771075e-01
-2.728903089899798573e+00
9.444107002629121839e-01
7.945562269186258186e-01
-5.927141500326205820e-02
-2.901040651828412642e-01
-3.041121988420966704e-01
1.320680348454814856e+00
2.138221236692444460e+00
7.532237784655466672e-01
-5.108427886884139846e-02
-2.427795293815908084e-01
-3.041121988420966704e-01
1.320680348454814856e+00
2.138221236692444460e+00
7.942951463512856192e-01
-4.848789431782574849e-02
-2.573102778780566591e-01
-2.418138004044697309e-01
8.744087552973188737e-01
2.320180109315349348e+00
7.495208660995937855e-01
-8.545025168229669621e-02
-2.709224144788036637e-01
-2.418138004044697309e-01
8.744087552973188737e-01
2.320180109315349348e+00
7.912161182331874931e-01
-7.709987247388308540e-02
-2.807467842398492230e-01
0.000000000000000000e+00
0.000000000000000000e+00
0.000000000000000000e+00
0.000000000000000000e+00
0.000000000000000000e+00
0.000000000000000000e+00
-7.182936619724210603e-01
-1.289262587087967223e-09
3.867788407455819589e-09
0.000000000000000000e+00
-0.000000000000000000e+00
0.000000000000000000e+00
-7.182936688069103681e-01
4.078969603946490663e-01
-8.261571250708169556e-01
-0.000000000000000000e+00
0.000000000000000000e+00
0.000000000000000000e+00
-1.179093610490108635e+00
1.272308845060281524e+00
-3.993727151440309431e-01
-1.704128834649352997e-01
-1.318543396826047376e-01
8.306351034463635430e-02
-8.609448606042469088e-01
1.335949295381454460e+00
-1.847646779088904512e-01
-3.408257669298705439e-01
-2.637086791282217679e-01
1.661270208062801956e-01
-1.502058916097842367e+00
1.181953782841387746e+00
8.113302539260540680e-01
-5.755677769084835971e-01
-4.367806755639330740e-01
8.545577431536999224e-03
-1.631655357449073307e+00
3.526363297783722262e-01
5.997065845929108185e-01
-6.886744836215927812e-01
-5.215523839744002910e-01
-7.735864654870509838e-02
-2.673077068019543923e+00
5.379715221963599081e-01
5.111665809489496226e-01
-6.747592440730806329e-01
-4.463885106987748319e-01
-8.369614115351417527e-02
-2.673077068019544367e+00
5.379715221963594640e-01
5.111665809489491785e-01
-6.747592440573221273e-01
-4.463885111953758145e-01
-8.369614054846544193e-02
-2.724234759844653464e+00
3.264153794388524599e-01
2.538186759757712352e-01
-6.820235130018534875e-01
-4.299504463586214520e-01
-1.389837171370598146e-01
-2.724234759844653464e+00
3.264153794388524599e-01
2.538186759757712352e-01
-6.712889930817288464e-01
-3.842242547038278166e-01
-8.257486525760968088e-02
-2.568528333248933926e+00
1.334620834034359937e+00
9.490232255964097252e-01
-6.407621157823316649e-01
-2.709796594067682141e-01
-9.051979288223402365e-02
-2.568528333248933926e+00
1.334620834034359937e+00
9.490232255964097252e-01
-6.654223033673812848e-01
-2.736820154947094408e-01
-1.534621615918599358e-01
-2.637382239964551456e+00
9.975220461207853218e-01
1.053266344362201234e+00
-6.383354365351141535e-01
-3.481005057379655820e-01
3.335168551235251355e-03
-2.637382239964551456e+00
9.975220461207853218e-01
1.053266344362201234e+00
-6.569260866981215807e-01
-3.300884758235645422e-01
-6.027461814985077271e-02
0.000000000000000000e+00
0.000000000000000000e+00
0.000000000000000000e+00
0.000000000000000000e+00
0.000000000000000000e+00
0.000000000000000000e+00
-7.182226069690739179e-01
-1.289135050730219980e-09
3.867405798318655618e-09
0.000000000000000000e+00
-0.000000000000000000e+00
0.000000000000000000e+00
-7.182226138035208152e-01
4.079074396315941486e-01
-8.261472110049810080e-01
-0.000000000000000000e+00
0.000000000000000000e+00
0.000000000000000000e+00
-1.179095471484557844e+00
1.272443884533047909e+00
-3.992852137041218996e-01
-1.704118834118983350e-01
-1.318497547302521222e-01
8.304957221333530981e-02
-8.610072109803541540e-01
1.336074179139620677e+00
-1.847251492071444456e-01
-3.408237668237967255e-01
-2.636995092235418503e-01
1.660991445436701408e-01
-1.502084311050507548e+00
1.182070523179703958e+00
8.113520904077331508e-01
-5.755909262332848941e-01
-4.367794273084256718e-01
8.506134318377045478e-03
-1.631692789105263497e+00
3.526692074424966350e-01
5.997019774479311893e-01
-6.887099579139210892e-01
-5.215547929307527975e-01
-7.740460997975505408e-02
-2.673069602999360583e+00
5.379943218931357851e-01
5.111708260926437486e-01
-6.747948029820599603e-01
-4.463918121934443151e-01
-8.374511080688801234e-02
-2.673069602999360583e+00
5.379943218931351190e-01
5.111708260926433045e-01
-6.747948029663047853e-01
-4.463918126900445760e-01
-8.374511020184038923e-02
-2.724232872423323126e+00
3.264184494321757946e-01
2.537988627559071286e-01
-6.820598500880749038e-01
-4.299546253248064387e-01
-1.390360005525166642e-01
-2.724232872423323126e+00
3.264184494321757946e-01
2.537988627559071286e-01
-6.713242661009528600e-01
-3.842227506155391215e-01
-8.261926560471474779e-02
-2.591260487963408021e+00
1.161367367066560075e+00
8.537910569270754646e-01
-6.407969460096274439e-01
-2.709841024749276017e-01
-9.057201411705420591e-02
-2.591260487963408021e+00
1.161367367066560075e+00
8.537910569270754646e-01
-6.598892530424752545e-01
-2.735706903177474447e-01
-1.449988691989423095e-01
-2.637150284377588250e+00
1.000413701227456986e+00
1.056655406529710239e+00
-6.383707756810876877e-01
-3.481048139420437892e-01
3.282769015446163063e-03
-2.637150284377588250e+00
1.000413701227456986e+00
1.056655406529710239e+00
-6.570226831331059669e-01
-3.299556398576344307e-01
-6.045093739926293841e-02
