-2.221441471072811424e+00
nan
-2.221441467085554233e+00
2.610459999999999864e-02
2.799937000000000120e-01
-1.333499999999999686e-01
1.518849074029853252e+00
-9.738195098148153539e-01
-1.518849080460478618e+00
8.860460000000003333e-02
2.799937001121810543e-01
-1.333500001121810108e-01
-4.505233436025118388e-01
-2.974177553257698392e+00
-6.503129597368140224e-01
2.073546000000000833e-01
2.799937003253250012e-01
-1.333500007516129071e-01
-1.170745118769574766e+00
-4.204717128592675990e-01
-1.183444498857337157e+00
1.466415995875516021e-01
1.020585214506141980e-01
-2.150690542198384347e-01
-2.426999679401344867e+00
7.381839353281788307e-01
-1.469132509241725337e+00
8.592859917510312084e-02
-7.587665757766318131e-02
-2.967881073536879910e-01
-6.859209671493180505e-01
-1.454617034382099661e+00
-2.512247767508442031e+00
1.215748725219734094e-02
-2.517400528183235675e-01
-3.788438156260891532e-01
8.192694717247860081e-02
7.594090915593583180e-01
-1.643896302989175773e+00
-1.978150559952956272e-02
-3.401955968871390179e-01
-4.226568269253276333e-01
1.668033519563630662e+00
-6.335494425744477021e-02
-2.634167774108803872e+00
7.400398454595372155e-02
-3.424758202140595897e-01
-4.669642181795059521e-01
1.668033518929752379e+00
-6.335495195723472861e-02
-2.634167773007114910e+00
7.400398466875865444e-02
-3.424758202022235576e-01
-4.669642179201737853e-01
1.865840430730631994e-01
3.091458177106395366e-01
2.924351342409247656e-01
1.787585965398300059e-01
-3.761639933971290262e-01
-5.119368680943769956e-01
1.865840430730631994e-01
3.091458177106395366e-01
2.924351342409247656e-01
1.654940624229316315e-01
-4.177187375987448936e-01
-5.133498414168126134e-01
-1.017555066568647471e+00
-2.576530055837418232e+00
5.349417383522089287e-01
1.682268516769256095e-01
-3.186922939454236436e-01
-5.373510408457286003e-01
-1.017555066568647471e+00
-2.576530055837418232e+00
5.349417383522089287e-01
1.643454226872677892e-01
-3.603364549563732311e-01
-5.248835035066086174e-01
1.426091613511937028e+00
-2.409915350457386030e+00
-4.974729882334978925e-01
1.873051009328923489e-01
-3.168856551323646076e-01
-4.971079036602859547e-01
1.426091613511937028e+00
-2.409915350457386030e+00
-4.974729882334978925e-01
2.268383353652504431e-01
-3.113449385367507705e-01
-5.147477721272929463e-01
-2.221441471072811424e+00
nan
-2.221441467085554233e+00
2.610459999999999864e-02
2.799937000000000120e-01
1.333500000000000241e-01
1.519229312233013163e+00
-9.734809014544612005e-01
-1.519229318666293738e+00
8.860460000000003333e-02
2.799937001121810543e-01
1.333499998878189818e-01
-4.514786367009538393e-01
-2.973641562624445012e+00
-6.510424423824540119e-01
2.073546000000000833e-01
2.799937003253250012e-01
1.333499992483870855e-01
-1.170774432643565177e+00
-4.186035354162889743e-01
-1.182512298300231857e+00
1.465081850722723678e-01
1.021405860150946254e-01
5.155156698593524323e-02
-2.429753569497659083e+00
7.359901926464990085e-01
-1.467634553789521012e+00
8.566177014454466609e-02
-7.571252844888398670e-02
-3.024686494222410260e-02
-6.859829906900583030e-01
-1.457319630461515025e+00
-2.510613662052135098e+00
1.197643309488924390e-02
-2.517925462354000388e-01
-1.119141683149869337e-01
8.025088244282470307e-02
7.577629529117744234e-01
-1.643904932875114744e+00
-1.992410409944287558e-02
-3.403537637506760527e-01
-1.555413270458165798e-01
1.668125302234402030e+00
-6.354898726609822801e-02
-2.634220285671990958e+00
7.386260393135268831e-02
-3.426501168067916936e-01
-1.998453072212814097e-01
1.668125301599885812e+00
-6.354899496608143461e-02
-2.634220284570226500e+00
7.386260405415026598e-02
-3.426501167949602689e-01
-1.998453069619455513e-01
1.850011657509671170e-01
3.099345119821911299e-01
2.826652132775959725e-01
1.786138272802910709e-01
-3.763560708538881694e-01
-2.448125270090496519e-01
1.850011657509671170e-01
3.099345119821911299e-01
2.826652132775959725e-01
1.649637617082301000e-01
-4.177906347912830332e-01
-2.460749634654189055e-01
1.440476741908770508e+00
-2.219557993909731852e+00
-5.801748050079585939e-02
1.680914462487348993e-01
-3.188841419531592836e-01
-2.702300593482896418e-01
1.440476741908770508e+00
-2.219557993909731852e+00
-5.801748050079585939e-02
2.065989398570416691e-01
-3.134622070654545234e-01
-2.900420931330807695e-01
1.425536961479159759e+00
-2.410241280514903828e+00
-4.973488248533847189e-01
1.871685491594486106e-01
-3.170782215713187080e-01
-2.299863464839366212e-01
1.425536961479159759e+00
-2.410241280514903828e+00
-4.973488248533847189e-01
2.267039564795249595e-01
-3.115572390847695106e-01
-2.476275325276489636e-01
0.000000000000000000e+00
0.000000000000000000e+00
0.000000000000000000e+00
0.000000000000000000e+00
0.000000000000000000e+00
0.000000000000000000e+00
6.109777325039139617e-01
1.096641629689585660e-09
-3.289925438717032515e-09
0.000000000000000000e+00
-0.000000000000000000e+00
0.000000000000000000e+00
6.109777235298162745e-01
5.035914213509733450e-01
-1.096520644375435172e+00
0.000000000000000000e+00
0.000000000000000000e+00
0.000000000000000000e+00
9.016368887367159912e-01
1.355443417561905450e+00
-7.052964979154812131e-01
-2.362626112842761139e-01
1.165015795912519164e-01
-7.813988435255422860e-02
-1.426385861689059675e+00
1.560581399356784749e+00
5.776354217425287985e-01
-4.725252225685522278e-01
2.330031589782075585e-01
-1.562797687989342932e-01
-1.765789524561640178e+00
6.205976059504852982e-01
1.120510313557393500e-01
-4.989949081305961598e-01
7.334724947956949848e-02
2.096951168377328700e-01
-1.795979740619999765e+00
6.642637691796425825e-01
4.590015377846477784e-02
-5.162736231103413065e-01
-7.596104001626163837e-03
3.857102524440991220e-01
-2.709082812205262147e+00
6.864642077181586366e-01
4.772804752349377733e-01
-5.456007552260038196e-01
-8.286651263398783773e-02
3.275071841649386806e-01
-2.709082812205261703e+00
6.864642077181586366e-01
4.772804752349383284e-01
-5.456007550536307038e-01
-8.286651187282305375e-02
3.275071840485727082e-01
-5.192403608897187439e+00
1.722382768860140967e+00
-6.675888824249764930e+00
-5.603941624121895337e-01
-1.547038145422006128e-01
3.468609433825867727e-01
-5.192403608897187439e+00
1.722382768860140967e+00
-6.675888824249764930e+00
-8.402426957257366213e-01
-7.348798725100944007e-02
5.854765521417595320e-01
-4.100313473056434788e+00
-5.408434337175604956e-02
-2.429427171240840178e+00
-6.052702024016279880e-01
-2.285795093225225227e-01
1.983950161029489345e-01
-4.100313473056434788e+00
-5.408434337175604956e-02
-2.429427171240840178e+00
-7.071159572556064976e-01
-1.680290489443779511e-01
3.689392060320272337e-01
-2.289149671502787253e+00
5.435299556477236615e-01
1.373509216642410546e+00
-5.785070025488046053e-01
-1.104518421926831279e-01
1.804041466864808874e-01
-2.289149671502787253e+00
5.435299556477236615e-01
1.373509216642410546e+00
-5.957050247851878311e-01
-9.653287944275562582e-02
1.462331199541107574e-01
0.000000000000000000e+00
0.000000000000000000e+00
0.000000000000000000e+00
0.000000000000000000e+00
0.000000000000000000e+00
0.000000000000000000e+00
6.076907924862973154e-01
1.090741913438326275e-09
-3.272226287006254482e-09
0.000000000000000000e+00
-0.000000000000000000e+00
0.000000000000000000e+00
6.076907834879724524e-01
5.055711943085423599e-01
-1.099255920345397763e+00
0.000000000000000000e+00
0.000000000000000000e+00
0.000000000000000000e+00
9.001889675643146571e-01
1.360538788945400146e+00
-7.060381304772903599e-01
-2.368610199488816181e-01
1.165939352307545085e-01
-7.731750371655535248e-02
-1.423812681301857896e+00
1.564226122248735917e+00
5.798146487910326163e-01
-4.737220398977631808e-01
2.331878702583625729e-01
-1.546350075265421065e-01
-1.764372879074956879e+00
6.187741516973594980e-01
1.140646924457984213e-01
-4.993743954950437547e-01
7.418509024600195012e-02
2.113304837615297416e-01
-1.795740238948110079e+00
6.639368132212772888e-01
4.532254273664478028e-02
-5.162680455911732302e-01
-6.428210373699366764e-03
3.873247219244535522e-01
-2.709281246144351840e+00
6.863047245554517728e-01
4.768709290764566733e-01
-5.455790124423657295e-01
-8.173599823748588233e-02
3.291799274576712175e-01
-2.709281246144351840e+00
6.863047245554518838e-01
4.768709290764568953e-01
-5.455790122700243661e-01
-8.173599747631345169e-02
3.291799273413400506e-01
-5.193534308545173062e+00
1.722774576086598453e+00
-6.680288615468512603e+00
-5.603668382109872059e-01
-1.536120302994336551e-01
3.486075771535331880e-01
-5.193534308545173062e+00
1.722774576086598453e+00
-6.680288615468512603e+00
-8.393365773998261448e-01
-6.898215970650792284e-02
5.873153924514638025e-01
-2.288521688062013837e+00
9.102565363453225533e-01
1.355965338271732712e+00
-6.052177028726550834e-01
-2.274930916080186716e-01
2.001215178185766774e-01
-2.288521688062013837e+00
9.102565363453225533e-01
1.355965338271732712e+00
-6.306036918976495320e-01
-2.206185340125462746e-01
1.526616044815672091e-01
-2.289400635257979655e+00
5.433552040957901896e-01
1.373121846622453290e+00
-5.784594435305232540e-01
-1.093642392802897517e-01
1.821360657375726833e-01
-2.289400635257979655e+00
5.433552040957901896e-01
1.373121846622453290e+00
-5.956258554408970785e-01
-9.546505030915491963e-02
1.480145556122084149e-01
