-2.221441471072811424e+00
nan
-2.221441467085554233e+00
2.610459999999999864e-02
2.799937000000000120e-01
-1.333499999999999686e-01
1.311269182402734490e+00
-1.139934572235717702e+00
-1.311269187417447357e+00
8.860460000000003333e-02
2.799937001121810543e-01
-1.333500001121810108e-01
-1.756103285437096817e+00
-2.501594800628314186e+00
-1.748568423435413188e-01
2.073546000000000833e-01
2.799937003253250012e-01
-1.333500007516129071e-01
-1.169625420659345272e+00
1.056054504009565465e+00
-7.816653007287859278e-01
1.455025707091225917e-02
2.110183968767697649e-01
-1.430398336636115042e-01
-2.624390819171867228e+00
1.310910004431677489e+00
2.099952438906331764e-01
-1.782540858581756760e-01
1.420430933770260029e-01
-1.527296662112342940e-01
6.655139932951846804e-01
1.561872908964016204e+00
1.637594567308088056e+00
-3.440216193740767148e-01
1.769464737464057635e-02
-1.654512545101280707e-01
1.678823233659971492e-01
-1.391220866678317958e-01
-2.215261356790733771e+00
-4.271986038618812986e-01
-4.316608648321633435e-02
-1.773517933970292226e-01
-4.812117772027441620e-01
-1.697341450709774158e+00
-5.581684376764798339e-01
-3.461132028338958500e-01
-1.057280778291007917e-01
-1.607621135035451343e-01
-4.812117775885609849e-01
-1.697341450287345843e+00
-5.581684319437767439e-01
-3.461132027794148192e-01
-1.057280778332509441e-01
-1.607621137854829407e-01
3.962608715626311784e-02
2.916099511187221882e+00
2.874522606315303985e-01
-2.373740591439786329e-01
-1.499178237008982895e-01
-1.419465354859794082e-01
3.962608715626311784e-02
2.916099511187221882e+00
2.874522606315303985e-01
-2.135493269517064752e-01
-1.864299143708370299e-01
-1.439441579444752928e-01
-1.885990847650494961e-01
3.650247631335051118e-02
1.275831698341248099e+00
-2.768870145120930770e-01
-1.963140510794061100e-01
-1.233478659776729713e-01
-1.885990847650494961e-01
3.650247631335051118e-02
1.275831698341248099e+00
-2.497158128861241277e-01
-2.296171920028758362e-01
-1.157737170853906233e-01
7.666767004205345126e-02
-3.227596001930218561e-01
3.715876595787063197e-01
-2.683976926486887349e-01
-1.969463147461616437e-01
-1.671004120287912786e-01
7.666767004205345126e-02
-3.227596001930218561e-01
3.715876595787063197e-01
-2.767915905200167281e-01
-2.389245745034090374e-01
-1.755921321660063317e-01
-2.221441471072811424e+00
nan
-2.221441467085554233e+00
2.610459999999999864e-02
2.799937000000000120e-01
1.333500000000000241e-01
1.310273599689316226e+00
-1.140647235572279206e+00
-1.310273604697389072e+00
8.860460000000003333e-02
2.799937001121810543e-01
1.333499998878189818e-01
-1.755519135320509960e+00
-2.503141391916786862e+00
-1.732405003040779212e-01
2.073546000000000833e-01
2.799937003253250012e-01
1.333499992483870855e-01
-1.167006152985917034e+00
1.058447324291666103e+00
-7.765836062143349761e-01
1.461260640195691241e-02
2.108344711625714241e-01
1.237310114915774889e-01
-2.620724958001439564e+00
1.309829467448845985e+00
2.162901509318726212e-01
-1.781293871960862307e-01
1.416752419491290604e-01
1.141120240992135465e-01
6.662103579795244368e-01
1.560442510325345200e+00
1.637870374676565932e+00
-3.439595408832580858e-01
1.743049082787173631e-02
1.011949057322630297e-01
1.686737085223057320e-01
-1.384558263783066401e-01
-2.214808723754996489e+00
-4.271814555051769435e-01
-4.335101384060129071e-02
8.920390423537218061e-02
-4.810208283054300260e-01
-1.697160963187922089e+00
-5.577641295755967343e-01
-3.460697691834893064e-01
-1.058835643327921683e-01
1.057760788360019022e-01
-4.810208286906587638e-01
-1.697160962765503989e+00
-5.577641238430389725e-01
-3.460697691290843814e-01
-1.058835643369450824e-01
1.057760785540494131e-01
8.685109911955611606e-02
2.918108752790356863e+00
2.927112437241727316e-01
-2.373101114867980643e-01
-1.500340952396264638e-01
1.245651305712230095e-01
8.685109911955611606e-02
2.918108752790356863e+00
2.927112437241727316e-01
-2.146413851711569953e-01
-1.872511839063311923e-01
1.221654883038839068e-01
-1.733924557043395320e-01
-4.881875245607743274e-02
3.448639602769469903e-01
-2.768018316254779454e-01
-1.964426115534085859e-01
1.431782366634796744e-01
-1.733924557043395320e-01
-4.881875245607743274e-02
3.448639602769469903e-01
-2.879558932853905073e-01
-2.382149817558164018e-01
1.491277846101611015e-01
7.665160946405431830e-02
-3.224781561688279119e-01
3.722310845101832188e-01
-2.683243288624045930e-01
-1.970752928103882140e-01
9.942340504079884289e-02
7.665160946405431830e-02
-3.224781561688279119e-01
3.722310845101832188e-01
-2.766935979428030157e-01
-2.390602808040583338e-01
9.094064353046134308e-02
0.000000000000000000e+00
0.000000000000000000e+00
0.000000000000000000e+00
0.000000000000000000e+00
0.000000000000000000e+00
0.000000000000000000e+00
-7.443245062312318083e-01
-1.335985251354614950e-09
4.007956423673651436e-09
0.000000000000000000e+00
-0.000000000000000000e+00
0.000000000000000000e+00
-7.443245071503945542e-01
1.733388830283362492e-02
-1.233881009698120090e-01
0.000000000000000000e+00
0.000000000000000000e+00
0.000000000000000000e+00
5.188794013954387552e-01
4.692421371022768017e-01
-5.990283833849457951e-02
-8.678694187703483651e-03
1.657738162615950139e-02
5.468205768952879436e-02
4.711000613261945857e-01
7.769694556518584871e-01
-1.299709655956663212e+00
-1.735738837540697077e-02
3.315476352353285971e-02
1.093641154171584168e-01
-1.023701087818100097e+00
-3.167789588729351680e-01
-1.513578183568221602e+00
-1.888585498835315957e-01
2.545975685060444804e-01
1.795798651602183438e-01
-1.352746905124856847e+00
-2.389491803157654803e-01
3.882064312052781463e-01
-2.772061885681160742e-01
3.683098429976353061e-01
2.155343460676772127e-01
-2.760074522350171033e+00
8.468839920844334346e-01
1.002740211018811056e-01
-2.568833115908840115e-01
4.222293552864810895e-01
3.195401763504826520e-01
-2.760074522350170589e+00
8.468839920844333236e-01
1.002740211018804395e-01
-2.568833118292364048e-01
4.222293545137747461e-01
3.195401763157981190e-01
-2.995988837297541174e+00
6.343302222772455590e-01
1.171641201817482880e+00
-2.365176162559564088e-01
4.850654639850195404e-01
3.494177279763994726e-01
-2.995988837297541174e+00
6.343302222772455590e-01
1.171641201817482880e+00
-1.950056987606842152e-01
5.069946472569645257e-01
4.436947963827115315e-01
-3.191958133928385344e+00
1.744275528798021835e+00
5.595380348131485881e+00
-2.161143644921028339e-01
5.324370549241267403e-01
5.109376624781866161e-01
-3.191958133928385344e+00
1.744275528798021835e+00
5.595380348131485881e+00
-1.655922167358619274e-02
7.086466287014967502e-01
5.698458319500041558e-01
-2.464450241889704074e+00
9.791571812936507024e-01
-8.458285569617534083e-01
-2.531042957354696643e-01
4.125280257201544565e-01
5.054932865264369912e-01
-2.464450241889704074e+00
9.791571812936507024e-01
-8.458285569617534083e-01
-2.969254353635978894e-01
3.987004024977248706e-01
6.171655643190502305e-01
0.000000000000000000e+00
0.000000000000000000e+00
0.000000000000000000e+00
0.000000000000000000e+00
0.000000000000000000e+00
0.000000000000000000e+00
-7.359025939739680666e-01
-1.320868792780817021e-09
3.962607040375729708e-09
0.000000000000000000e+00
-0.000000000000000000e+00
0.000000000000000000e+00
-7.359025948988718868e-01
1.727520522061649910e-02
-1.242063907199206507e-01
0.000000000000000000e+00
0.000000000000000000e+00
0.000000000000000000e+00
5.245457531766395398e-01
4.695463195168221304e-01
-6.130241975576746633e-02
-8.756188226791005932e-03
1.686114931443830761e-02
5.422411369611300491e-02
4.739480578229587904e-01
7.819989185468356752e-01
-1.293935262362817973e+00
-1.751237645358200840e-02
3.372229889707312189e-02
1.084482274295280185e-01
-1.025201171855844473e+00
-3.129115544508705993e-01
-1.509939673446226704e+00
-1.883782136865659873e-01
2.544178254786357285e-01
1.792416697867350861e-01
-1.354404174181694565e+00
-2.367409866118694584e-01
3.887460029059690569e-01
-2.764024960794355668e-01
3.677847072800878858e-01
2.155138409312928327e-01
-2.760506029686205842e+00
8.472845008117151355e-01
1.014610655641304815e-01
-2.560165299893379931e-01
4.217619735809673420e-01
3.194106489856925468e-01
-2.760506029686204954e+00
8.472845008117149135e-01
1.014610655641300374e-01
-2.560165302278105126e-01
4.217619728081558050e-01
3.194106489510600833e-01
-2.982435752643092908e+00
6.470181060872954859e-01
1.110973213010363780e+00
-2.356172977581061645e-01
4.846641349484274719e-01
3.491380834878615724e-01
-2.982435752643092908e+00
6.470181060872954859e-01
1.110973213010363780e+00
-1.958227211782664345e-01
5.026917037665021848e-01
4.454685829685724463e-01
-2.683386544357989845e+00
6.865459827610969068e-01
-8.825184635916362152e-01
-2.151380439377263976e-01
5.320388545410602577e-01
5.107097949847448914e-01
-2.683386544357989845e+00
6.865459827610969068e-01
-8.825184635916362152e-01
-2.479182936672977566e-01
5.578474568051102755e-01
6.304589873359093266e-01
-2.465188025052889920e+00
9.795875659290752546e-01
-8.447329817115591943e-01
-2.521466420927545027e-01
4.121135144824095708e-01
5.052734587127661881e-01
-2.465188025052889920e+00
9.795875659290752546e-01
-8.447329817115591943e-01
-2.959223538880398907e-01
3.982717100127772247e-01
6.169727802738241840e-01
