-2.221441471072811424e+00
nan
-2.221441467085554233e+00
2.610459999999999864e-02
2.799937000000000120e-01
-1.333499999999999686e-01
1.457374470040503800e+00
-1.026828304415825732e+00
-1.457374476044962064e+00
8.860460000000003333e-02
2.799937001121810543e-01
-1.333500001121810108e-01
-3.976978113244872270e-01
3.026333557122528273e+00
5.245048106254238673e-01
2.073546000000000833e-01
2.799937003253250012e-01
-1.333500007516129071e-01
-6.490212405747847191e-01
-1.200435251574623718e+00
-1.369609676067896631e+00
2.603190365403854067e-01
9.350422564079061138e-02
-1.999941624902524806e-01
-1.135004495750491227e+00
8.241839416902404514e-01
-1.301022140459297649e+00
3.132834730807707579e-01
-9.298524916756722991e-02
-2.666383238823985535e-01
-4.743793627243706457e-01
1.342220643522958612e-01
3.083126025716010243e+00
3.645375956587119104e-01
-1.131005338695736107e-01
-4.668173443618750529e-01
1.182143779766121616e+00
1.115710666955001873e+00
-1.251954714775183941e+00
3.955792418006117139e-01
-1.222120789271752411e-01
-5.653945143936038864e-01
-1.155331256247527527e+00
-1.261196893793441243e+00
1.088697646275843756e+00
4.992484534678026109e-01
-1.253370672096626171e-01
-5.627503698178477620e-01
-1.155331256219817249e+00
-1.261196889738591453e+00
1.088697650782859849e+00
4.992484534600686308e-01
-1.253370674947556773e-01
-5.627503698515593511e-01
4.214724022665784497e-01
-2.227357942518714218e+00
1.589901898096017563e+00
6.146269885527850807e-01
-1.279131504482931836e-01
-5.912480613657034034e-01
4.214724022665784497e-01
-2.227357942518714218e+00
1.589901898096017563e+00
6.524995933973175566e-01
-1.387202742444626491e-01
-5.724434608074844277e-01
-2.732904425603300824e-01
2.131125698841784377e+00
1.983800381007982283e+00
6.136835161499804014e-01
-1.098433681741586704e-01
-5.301547974755614900e-01
-2.732904425603300824e-01
2.131125698841784377e+00
1.983800381007982283e+00
6.474026939750989751e-01
-1.127669169567689367e-01
-5.577085818603556566e-01
-4.087434516133834350e-01
1.588964144537725165e+00
2.147095331011433572e+00
6.125039968397206769e-01
-1.540890268042863775e-01
-5.354163614619568135e-01
-4.087434516133834350e-01
1.588964144537725165e+00
2.147095331011433572e+00
6.519873030391447610e-01
-1.493555832601844713e-01
-5.533998029676119312e-01
-2.221441471072811424e+00
nan
-2.221441467085554233e+00
2.610459999999999864e-02
2.799937000000000120e-01
1.333500000000000241e-01
1.457440345455438990e+00
-1.026773305546735626e+00
-1.457440351460350669e+00
8.860460000000003333e-02
2.799937001121810543e-01
1.333499998878189818e-01
-3.976963428428750835e-01
3.026297123202926542e+00
5.246434501554334551e-01
2.073546000000000833e-01
2.799937003253250012e-01
1.333499992483870855e-01
-6.490362454548886939e-01
-1.200291611987395202e+00
-1.369524902986613446e+00
2.603194636042068799e-01
9.351053203615219966e-02
6.668853235618724118e-02
-1.135143160069337798e+00
8.242312772075841565e-01
-1.300973008911330719e+00
3.132843272084136488e-01
-9.297263637687627758e-02
2.706581046939271484e-05
-4.741919330861383286e-01
1.342901784221307016e-01
3.083152108744405151e+00
3.645139504663977847e-01
-1.130971589050198678e-01
-2.001572974496496626e-01
1.182097933674704615e+00
1.115698449614162202e+00
-1.251998458119210067e+00
3.955435142148104322e-01
-1.222131232402823425e-01
-2.987378628153515847e-01
-1.155310618247009424e+00
-1.261173620138780871e+00
1.088706623368973503e+00
4.992127945980713299e-01
-1.253384034177226769e-01
-2.960967591389825904e-01
-1.155310618219238306e+00
-1.261173616083964388e+00
1.088706627875988042e+00
4.992127945903356290e-01
-1.253384037028155984e-01
-2.960967591726948456e-01
4.212330442151327459e-01
-2.227474242333415511e+00
1.590005047879102795e+00
6.145904893200406782e-01
-1.279147144706224148e-01
-3.245978322550663320e-01
4.212330442151327459e-01
-2.227474242333415511e+00
1.590005047879102795e+00
6.524584571385181331e-01
-1.387241653644794570e-01
-3.057852325069707056e-01
-5.009664288918510566e-01
1.993559013280457259e+00
1.848442934193731846e+00
6.136488527202512699e-01
-1.098451181959695655e-01
-2.635044850285066520e-01
-5.009664288918510566e-01
1.993559013280457259e+00
1.848442934193731846e+00
6.529287489606084849e-01
-1.123619129679327977e-01
-2.823591030313352679e-01
-4.084786500143784971e-01
1.589149298834503510e+00
2.147353263676429869e+00
6.124690584639255198e-01
-1.540907573561894062e-01
-2.687661510970026923e-01
-4.084786500143784971e-01
1.589149298834503510e+00
2.147353263676429869e+00
6.519457898737701651e-01
-1.493534073905443682e-01
-2.867629929618408791e-01
0.000000000000000000e+00
0.000000000000000000e+00
0.000000000000000000e+00
0.000000000000000000e+00
0.000000000000000000e+00
0.000000000000000000e+00
-3.784098044244914583e-01
-6.792063319786098867e-10
2.037619336361159898e-09
0.000000000000000000e+00
-0.000000000000000000e+00
0.000000000000000000e+00
-3.784098106833887476e-01
2.819765548716771653e-01
-7.890512618339917683e-01
-0.000000000000000000e+00
0.000000000000000000e+00
0.000000000000000000e+00
-6.509564900017673628e-01
1.241622128521662649e+00
-4.461108650351371940e-01
-1.659418464479625044e-01
-6.701046011118910739e-02
5.563471746344186841e-02
-1.095755245624026708e+00
1.162744575226162702e+00
-5.788859193768679523e-01
-3.318836928959248977e-01
-1.340209200912617082e-01
1.112694349737397836e-01
-1.434723322937101253e+00
1.262240681051484792e+00
4.975555051491492020e-01
-5.762852181107713800e-01
-3.830384217159135685e-01
7.371541071770618125e-02
-1.458779646976837485e+00
5.161318452506660215e-01
5.589435173480379326e-01
-6.961798329439242705e-01
-5.090244447427770824e-01
4.760592835272876855e-02
-2.672390735512102822e+00
5.527147476912221968e-01
5.279896483648596206e-01
-6.930684137826449431e-01
-4.472219866420420464e-01
-1.342383857206606856e-03
-2.672390735512102378e+00
5.527147476912215307e-01
5.279896483648595096e-01
-6.930684136507517801e-01
-4.472219867362162704e-01
-1.342383091051974064e-03
-2.591434263499453827e+00
1.170647071387473703e+00
7.200723588970328048e-01
-7.074593628929769507e-01
-4.624602813496406228e-01
-5.822950078486094361e-02
-2.591434263499453827e+00
1.170647071387473703e+00
7.200723588970328048e-01
-6.776639011960868819e-01
-3.864583792436734333e-01
-7.455900383665403641e-02
-2.644668619229648243e+00
1.422953331630619767e+00
4.695795961715198974e-01
-6.832328729452539218e-01
-2.996933525896278705e-01
-1.059975484159092068e-01
-2.644668619229648243e+00
1.422953331630619767e+00
4.695795961715198974e-01
-7.210677833779027823e-01
-3.567301435867581971e-01
-1.462465471198505784e-01
-2.692357716270993073e+00
-3.471856051004690857e-01
2.472875408816666010e-01
-6.627797672146630292e-01
-3.143770814270386849e-01
1.289607751184224105e-02
-2.692357716270993073e+00
-3.471856051004690857e-01
2.472875408816666010e-01
-6.577066968076563658e-01
-3.530312092339636942e-01
1.385998981556052501e-02
0.000000000000000000e+00
0.000000000000000000e+00
0.000000000000000000e+00
0.000000000000000000e+00
0.000000000000000000e+00
0.000000000000000000e+00
-3.776179591393969415e-01
-6.777850518603488093e-10
2.033355495294015960e-09
0.000000000000000000e+00
-0.000000000000000000e+00
0.000000000000000000e+00
-3.776179653986458384e-01
2.820662133907915203e-01
-7.890705667769946086e-01
-0.000000000000000000e+00
0.000000000000000000e+00
0.000000000000000000e+00
-6.504798681106898073e-01
1.242781462979538842e+00
-4.456471467685058085e-01
-1.659513268416656362e-01
-6.696558244175929153e-02
5.547979607085241904e-02
-1.096749436568081215e+00
1.163628817413661309e+00
-5.787970956731749439e-01
-3.319026536833312169e-01
-1.339311647526807703e-01
1.109595921884749398e-01
-1.435494337193065295e+00
1.263146376148509553e+00
4.973915381443982375e-01
-5.764909627595089514e-01
-3.831348095221082106e-01
7.341888500418275454e-02
-1.459573139588475454e+00
5.163760186617492032e-01
5.588679288375442145e-01
-6.964784431374805296e-01
-5.092128104210914552e-01
4.730991918322956236e-02
-2.672377302326181869e+00
5.529379878400690895e-01
5.279702362926994574e-01
-6.933680216764011028e-01
-4.474204904243232472e-01
-1.660836077927094201e-03
-2.672377302326180981e+00
5.529379878400686454e-01
5.279702362926993464e-01
-6.933680215445213735e-01
-4.474204905184995251e-01
-1.660835311773904699e-03
-2.591505298811901614e+00
1.170169043209482229e+00
7.198347528941375639e-01
-7.077671321411280747e-01
-4.626701225664194839e-01
-5.857267125761728144e-02
-2.591505298811901614e+00
1.170169043209482229e+00
7.198347528941375639e-01
-6.779721918805152736e-01
-3.866584913775853449e-01
-7.487184565937493597e-02
-2.702859240864882828e+00
-4.039123868774786574e-01
5.921915659135585930e-01
-6.835265086701017845e-01
-2.999028042131218208e-01
-1.063407835574330940e-01
-2.702859240864882828e+00
-4.039123868774786574e-01
5.921915659135585930e-01
-6.744204702718242794e-01
-3.276029594515452725e-01
-8.367260490392947059e-02
-2.692706941666567211e+00
-3.628168481790858269e-01
2.423201821630363018e-01
-6.630755031563596580e-01
-3.145868574392795547e-01
1.255261132341084496e-02
-2.692706941666567211e+00
-3.628168481790858269e-01
2.423201821630363018e-01
-6.576939012204268131e-01
-3.534810697103700217e-01
1.411913945234674617e-02
