-2.221441471072811424e+00
nan
-2.221441467085554233e+00
2.610459999999999864e-02
2.799937000000000120e-01
-1.333499999999999686e-01
1.546604721592289566e+00
-9.487440010461016815e-01
-1.546604728217378266e+00
8.860460000000003333e-02
2.799937001121810543e-01
-1.333500001121810108e-01
-5.728420122185924335e-01
-2.914961528656549117e+00
-6.983957679241368233e-01
2.073546000000000833e-01
2.799937003253250012e-01
-1.333500007516129071e-01
-1.184317019309590657e+00
-2.803688354673699035e-01
-1.170496415355340325e+00
1.297782188228401856e-01
1.108413361617215931e-01
-2.193405978033819426e-01
-2.591360724150931105e+00
6.509044158226899857e-01
-1.388820299527607327e+00
5.220183764568027407e-02
-5.831102816862629434e-02
-3.053311945271475203e-01
-7.357404415887549565e-01
-1.594201992010380042e+00
-2.408303394109321260e+00
-2.149820571173766126e-02
-2.435747613818674551e-01
-3.632008995981755861e-01
-4.072826531260018146e-02
6.929078258217631348e-01
-1.692454327578941209e+00
-5.371369106166135748e-02
-3.367906370331917310e-01
-3.954037803734372081e-01
1.530977168672402300e+00
-2.710234000003025057e-01
-2.551218106334141034e+00
3.799022851626192993e-02
-3.446171402232783287e-01
-4.432911428176286028e-01
1.530977168043701431e+00
-2.710234072290242380e-01
-2.551218104507894768e+00
3.799022865011822403e-02
-3.446171401591340833e-01
-4.432911425717783738e-01
-9.650583405183441044e-02
3.736655179424135942e-01
-2.194829269890724022e-01
1.418288792676700716e-01
-3.830760263118567766e-01
-4.865278133383618142e-01
-9.650583405183441044e-02
3.736655179424135942e-01
-2.194829269890724022e-01
1.124870568125235781e-01
-4.124482028033426007e-01
-4.730714457834207520e-01
-1.325929827783389081e+00
-2.452711168712952361e+00
8.752471683657628843e-01
1.279430735042831335e-01
-3.317639823652037689e-01
-5.216568982777427532e-01
-1.325929827783389081e+00
-2.452711168712952361e+00
8.752471683657628843e-01
1.171655788514780888e-01
-3.668717700788473590e-01
-4.980766104196079902e-01
1.439080711780834410e+00
-2.276471515488400765e+00
-3.056932763469998315e-01
1.487373931424694207e-01
-3.218389836768423828e-01
-4.835013704892169861e-01
1.439080711780834410e+00
-2.276471515488400765e+00
-3.056932763469998315e-01
1.868330046672358469e-01
-3.155268730697688428e-01
-5.038390883269724396e-01
-2.221441471072811424e+00
nan
-2.221441467085554233e+00
2.610459999999999864e-02
2.799937000000000120e-01
1.333500000000000241e-01
1.546773583944000663e+00
-9.485891945426730976e-01
-1.546773590570276413e+00
8.860460000000003333e-02
2.799937001121810543e-01
1.333499998878189818e-01
-5.740895719821967891e-01
-2.914395997826267237e+00
-6.986343600819732158e-01
2.073546000000000833e-01
2.799937003253250012e-01
1.333499992483870855e-01
-1.184573709708247380e+00
-2.783209047740560216e-01
-1.169346838294463176e+00
1.296079157926079972e-01
1.109243538961749709e-01
4.734994580203095993e-02
-2.593978441421000092e+00
6.487380307386514389e-01
-1.386582719802611940e+00
5.186123158521589727e-02
-5.814499269979911400e-02
-3.865010731636216168e-02
-7.354988647385579670e-01
-1.596512533053465521e+00
-2.406666502044885192e+00
-2.170798250405586716e-02
-2.435716678967158322e-01
-9.616331331032551555e-02
-4.225897884405221960e-02
6.913818435284700969e-01
-1.692382524456395476e+00
-5.386423941850454478e-02
-3.368661886286142826e-01
-1.281972022821215307e-01
1.531108250066059329e+00
-2.712438497270080462e-01
-2.551243869080157989e+00
3.784258738208118311e-02
-3.447101521552140002e-01
-1.760761397636567693e-01
1.531108249436690105e+00
-2.712438569559414980e-01
-2.551243867253876640e+00
3.784258751592631254e-02
-3.447101520910750838e-01
-1.760761395177990463e-01
-9.828204107884580543e-02
3.731937752359284488e-01
-2.288318877413027808e-01
1.416789331558999110e-01
-3.831881063175196500e-01
-2.193013792261406525e-01
-9.828204107884580543e-02
3.731937752359284488e-01
-2.288318877413027808e-01
1.120730280047112226e-01
-4.122542646692708423e-01
-2.057592249123046668e-01
1.430434805340047744e+00
-2.048647651880150189e+00
9.458277931664429983e-02
1.278042203914963038e-01
-3.318761280498829791e-01
-2.544349428986017458e-01
1.430434805340047744e+00
-2.048647651880150189e+00
9.458277931664429983e-02
1.642702332479510641e-01
-3.263675501333438422e-01
-2.777721792452709226e-01
1.438559346027751262e+00
-2.276851106475218156e+00
-3.055167472650276994e-01
1.485968013980550895e-01
-3.219519559194184977e-01
-2.162782526384310622e-01
1.438559346027751262e+00
-2.276851106475218156e+00
-3.055167472650276994e-01
1.866971025719282584e-01
-3.156602098348198493e-01
-2.366134955992884314e-01
0.000000000000000000e+00
0.000000000000000000e+00
0.000000000000000000e+00
0.000000000000000000e+00
0.000000000000000000e+00
0.000000000000000000e+00
4.914416332686271094e-01
8.820867356267627474e-10
-2.646260648991402674e-09
0.000000000000000000e+00
-0.000000000000000000e+00
0.000000000000000000e+00
4.914416236815369876e-01
5.864409445015587030e-01
-1.153589752140802505e+00
0.000000000000000000e+00
0.000000000000000000e+00
0.000000000000000000e+00
8.623790713420300680e-01
1.395256016026324319e+00
-7.424190841165568822e-01
-2.455608408028142897e-01
1.317506769706064951e-01
-3.763454624558523753e-02
-1.059358750919984660e+00
1.598799648793252981e+00
5.908845862820628625e-01
-4.911216816056286349e-01
2.635013537800183769e-01
-7.526909257311570345e-02
-1.459464766436249672e+00
4.410883126267994281e-01
1.909351155482381657e-01
-4.741742613961811292e-01
1.586483556716482002e-01
2.388232678703238188e-01
-1.618586062370920731e+00
6.109397263732458949e-01
-1.415406848387710803e-01
-4.705803917506475309e-01
1.054983183846763123e-01
3.890784281293854230e-01
-2.725472126125870975e+00
7.054073066934973824e-01
4.364700932431118119e-01
-5.009444524804561594e-01
1.500866538934464769e-02
3.457207295756707377e-01
-2.725472126125870531e+00
7.054073066934976044e-01
4.364700932431124780e-01
-5.009444523350284895e-01
1.500866611782687710e-02
3.457207293064243347e-01
-5.277594136406568381e+00
3.415286803048105391e-01
-5.922736267308073010e+00
-5.146577621857725271e-01
-5.750920936569574315e-02
3.772908086547038797e-01
-5.277594136406568381e+00
3.415286803048105391e-01
-5.922736267308073010e+00
-6.840256816889338509e-01
1.872919131436033280e-01
5.423263089805125947e-01
-4.264073890547213530e+00
-6.522079561826243932e-01
-2.288057322249884784e+00
-5.618342479853584148e-01
-1.593132901205877028e-01
2.472364119883753708e-01
-4.264073890547213530e+00
-6.522079561826243932e-01
-2.288057322249884784e+00
-6.575421300817072545e-01
-3.410567477726839103e-02
3.899094451727221355e-01
-2.260226166002692771e+00
7.464931847645852603e-01
1.320697522817761538e+00
-5.392510249955323465e-01
-4.624536404393340266e-02
2.055176397009139400e-01
-2.260226166002692771e+00
7.464931847645852603e-01
1.320697522817761538e+00
-5.627693815975957081e-01
-4.190042628662123125e-02
1.628127277714258858e-01
0.000000000000000000e+00
0.000000000000000000e+00
0.000000000000000000e+00
0.000000000000000000e+00
0.000000000000000000e+00
0.000000000000000000e+00
4.861869254892413061e-01
8.726550804351534228e-10
-2.617965678689330661e-09
0.000000000000000000e+00
-0.000000000000000000e+00
0.000000000000000000e+00
4.861869158822931802e-01
5.879524797901879429e-01
-1.155868360968262953e+00
0.000000000000000000e+00
0.000000000000000000e+00
0.000000000000000000e+00
8.595487113654448619e-01
1.399871797633383430e+00
-7.428715293827848898e-01
-2.459858530329108173e-01
1.316770331963117713e-01
-3.648794833542258476e-02
-1.053677970407018494e+00
1.601593985028747502e+00
5.901740584965695646e-01
-4.919717060658216345e-01
2.633540662331721460e-01
-7.297589675195281789e-02
-1.454152429201248875e+00
4.397027612468436542e-01
1.912235717161832604e-01
-4.746504973909833058e-01
1.593350264103835512e-01
2.402321167975256244e-01
-1.614501404977376708e+00
6.100085313457461744e-01
-1.438082573498695171e-01
-4.708957753494537046e-01
1.066038346450791929e-01
3.900357657076278795e-01
-2.725600300577018409e+00
7.050441965724327797e-01
4.362819736844396612e-01
-5.012303624104360589e-01
1.611502386303804296e-02
3.467579091109104783e-01
-2.725600300577017521e+00
7.050441965724330018e-01
4.362819736844401053e-01
-5.012303622650780000e-01
1.611502459154211947e-02
3.467579088417268585e-01
-5.270931944396815894e+00
3.420580074109325630e-01
-5.907425186050383914e+00
-5.149188288536437064e-01
-5.639777593403987044e-02
3.784242195601601466e-01
-5.270931944396815894e+00
3.420580074109325630e-01
-5.907425186050383914e+00
-6.819927824418652307e-01
1.898766675806601301e-01
5.417568990409143970e-01
-2.274507998512492524e+00
1.103060257859123539e+00
1.235092933784486702e+00
-5.620760351780779152e-01
-1.582111147092002956e-01
2.483505618843406260e-01
-2.274507998512492524e+00
1.103060257859123539e+00
1.235092933784486702e+00
-5.946220187802728763e-01
-1.662529306405742813e-01
1.955970478082079689e-01
-2.260424297456627762e+00
7.461135365416956544e-01
1.320546976630632363e+00
-5.395036195539958390e-01
-4.513979998752001149e-02
2.066415467721320343e-01
-2.260424297456627762e+00
7.461135365416956544e-01
1.320546976630632363e+00
-5.629845658657002261e-01
-4.079283974705109200e-02
1.639923805969354387e-01
