-2.221441471072811424e+00
nan
-2.221441467085554233e+00
2.610459999999999864e-02
2.799937000000000120e-01
-1.333499999999999686e-01
1.422144643325129021e+00
-1.055705497397843251e+00
-1.422144649088054047e+00
8.860460000000003333e-02
2.799937001121810543e-01
-1.333500001121810108e-01
-1.160677261801966037e-01
3.094815566481054603e+00
4.576796426913531390e-01
2.073546000000000833e-01
2.799937003253250012e-01
-1.333500007516129071e-01
-9.426111591684903646e-01
-1.019780573852617556e+00
-1.269074799509486873e+00
2.227096108967003829e-01
8.431981499624269238e-02
-1.925188628378773914e-01
-1.514164182584762486e+00
9.277685192252664859e-01
-1.437438601869321930e+00
2.380646217934006825e-01
-1.113540704393407854e-01
-2.516877245719381095e-01
1.188004684950727183e-02
-5.918700040726460054e-01
-2.967712654107803161e+00
2.329592731535144734e-01
-1.914088019007723629e-01
-4.431777383739725629e-01
7.934882489543354511e-01
1.024711745397392848e+00
-1.379363982952078072e+00
2.360921870724290994e-01
-2.310289187832774982e-01
-5.390135025155148307e-01
-1.432459825752854243e+00
-9.277157841119687554e-01
1.688224875576147976e+00
3.388185161779826426e-01
-2.238203405528060574e-01
-5.516388820501144652e-01
-1.432459825866059244e+00
-9.277157785895544517e-01
1.688224879058629613e+00
3.388185162121574168e-01
-2.238203408042287179e-01
-5.516388819156040624e-01
6.557367179008711799e-01
-1.367283955333748802e+00
1.895223436413258300e+00
4.503426990855252665e-01
-2.332798902496998339e-01
-5.916867850302032217e-01
6.557367179008711799e-01
-1.367283955333748802e+00
1.895223436413258300e+00
4.938484691506419000e-01
-2.321379458600077994e-01
-5.884179842314311015e-01
7.099762205069394538e-02
-2.722171545828584005e+00
-1.303315005570392815e+00
4.517608853726758911e-01
-1.833033203319511806e-01
-5.521883639064251170e-01
7.099762205069394538e-02
-2.722171545828584005e+00
-1.303315005570392815e+00
4.757658343850127980e-01
-2.035880932400496168e-01
-5.824708924598993587e-01
-7.917274268566284467e-01
2.190848659427667044e+00
1.661681403849810890e+00
4.570826412482840162e-01
-2.223389379629784057e-01
-5.313400282518778717e-01
-7.917274268566284467e-01
2.190848659427667044e+00
1.661681403849810890e+00
4.977942766040203137e-01
-2.228675509913291830e-01
-5.470570394034238726e-01
-2.221441471072811424e+00
nan
-2.221441467085554233e+00
2.610459999999999864e-02
2.799937000000000120e-01
1.333500000000000241e-01
1.422356501243446703e+00
-1.055535000629595377e+00
-1.422356507007818571e+00
8.860460000000003333e-02
2.799937001121810543e-01
1.333499998878189818e-01
-1.160266477443917948e-01
3.094741710525264367e+00
4.581386196584825710e-01
2.073546000000000833e-01
2.799937003253250012e-01
1.333499992483870855e-01
-9.425858959174865381e-01
-1.019286193164720800e+00
-1.268833220291613051e+00
2.227045570318277878e-01
8.433704357718455058e-02
7.412288139464200121e-02
-1.514863450599306161e+00
9.276253640596879846e-01
-1.437432041619794765e+00
2.380545140636554924e-01
-1.113196132775617075e-01
1.489576389306902088e-02
1.136904685077366924e-02
-5.925430162599591988e-01
-2.967621676744407022e+00
2.328843614260170392e-01
-1.914653831191782118e-01
-1.765544257077725776e-01
7.931420020494486245e-01
1.024410361337752651e+00
-1.379556914254945976e+00
2.359847942412979516e-01
-2.311304509198202073e-01
-2.723726505542411469e-01
-1.432408978812693912e+00
-9.276382769984459209e-01
1.688230250181266490e+00
3.387106273459106753e-01
-2.239266607640499340e-01
-2.850047968625646910e-01
-1.432408978925680199e+00
-9.276382714761229886e-01
1.688230253663740132e+00
3.387106273800826184e-01
-2.239266610154738435e-01
-2.850047967280558425e-01
6.561034164816679226e-01
-1.366895979565766917e+00
1.894669114189264647e+00
4.502317405748358370e-01
-2.333914724033051835e-01
-3.250600041592481837e-01
6.561034164816679226e-01
-1.366895979565766917e+00
1.894669114189264647e+00
4.937398893034589120e-01
-2.322599249215334394e-01
-3.218193685557726447e-01
-9.512674593142471657e-01
2.512140308730981708e+00
1.274109690127219752e+00
4.516548364981474162e-01
-1.834148725237258470e-01
-2.855617975312316759e-01
-9.512674593142471657e-01
2.512140308730981708e+00
1.274109690127219752e+00
4.928502352550018228e-01
-1.875503358091786532e-01
-2.993668034815539225e-01
-7.913346427252243576e-01
2.191124592030017304e+00
1.661849348851220709e+00
4.569761543162774164e-01
-2.224506860644835660e-01
-2.647137168788154526e-01
-7.913346427252243576e-01
2.191124592030017304e+00
1.661849348851220709e+00
4.976821620632553289e-01
-2.229854144389773474e-01
-2.804450907373977619e-01
0.000000000000000000e+00
0.000000000000000000e+00
0.000000000000000000e+00
0.000000000000000000e+00
0.000000000000000000e+00
0.000000000000000000e+00
-3.082690862367584023e-02
-5.533110212186538614e-11
1.659933340981242862e-10
0.000000000000000000e+00
-0.000000000000000000e+00
0.000000000000000000e+00
-3.082691454269846990e-02
2.293881391854645790e-01
-7.585961086978503243e-01
-0.000000000000000000e+00
0.000000000000000000e+00
0.000000000000000000e+00
-1.034258378149628677e-01
1.154539771489190958e+00
-4.788440667073501356e-01
-1.620100831561207821e-01
-1.347224497037185706e-02
2.509764764510849858e-03
-1.405684589345971958e+00
1.052460208105630235e+00
-4.792140756825431502e-01
-3.240201663122416198e-01
-2.694448992988635744e-02
5.019529532304803539e-03
-1.425155916245220977e+00
1.298702609771416494e+00
1.164133627137729499e-01
-5.639191402297848432e-01
-2.936724964155532080e-01
1.229244081438558844e-01
-1.348788273996816889e+00
6.700116409392943284e-01
3.788212776543326554e-01
-6.837689861924384216e-01
-4.298886896253599765e-01
1.753205286386017026e-01
-2.672964703239555817e+00
5.770906805956108609e-01
5.415666033927377665e-01
-6.949589002672353910e-01
-4.080027342558821268e-01
9.676984651747122523e-02
-2.672964703239555817e+00
5.770906805956104169e-01
5.415666033927380996e-01
-6.949589000534485139e-01
-4.080027338778326462e-01
9.676984716979319945e-02
-2.675672861031785921e+00
2.616562118616620580e+00
-1.348718254056904264e-01
-7.129471956554699341e-01
-4.546515924270329578e-01
5.769532234882568389e-02
-2.675672861031785921e+00
2.616562118616620580e+00
-1.348718254056904264e-01
-7.042401591877495148e-01
-4.517730534660018282e-01
-5.919569715710995550e-02
-2.820147104171667696e+00
1.448196899059855491e+00
-1.586159395817214046e-01
-7.172186661462720547e-01
-3.483056645989723310e-01
-7.670870711996337354e-02
-2.820147104171667696e+00
1.448196899059855491e+00
-1.586159395817214046e-01
-7.642912184071248838e-01
-4.375144173482516941e-01
-5.426655626616583294e-02
-2.569577838057225616e+00
-3.713242552222436599e-01
8.412668963945758582e-01
-6.840468990823300732e-01
-2.896967140194383061e-01
2.456098525670968868e-02
-2.569577838057225616e+00
-3.713242552222436599e-01
8.412668963945758582e-01
-6.777660869804081889e-01
-2.958334464320810930e-01
4.103651525661655697e-02
0.000000000000000000e+00
0.000000000000000000e+00
0.000000000000000000e+00
0.000000000000000000e+00
0.000000000000000000e+00
0.000000000000000000e+00
-2.974119096398645037e-02
-5.338235158585970401e-11
1.601470815133730769e-10
0.000000000000000000e+00
-0.000000000000000000e+00
0.000000000000000000e+00
-2.974119688494479899e-02
2.296872025565287190e-01
-7.587711823638515485e-01
-0.000000000000000000e+00
0.000000000000000000e+00
0.000000000000000000e+00
-1.024280143008385463e-01
1.156182284172516450e+00
-4.783123728062638191e-01
-1.620623437934571587e-01
-1.340859041929022555e-02
2.293374460193141774e-03
-1.408854817930637049e+00
1.053634532155872883e+00
-4.781341682124466974e-01
-3.241246875869143729e-01
-2.681718082810644055e-02
4.586748923556868002e-03
-1.428073720755222098e+00
1.299509585417436552e+00
1.158219862548501289e-01
-5.641636495371177284e-01
-2.940706762100573357e-01
1.229479542572109868e-01
-1.351568735417745026e+00
6.699142653250029777e-01
3.789257934247943771e-01
-6.840862642451833731e-01
-4.305470667957984610e-01
1.755635530528816268e-01
-2.672964656282466045e+00
5.772495634544038134e-01
5.414172135617887349e-01
-6.952784211592428765e-01
-4.086948129929629525e-01
9.700963448765698161e-02
-2.672964656282466045e+00
5.772495634544033694e-01
5.414172135617890680e-01
-6.952784209454725417e-01
-4.086948126149244631e-01
9.700963513997853949e-02
-2.675634733682908717e+00
2.625871472690858077e+00
-1.380614774339103956e-01
-7.132758601407164223e-01
-4.553815160193520062e-01
5.793322755041113714e-02
-2.675634733682908717e+00
2.625871472690858077e+00
-1.380614774339103956e-01
-7.046101444390436841e-01
-4.527175581333713894e-01
-5.934118677071126280e-02
-2.542394627433554266e+00
-1.955103435455134986e-01
1.162540062682537290e+00
-7.175337290575563021e-01
-3.490337170866917305e-01
-7.647393906936023056e-02
-2.542394627433554266e+00
-1.955103435455134986e-01
1.162540062682537290e+00
-7.100270658544691749e-01
-3.362401885934535040e-01
-5.790583286702927213e-02
-2.569602023522037815e+00
-3.711694333139264335e-01
8.411130138623412744e-01
-6.843645222057324062e-01
-2.904264812858883826e-01
2.479568246679975108e-02
-2.569602023522037815e+00
-3.711694333139264335e-01
8.411130138623412744e-01
-6.780757500907247382e-01
-2.966114985273187732e-01
4.127854740785180665e-02
