-2.221441471072811424e+00
nan
-2.221441467085554233e+00
2.610459999999999864e-02
2.799937000000000120e-01
-1.333499999999999686e-01
1.565435707871487780e+00
-9.313096780600484959e-01
-1.565435714629268338e+00
8.860460000000003333e-02
2.799937001121810543e-01
-1.333500001121810108e-01
-7.154870208188968128e-01
2.845181830432350178e+00
7.226222860463735742e-01
2.073546000000000833e-01
2.799937003253250012e-01
-1.333500007516129071e-01
-1.801973920621415814e-01
-1.269044268083380445e+00
-1.548252812484783636e+00
3.043262490467910641e-01
1.212689976543334935e-01
-2.195356610620808890e-01
-7.343946428878612709e-01
6.474302026763779638e-01
-1.233743707805350809e+00
4.012978980935820728e-01
-3.745570519223853645e-02
-3.057213210491892541e-01
-8.602604454077290574e-01
-3.792843990391376319e-01
2.714507694350158040e+00
5.149122576807071416e-01
-4.780494773447767354e-03
-4.763887107863480352e-01
1.647469983031256913e+00
1.249260683606011169e+00
-1.092583596397513901e+00
5.762122737504375980e-01
1.238832516736357997e-02
-5.583130792714989798e-01
-7.732830397688491564e-01
-1.481018780788758926e+00
4.066132909394826189e-01
6.772539318814200238e-01
-9.492271295340509035e-03
-5.496018611834249112e-01
-7.732830396794141414e-01
-1.481018778499901600e+00
4.066132962091842384e-01
6.772539318572856626e-01
-9.492271490219764130e-03
-5.496018613929815055e-01
3.227032681958872939e-01
-2.810390384651006546e+00
7.624518313448853668e-01
7.952703404280846433e-01
-1.353139452501505441e-02
-5.632683817372411417e-01
3.227032681958872939e-01
-2.810390384651006546e+00
7.624518313448853668e-01
8.282336776696405112e-01
-4.009473334608168460e-02
-5.526594914471743003e-01
-2.615322105190937552e-01
1.153287095032601073e+00
2.176509481115108002e+00
7.850958424228897670e-01
-3.773422566209216206e-02
-5.052124034089723326e-01
-2.615322105190937552e-01
1.153287095032601073e+00
2.176509481115108002e+00
8.266721982841800376e-01
-3.449084833589999982e-02
-5.180820677956335940e-01
-2.102834692172816655e-01
6.968634535164101029e-01
2.312380717113811546e+00
7.813758058350231961e-01
-6.796403990596815159e-02
-5.377558096161548784e-01
-2.102834692172816655e-01
6.968634535164101029e-01
2.312380717113811546e+00
8.237694984382364360e-01
-6.037046554751107630e-02
-5.448165164176621555e-01
-2.221441471072811424e+00
nan
-2.221441467085554233e+00
2.610459999999999864e-02
2.799937000000000120e-01
1.333500000000000241e-01
1.565440132144624297e+00
-9.313055411205373169e-01
-1.565440138902435940e+00
8.860460000000003333e-02
2.799937001121810543e-01
1.333499998878189818e-01
-7.154881814480115176e-01
2.845177379846101307e+00
7.226308284872570153e-01
2.073546000000000833e-01
2.799937003253250012e-01
1.333499992483870855e-01
-1.801976922000781411e-01
-1.269037105457339054e+00
-1.548247636511555836e+00
3.043265212820958077e-01
1.212696766088481315e-01
4.716339484775897151e-02
-7.343981831110180103e-01
6.474348586714431253e-01
-1.233734736214249672e+00
4.012984425641915598e-01
-3.745434728321131446e-02
-3.902320922951060811e-02
-8.602488998315711566e-01
-3.792914062510372442e-01
2.714511253423172565e+00
5.149114257761941982e-01
-4.777913856500885792e-03
-2.096912810653963066e-01
1.647471396399000865e+00
1.249265241807591131e+00
-1.092582138446635875e+00
5.762107719078464196e-01
1.239153528841838853e-02
-2.916160189648362433e-01
-7.732813983462257790e-01
-1.481017454152619317e+00
4.066144279946500295e-01
6.772524697604332955e-01
-9.488959712212263059e-03
-2.829050067622311260e-01
-7.732813982567874334e-01
-1.481017451863764434e+00
4.066144332643512604e-01
6.772524697362986013e-01
-9.488959907091462642e-03
-2.829050069717876648e-01
3.226277520137726951e-01
-2.810409714880253595e+00
7.624627560353069988e-01
7.952688558008638164e-01
-1.352795516937121620e-02
-2.965717594276858771e-01
3.226277520137726951e-01
-2.810409714880253595e+00
7.624627560353069988e-01
8.282306731286206425e-01
-4.009274089193114871e-02
-2.859617696738704362e-01
-2.711689434650741415e-01
1.146523755739556227e+00
2.160418069256327289e+00
7.850944963209727234e-01
-3.773081942564323471e-02
-2.385157706295745195e-01
-2.711689434650741415e-01
1.146523755739556227e+00
2.160418069256327289e+00
8.268887976209533530e-01
-3.497256057698354403e-02
-2.507782953117200786e-01
-2.102703781837383101e-01
6.968733346198529022e-01
2.312417083419143538e+00
7.813744275287969332e-01
-6.796062488275891877e-02
-2.710591813175528553e-01
-2.102703781837383101e-01
6.968733346198529022e-01
2.312417083419143538e+00
8.237677258337554598e-01
-6.036568748736190898e-02
-2.781207894486231735e-01
0.000000000000000000e+00
0.000000000000000000e+00
0.000000000000000000e+00
0.000000000000000000e+00
0.000000000000000000e+00
0.000000000000000000e+00
-8.168942549120575825e-01
-1.466240419793171247e-09
4.398721994274575197e-09
0.000000000000000000e+00
-0.000000000000000000e+00
0.000000000000000000e+00
-8.168942619092214308e-01
4.522140217530165041e-01
-8.328245838110859278e-01
-0.000000000000000000e+00
0.000000000000000000e+00
0.000000000000000000e+00
-1.313736445858926238e+00
1.265453033198583155e+00
-3.912452979676574460e-01
-1.711641985089427942e-01
-1.511649446253468809e-01
8.580935942370888914e-02
-8.351909476399430599e-01
1.353381942866870080e+00
-1.474581674635824791e-02
-3.423283970178856439e-01
-3.023298889865431160e-01
1.716187189908485733e-01
-1.511141371256330634e+00
1.164062724764486800e+00
8.886277079693647440e-01
-5.728247378593944727e-01
-4.465450844785827100e-01
-9.434943678754387220e-03
-1.668987359467417608e+00
3.174960770620990358e-01
5.931049931250758078e-01
-6.834465305753710807e-01
-5.158714942320127284e-01
-1.067365215212022211e-01
-2.673399542492742142e+00
5.350017895223111442e-01
5.065104767584326373e-01
-6.677032619913906286e-01
-4.414042694063307626e-01
-1.022984126837782615e-01
-2.673399542492742142e+00
5.350017895223105890e-01
5.065104767584323042e-01
-6.677032620047954614e-01
-4.414042699787834589e-01
-1.022984121498763943e-01
-2.757117165420850391e+00
2.364967252797287589e-01
1.921361702186519249e-02
-6.729690167114774635e-01
-4.181637918440817003e-01
-1.546392122549561376e-01
-2.757117165420850391e+00
2.364967252797287589e-01
1.921361702186519249e-02
-6.699496710800947330e-01
-3.882804933817499693e-01
-8.919669613242264816e-02
-2.558620034746199590e+00
1.288240033553045727e+00
1.067142773358351393e+00
-6.296499768752402693e-01
-2.681104557777080899e-01
-8.449199992579500829e-02
-2.558620034746199590e+00
1.288240033553045727e+00
1.067142773358351393e+00
-6.496903404314493535e-01
-2.566711292179280068e-01
-1.463508962025937554e-01
-2.633228747176185713e+00
1.027331435133830073e+00
1.277188296143165314e+00
-6.317490398082500347e-01
-3.569962205488246276e-01
-1.685402124978988003e-03
-2.633228747176185713e+00
1.027331435133830073e+00
1.277188296143165314e+00
-6.487011501562159888e-01
-3.214439486508211541e-01
-6.523339348216952716e-02
0.000000000000000000e+00
0.000000000000000000e+00
0.000000000000000000e+00
0.000000000000000000e+00
0.000000000000000000e+00
0.000000000000000000e+00
-8.168845420684933689e-01
-1.466222986246859267e-09
4.398669693626901748e-09
0.000000000000000000e+00
-0.000000000000000000e+00
0.000000000000000000e+00
-8.168845490656505559e-01
4.522192964772901447e-01
-8.328216127137839653e-01
-0.000000000000000000e+00
0.000000000000000000e+00
0.000000000000000000e+00
-1.313747476030328487e+00
1.265486498446001473e+00
-3.912202934782482711e-01
-1.711640430157956028e-01
-1.511648173414156804e-01
8.580662851927940704e-02
-8.352228726276337278e-01
1.353413039026636566e+00
-1.474187878035930488e-02
-3.423280860315911500e-01
-3.023296344186848228e-01
1.716132571819894703e-01
-1.511162267573506579e+00
1.164087902643524464e+00
8.886308529273432288e-01
-5.728307677792621178e-01
-4.465503804696587253e-01
-9.444140293731695390e-03
-1.669010272672483586e+00
3.175071914335282908e-01
5.930998030860457071e-01
-6.834556663331838866e-01
-5.158794629272829280e-01
-1.067477912683703900e-01
-2.673396147500892717e+00
5.350061127786935877e-01
5.065096354643203735e-01
-6.677125400378924880e-01
-4.414128829759109696e-01
-1.023104860440089414e-01
-2.673396147500892273e+00
5.350061127786931436e-01
5.065096354643201515e-01
-6.677125400512984310e-01
-4.414128835483630553e-01
-1.023104855101075739e-01
-2.757094247961760836e+00
2.365730498678180749e-01
1.933019508602584757e-02
-6.729785461390976886e-01
-4.181730902284302442e-01
-1.546521390887469483e-01
-2.757094247961760836e+00
2.365730498678180749e-01
1.933019508602584757e-02
-6.699550060135357477e-01
-3.882831901479170122e-01
-8.920839882915360119e-02
-2.562041123506949791e+00
1.265769157842537407e+00
1.050413866629816617e+00
-6.296592532970602951e-01
-2.681198445474470837e-01
-8.450495051219300557e-02
-2.562041123506949791e+00
1.265769157842537407e+00
1.050413866629816617e+00
-6.480780921793896088e-01
-2.556356234295187324e-01
-1.444736606708298121e-01
-2.633121419018134013e+00
1.028597074140336964e+00
1.279162397827293240e+00
-6.317584892035549293e-01
-3.570055239950549186e-01
-1.698445519667080017e-03
-2.633121419018134013e+00
1.028597074140336964e+00
1.279162397827293240e+00
-6.487371969959437878e-01
-3.213716825061102567e-01
-6.530246045122765908e-02
