-2.221441471072811424e+00
nan
-2.221441467085554233e+00
2.610459999999999864e-02
2.799937000000000120e-01
-1.333499999999999686e-01
1.436939040082671815e+00
-1.043708199500028799e+00
-1.436939045946793891e+00
8.860460000000003333e-02
2.799937001121810543e-01
-1.333500001121810108e-01
-2.870304299784238178e-01
3.060874008815312131e+00
4.852080682570241721e-01
2.073546000000000833e-01
2.799937003253250012e-01
-1.333500007516129071e-01
-7.780995699021712175e-01
-1.141101553321149487e+00
-1.323875376760972555e+00
2.454668017466803409e-01
8.844252997918722325e-02
-1.956445367643746269e-01
-1.277176159406008704e+00
8.752037821674617524e-01
-1.351581383881755860e+00
2.835790034933605708e-01
-1.031086404807467216e-01
-2.579390724272214719e-01
2.967152273835714227e-01
-3.194638201428680602e-01
-3.066873269612414354e+00
3.126906247445907505e-01
-1.461387256152032188e-01
-4.589469709820951926e-01
1.027313846645063089e+00
1.078582823854633999e+00
-1.301366955407403214e+00
3.328281308868568100e-01
-1.668788231685146284e-01
-5.585882862075042254e-01
-1.271716113867775722e+00
-1.147188209400581194e+00
1.324741047705692010e+00
4.365294746247152524e-01
-1.648956658069924419e-01
-5.610704009997666830e-01
-1.271716113884944432e+00
-1.147188204760007713e+00
1.324741051851501927e+00
4.365294746310013907e-01
-1.648956660919734807e-01
-5.610704009648291857e-01
5.142481928218307630e-01
-1.927788711685463729e+00
1.775434947227729543e+00
5.505062211718739773e-01
-1.693029360440348186e-01
-5.945493227617948406e-01
5.142481928218307630e-01
-1.927788711685463729e+00
1.775434947227729543e+00
5.910502578289793529e-01
-1.736489782186835806e-01
-5.789918765197705763e-01
-2.257914700007868092e-01
2.464470370887704487e+00
1.808573298327769141e+00
5.512814219482120581e-01
-1.372567479298043014e-01
-5.394835897196957886e-01
-2.257914700007868092e-01
2.464470370887704487e+00
1.808573298327769141e+00
5.814284115259644725e-01
-1.460502985376473106e-01
-5.697915690603940764e-01
-5.373491321673689036e-01
1.846011392458267286e+00
1.975289291049793894e+00
5.522764254438615739e-01
-1.814911982063156237e-01
-5.340912798455793586e-01
-5.373491321673689036e-01
1.846011392458267286e+00
1.975289291049793894e+00
5.920446521478132107e-01
-1.796676072776497435e-01
-5.519771341879918802e-01
-2.221441471072811424e+00
nan
-2.221441467085554233e+00
2.610459999999999864e-02
2.799937000000000120e-01
1.333500000000000241e-01
1.437053621858992658e+00
-1.043614555168935754e+00
-1.437053627723900107e+00
8.860460000000003333e-02
2.799937001121810543e-01
1.333499998878189818e-01
-2.870200939628052561e-01
3.060821650963113427e+00
4.854525972286021784e-01
2.073546000000000833e-01
2.799937003253250012e-01
1.333499992483870855e-01
-7.781112917194147327e-01
-1.140842475076745188e+00
-1.323735809510721229e+00
2.454660937972820145e-01
8.845244395112827895e-02
7.102455382571867815e-02
-1.277468693265167765e+00
8.752336398187484656e-01
-1.351541034850862522e+00
2.835775875945639179e-01
-1.030888125369209540e-01
8.699108752946813072e-03
2.964074331667560513e-01
-3.196859365035126244e-01
-3.066888023730718782e+00
3.126485602550994614e-01
-1.461500117353577155e-01
-1.923080097084723383e-01
1.027191483818579609e+00
1.078506340625140281e+00
-1.301462561570999821e+00
3.327658986588314938e-01
-1.669053612777354756e-01
-2.919502229562894180e-01
-1.271682892916592866e+00
-1.147146461877186940e+00
1.324752241601740543e+00
4.364671537257181488e-01
-1.649236325278323478e-01
-2.944371786684670811e-01
-1.271682892933650777e+00
-1.147146457236668526e+00
1.324752245747548240e+00
4.364671537320019556e-01
-1.649236328128135531e-01
-2.944371786335306385e-01
5.141379040936950862e-01
-1.927847784123855268e+00
1.775491431912824103e+00
5.504422746065364969e-01
-1.693323915295367743e-01
-3.279214384188831044e-01
5.141379040936950862e-01
-1.927847784123855268e+00
1.775491431912824103e+00
5.909845809669729277e-01
-1.736791762496888158e-01
-3.123596910175412411e-01
-6.555029557787589445e-01
2.220424745523218668e+00
1.638322975484984623e+00
5.512204922211161318e-01
-1.372863599146714741e-01
-2.728556568531647075e-01
-6.555029557787589445e-01
2.220424745523218668e+00
1.638322975484984623e+00
5.911188805210577657e-01
-1.416494733157360186e-01
-2.899969221835460575e-01
-5.370435630172281094e-01
1.846223124044271913e+00
1.975506822320421074e+00
5.522151355175777265e-01
-1.815208382315122160e-01
-2.674635105504620247e-01
-5.370435630172281094e-01
1.846223124044271913e+00
1.975506822320421074e+00
5.919771031550593587e-01
-1.796970903272335496e-01
-2.853632590902462352e-01
0.000000000000000000e+00
0.000000000000000000e+00
0.000000000000000000e+00
0.000000000000000000e+00
0.000000000000000000e+00
0.000000000000000000e+00
-2.466664837838233038e-01
-4.427407422164258000e-10
1.328222448555576538e-09
0.000000000000000000e+00
-0.000000000000000000e+00
0.000000000000000000e+00
-2.466664898505718795e-01
2.511474034358101570e-01
-7.722600146014622080e-01
-0.000000000000000000e+00
0.000000000000000000e+00
0.000000000000000000e+00
-4.365514944098878303e-01
1.205505672157325181e+00
-4.618922676268208405e-01
-1.635724205762791317e-01
-4.479850401252306880e-02
3.767747430815032716e-02
-1.221314126179591675e+00
1.093351125378988042e+00
-5.971480688575465656e-01
-3.271448411525582078e-01
-8.959700793873384694e-02
7.535494864437036755e-02
-1.413367194632219048e+00
1.291151158162594070e+00
3.531394294305588710e-01
-5.726123854884109798e-01
-3.524747423289594783e-01
9.607897561315334456e-02
-1.396265460911776390e+00
5.851380996351676078e-01
5.035505924723931992e-01
-6.939402388262315702e-01
-4.861931610693262518e-01
9.939178473038262629e-02
-2.672294024970011339e+00
5.607356655233003417e-01
5.340926202842135595e-01
-6.963912388232125217e-01
-4.374399791443987495e-01
3.594316339855246900e-02
-2.672294024970011339e+00
5.607356655232997866e-01
5.340926202842135595e-01
-6.963912386514157227e-01
-4.374399790476782846e-01
3.594316415658069253e-02
-2.574437991920929480e+00
1.701174728002998515e+00
5.976581731846284384e-01
-7.128101737892432732e-01
-4.660313625166636053e-01
-1.619014150987241329e-02
-2.574437991920929480e+00
1.701174728002998515e+00
5.976581731846284384e-01
-6.837467917833626174e-01
-4.017482069719127136e-01
-7.397401595326080770e-02
-2.695797882399204148e+00
1.440895709081959186e+00
2.553441647695727235e-01
-6.990484859044037158e-01
-3.184655041137878784e-01
-1.022616612538299469e-01
-2.695797882399204148e+00
1.440895709081959186e+00
2.553441647695727235e-01
-7.404737414520418115e-01
-3.924718327661927963e-01
-1.219946940707584832e-01
-2.654710220072666438e+00
-4.371453290411237980e-01
4.714481433333317373e-01
-6.723995319834196183e-01
-3.035242426322163345e-01
1.538786197059321958e-02
-2.654710220072666438e+00
-4.371453290411237980e-01
4.714481433333317373e-01
-6.654405428592432559e-01
-3.322573463065129906e-01
2.793125104291305227e-02
0.000000000000000000e+00
0.000000000000000000e+00
0.000000000000000000e+00
0.000000000000000000e+00
0.000000000000000000e+00
0.000000000000000000e+00
-2.457806189373593353e-01
-4.411507067417618617e-10
1.323452341334642163e-09
0.000000000000000000e+00
-0.000000000000000000e+00
0.000000000000000000e+00
-2.457806250048136520e-01
2.513008557739063731e-01
-7.723086702336079412e-01
-0.000000000000000000e+00
0.000000000000000000e+00
0.000000000000000000e+00
-4.359019199714469495e-01
1.206815008977765835e+00
-4.613947399207464772e-01
-1.635914107764368519e-01
-4.475222402488198553e-02
3.749967869977849366e-02
-1.223147298515397940e+00
1.094263946858165415e+00
-5.968919801062886332e-01
-3.271828215528737038e-01
-8.950444796376616496e-02
7.499935742753975620e-02
-1.414881060405621671e+00
1.292078447327489998e+00
3.527752176939741302e-01
-5.728405488023591285e-01
-3.527179923271782092e-01
9.585822961541773379e-02
-1.397761132363729786e+00
5.853053825052797476e-01
5.034516131556028284e-01
-6.942641320307462172e-01
-4.866029742336128172e-01
9.923140121597082142e-02
-2.672283328973696470e+00
5.609492930286913426e-01
5.340171082935766256e-01
-6.967174651311116573e-01
-4.378705801163200184e-01
3.576451503126683307e-02
-2.672283328973695582e+00
5.609492930286906764e-01
5.340171082935767366e-01
-6.967174649593292912e-01
-4.378705800196044939e-01
3.576451578929243369e-02
-2.574207507631278702e+00
1.703729288374116191e+00
5.977116665770317860e-01
-7.131460842324429672e-01
-4.664853447601962078e-01
-1.638829526797025427e-02
-2.574207507631278702e+00
1.703729288374116191e+00
5.977116665770317860e-01
-6.840349554671634191e-01
-4.021935682662273748e-01
-7.427188417180957680e-02
-2.646832798627624772e+00
-3.920756068165131003e-01
8.358379339172309352e-01
-6.993701021283359465e-01
-3.189183931650590997e-01
-1.024609119328599161e-01
-2.646832798627624772e+00
-3.920756068165131003e-01
8.358379339172309352e-01
-6.890025744317314071e-01
-3.309398700082404332e-01
-7.526929547509003671e-02
-2.654716261963502522e+00
-4.369317789590877465e-01
4.713691687809147268e-01
-6.727234132742933026e-01
-3.039778939559996673e-01
1.518820258511621724e-02
-2.654716261963502522e+00
-4.369317789590877465e-01
4.713691687809147268e-01
-6.657621028355907855e-01
-3.327540818552488511e-01
2.771993662066429831e-02
