-2.221441471072811424e+00
nan
-2.221441467085554233e+00
2.610459999999999864e-02
2.799937000000000120e-01
-1.333499999999999686e-01
1.344617824671439976e+00
-1.115624480898643522e+00
-1.344617829909358964e+00
8.860460000000003333e-02
2.799937001121810543e-01
-1.333500001121810108e-01
-1.726494737337693319e+00
-2.486339594635929462e+00
-2.314224069769600656e-01
2.073546000000000833e-01
2.799937003253250012e-01
-1.333500007516129071e-01
-1.184217588182811198e+00
1.018395474723314376e+00
-8.122929616788663321e-01
1.527219709252969349e-02
2.096044985444326936e-01
-1.465678207663146937e-01
-2.690706539029686706e+00
1.209306945420445256e+00
1.406320882914282866e-01
-1.768102058149406963e-01
1.392152966956322069e-01
-1.597856404193833957e-01
6.530091357863402335e-01
1.587715953926517543e+00
1.751672163793064563e+00
-3.318561424664044912e-01
2.095150279918855940e-03
-1.759743085178909761e-01
1.836182356148476358e-01
-4.700606354872618325e-02
-2.244444593995566617e+00
-4.095073274823015086e-01
-6.533764143552459047e-02
-1.896554841650549550e-01
-3.547823573481123649e-01
-1.682209334496176156e+00
-7.156072446102835771e-01
-3.295145367718936291e-01
-1.306332536581318871e-01
-1.795708939980826258e-01
-3.547823577597142841e-01
-1.682209334571218129e+00
-7.156072388602823242e-01
-3.295145367028051164e-01
-1.306332536160504931e-01
-1.795708942736370661e-01
2.062725244147878834e-01
2.840762454123733960e+00
5.426455304698970528e-01
-2.219869371892499998e-01
-1.784717265843618617e-01
-1.628300211759559635e-01
2.062725244147878834e-01
2.840762454123733960e+00
5.426455304698970528e-01
-2.016862685675769040e-01
-2.161572734110400740e-01
-1.713402232004242742e-01
-5.320610396374068213e-02
-1.217726210023589717e-01
8.830876076322246027e-01
-2.625026746492035712e-01
-2.268915257435138166e-01
-1.542397864979332955e-01
-5.320610396374068213e-02
-1.217726210023589717e-01
8.830876076322246027e-01
-2.502986340602467163e-01
-2.687699664336153926e-01
-1.528260243967503040e-01
2.178606743757834086e-01
-4.123278113729662575e-01
3.992832340715552486e-01
-2.517465111031565450e-01
-2.203498700487633022e-01
-1.969980057726181122e-01
2.178606743757834086e-01
-4.123278113729662575e-01
3.992832340715552486e-01
-2.573422434518261581e-01
-2.609328464574033890e-01
-2.120462923829872781e-01
-2.221441471072811424e+00
nan
-2.221441467085554233e+00
2.610459999999999864e-02
2.799937000000000120e-01
1.333500000000000241e-01
1.343323279541873694e+00
-1.116584198917835336e+00
-1.343323284771099191e+00
8.860460000000003333e-02
2.799937001121810543e-01
1.333499998878189818e-01
-1.726063184763403147e+00
-2.488160723833362731e+00
-2.293432816020488652e-01
2.073546000000000833e-01
2.799937003253250012e-01
1.333499992483870855e-01
-1.181956927208274610e+00
1.020688153012565769e+00
-8.073354245559957176e-01
1.533817751286611908e-02
2.094071913162671439e-01
1.202260424838785952e-01
-2.687069144106334573e+00
1.208917194547549645e+00
1.467172900688560044e-01
-1.766782449742678729e-01
1.388206822399493112e-01
1.071020860811242870e-01
6.538372798748233183e-01
1.585881208581704671e+00
1.751836979420114959e+00
-3.318374982275154039e-01
1.856302395510378567e-03
9.068213529791925576e-02
1.846630763368409811e-01
-4.631340897757213471e-02
-2.244035248850286379e+00
-4.095592587283877761e-01
-6.547269254932830407e-02
7.689094664853410310e-02
-3.546285379231280399e-01
-1.682067553836859242e+00
-7.152707039018912916e-01
-3.295445847382974525e-01
-1.307433101213230087e-01
8.696372819237739582e-02
-3.546285383342240860e-01
-1.682067553911895219e+00
-7.152706981520138285e-01
-3.295445846692774405e-01
-1.307433100792390057e-01
8.696372791680616332e-02
2.470830739772484630e-01
2.842161698930834479e+00
5.484721079775711772e-01
-2.219990651995209785e-01
-1.785479737364556174e-01
1.036860590868508014e-01
2.470830739772484630e-01
2.842161698930834479e+00
5.484721079775711772e-01
-2.027578539164592020e-01
-2.166749445797866436e-01
9.469434026994139053e-02
-2.114116035186874853e-02
-1.274718440417079435e-01
3.883139212860029499e-01
-2.624983437232351058e-01
-2.269795123384817093e-01
1.122877200926733626e-01
-2.114116035186874853e-02
-1.274718440417079435e-01
3.883139212860029499e-01
-2.715068722172291893e-01
-2.696623334328668853e-01
1.109594421068561126e-01
2.178391300939866160e-01
-4.121236070949569896e-01
3.998678347803843458e-01
-2.517528129354915656e-01
-2.204374471403282021e-01
6.952689011905419103e-02
2.178391300939866160e-01
-4.121236070949569896e-01
3.998678347803843458e-01
-2.573269428388714197e-01
-2.610262141348230758e-01
5.448620548381068879e-02
0.000000000000000000e+00
0.000000000000000000e+00
0.000000000000000000e+00
0.000000000000000000e+00
0.000000000000000000e+00
0.000000000000000000e+00
-7.819435898324386125e-01
-1.403507602748316380e-09
4.210523511697665553e-09
0.000000000000000000e+00
-0.000000000000000000e+00
0.000000000000000000e+00
-7.819435913583284714e-01
3.796162130815941560e-02
-2.021579934708591930e-01
0.000000000000000000e+00
0.000000000000000000e+00
0.000000000000000000e+00
5.504426634012344888e-01
5.262187630725532195e-01
-1.104721286697861737e-01
-1.473150967195816993e-02
2.849540350061143326e-02
6.233214467253163360e-02
5.394234990052328982e-01
7.723750400336351074e-01
-1.261203206590117976e+00
-2.946301934391633640e-02
5.699080728399953666e-02
1.246642893981636246e-01
-8.539335377036381125e-01
-4.376252300511213611e-01
-1.506695433843615373e+00
-2.149031108621965724e-01
2.612677877475253485e-01
1.704520717627164561e-01
-1.129987831707543133e+00
-4.922473406011800279e-01
3.293503458199932843e-01
-3.105165625912230110e-01
3.665816589231957190e-01
1.940530764431935284e-01
-2.767436561930707306e+00
8.443508255520498773e-01
1.229192471647321261e-01
-2.939755428159241957e-01
4.043227763832111799e-01
3.072125622130991163e-01
-2.767436561930706862e+00
8.443508255520500994e-01
1.229192471647316820e-01
-2.939755430537613345e-01
4.043227756291238872e-01
3.072125620383064359e-01
-3.291373228684742802e+00
1.535398397162439643e-01
1.932197694410913602e+00
-2.739601039504970803e-01
4.638692914999256733e-01
3.488114837788447442e-01
-3.291373228684742802e+00
1.535398397162439643e-01
1.932197694410913602e+00
-2.024508323141647748e-01
4.750839454916886972e-01
4.697317223062142943e-01
-3.635821758841260021e+00
8.180847004538669420e-01
6.841039516420264199e+00
-2.607552069479123769e-01
4.826620570765491891e-01
5.170197026653851058e-01
-3.635821758841260021e+00
8.180847004538669420e-01
6.841039516420264199e+00
2.689343784419385985e-02
5.712905680149059640e-01
6.592983096632557549e-01
-2.422671378025242017e+00
1.128546214649416957e+00
-7.717147275883113888e-01
-2.976622400848375483e-01
3.656535372581970478e-01
4.898341099502929175e-01
-2.422671378025242017e+00
1.128546214649416957e+00
-7.717147275883113888e-01
-3.459634075598456704e-01
3.335147930640458558e-01
5.944683678908612157e-01
0.000000000000000000e+00
0.000000000000000000e+00
0.000000000000000000e+00
0.000000000000000000e+00
0.000000000000000000e+00
0.000000000000000000e+00
-7.758920871836442190e-01
-1.392645783448212567e-09
4.177938048353296345e-09
0.000000000000000000e+00
-0.000000000000000000e+00
0.000000000000000000e+00
-7.758920887096266705e-01
3.760860113295453472e-02
-2.022758578667097629e-01
0.000000000000000000e+00
0.000000000000000000e+00
0.000000000000000000e+00
5.547626178208187042e-01
5.267660872654224002e-01
-1.113281455334299008e-01
-1.477152031886597681e-02
2.865751235693223334e-02
6.198898295405426417e-02
5.409738018161975859e-01
7.766276017788542596e-01
-1.253451149623944216e+00
-2.954304063773195710e-02
5.731502499454667332e-02
1.239779659602950057e-01
-8.559479498895046223e-01
-4.335011569215193039e-01
-1.501325249258971040e+00
-2.139733870093619428e-01
2.606823325604477049e-01
1.703847834303185982e-01
-1.132277572473241900e+00
-4.896342639524264850e-01
3.300042620988148379e-01
-3.090776108924464527e-01
3.655634343662852448e-01
1.943224255263686084e-01
-2.767964049826990625e+00
8.446493274616296842e-01
1.240931204823084721e-01
-2.924700078810397175e-01
4.033738024479782691e-01
3.074048079491473184e-01
-2.767964049826990625e+00
8.446493274616296842e-01
1.240931204823080281e-01
-2.924700081190230727e-01
4.033738016937720161e-01
3.074048077743625207e-01
-3.273845157214590795e+00
1.768738573034964734e-01
1.873090273249391258e+00
-2.724132724558232521e-01
4.630062723066495911e-01
3.488881474999675492e-01
-3.273845157214590795e+00
1.768738573034964734e-01
1.873090273249391258e+00
-2.025884142116519959e-01
4.696093029027148535e-01
4.703066790958420063e-01
-2.639973037005874268e+00
8.484994179227069999e-01
-8.676747341290764748e-01
-2.591378645173173512e-01
4.817896788902751859e-01
5.171525935959201403e-01
-2.639973037005874268e+00
8.484994179227069999e-01
-8.676747341290764748e-01
-2.972997130600724125e-01
4.860995333879896130e-01
6.374778216119365570e-01
-2.423466130895423287e+00
1.128889668998824813e+00
-7.706295248635217643e-01
-2.960675960810734697e-01
3.647626852292228938e-01
4.899681869627213193e-01
-2.423466130895423287e+00
1.128889668998824813e+00
-7.706295248635217643e-01
-3.443257718042329607e-01
3.326076845092002521e-01
5.946262667302685268e-01
