-2.221441471072811424e+00
nan
-2.221441467085554233e+00
2.610459999999999864e-02
2.799937000000000120e-01
-1.333499999999999686e-01
1.559773825430144312e+00
-9.365880564802743224e-01
-1.559773832147963057e+00
8.860460000000003333e-02
2.799937001121810543e-01
-1.333500001121810108e-01
-7.036022386884897006e-01
2.855051978992130923e+00
7.127283010984539757e-01
2.073546000000000833e-01
2.799937003253250012e-01
-1.333500007516129071e-01
-2.007196067937289108e-01
-1.269839592577165055e+00
-1.540229262165269120e+00
3.026102782301408056e-01
1.197662676862055187e-01
-2.186642761971231141e-01
-7.501489264065179796e-01
6.538781818717919192e-01
-1.233219555881469809e+00
3.978659564602815002e-01
-4.046116512584713165e-02
-3.039785513178501208e-01
-8.482631767169152015e-01
-3.616209691585464681e-01
2.732643989947491470e+00
5.091621654483560189e-01
-9.232125881251256744e-03
-4.764347804681548504e-01
1.629254730456180411e+00
1.243295135288092768e+00
-1.099535239520299301e+00
5.693490425583371817e-01
7.240552034683361143e-03
-5.593217710398116216e-01
-7.890680724953965663e-01
-1.475437154082875679e+00
4.326859735067597468e-01
6.705472824442625379e-01
-1.389093845578269829e-02
-5.505788394009361042e-01
-7.890680724066104768e-01
-1.475437151724222629e+00
4.326859787548243408e-01
6.705472824200338078e-01
-1.389093865628655139e-02
-5.505788396051063405e-01
3.191993088878298801e-01
-2.795138023856336140e+00
7.994213908155751724e-01
7.885093367487028271e-01
-1.769719207814056394e-02
-5.647713432111932663e-01
3.191993088878298801e-01
-2.795138023856336140e+00
7.994213908155751724e-01
8.215051587808165356e-01
-4.395127602495667307e-02
-5.535134602330922249e-01
-2.655181954154088309e-01
1.189982060814434917e+00
2.176942987366556448e+00
7.787666916324427202e-01
-4.039810229928032792e-02
-5.060385278042134338e-01
-2.655181954154088309e-01
1.189982060814434917e+00
2.176942987366556448e+00
8.201373480272315941e-01
-3.704985156775136845e-02
-5.195292331643172057e-01
-2.154605035793167866e-01
7.333108326934333343e-01
2.319010881093956034e+00
7.750318399466223918e-01
-7.150127073723300253e-02
-5.377465303430879473e-01
-2.154605035793167866e-01
7.333108326934333343e-01
2.319010881093956034e+00
8.172499387655295378e-01
-6.356142135619659295e-02
-5.454492602834042358e-01
-2.221441471072811424e+00
nan
-2.221441467085554233e+00
2.610459999999999864e-02
2.799937000000000120e-01
1.333500000000000241e-01
1.559778322711501630e+00
-9.365838763162149805e-01
-1.559778329429352128e+00
8.860460000000003333e-02
2.799937001121810543e-01
1.333499998878189818e-01
-7.036034269661309848e-01
2.855047533728272136e+00
7.127370251031331927e-01
2.073546000000000833e-01
2.799937003253250012e-01
1.333499992483870855e-01
-2.007200611113459099e-01
-1.269832168451016319e+00
-1.540223789337900051e+00
3.026105520089878986e-01
1.197669477229248713e-01
4.803475232645225412e-02
-7.501529043352332948e-01
6.538829554786009801e-01
-1.233210574571736551e+00
3.978665040179757417e-01
-4.045980505241053571e-02
-3.728049427070052879e-02
-8.482512162243881493e-01
-3.616276073772545230e-01
2.732647678486418208e+00
5.091612724661719325e-01
-9.229598436363607022e-03
-2.097374416830372623e-01
1.629255977027518121e+00
1.243299563231235139e+00
-1.099534071843219163e+00
5.693474481833821210e-01
7.243681872531375354e-03
-2.926248218346724772e-01
-7.890664009051574501e-01
-1.475435758115524854e+00
4.326870754408471131e-01
6.705457264781635729e-01
-1.388771330193686385e-02
-2.838821043994332327e-01
-7.890664008163679188e-01
-1.475435755756874467e+00
4.326870806889114296e-01
6.705457264539347317e-01
-1.388771350244065450e-02
-2.838821046036035800e-01
3.191261578351912154e-01
-2.795157196867989580e+00
7.994324350702457505e-01
7.885077557097850409e-01
-1.769384557364489866e-02
-2.980748491464495498e-01
3.191261578351912154e-01
-2.795157196867989580e+00
7.994324350702457505e-01
8.215020999435372895e-01
-4.394931084079337080e-02
-2.868158564383863629e-01
-2.756269807044630649e-01
1.182928002721810312e+00
2.160764256576333420e+00
7.787652519641464766e-01
-4.039479000241944645e-02
-2.393420235106271388e-01
-2.756269807044630649e-01
1.182928002721810312e+00
2.160764256576333420e+00
8.203702457935203585e-01
-3.752084428380742659e-02
-2.522069389426942476e-01
-2.154391780030578962e-01
7.333273516119676039e-01
2.319069238736072069e+00
7.750303663690830680e-01
-7.149794877100335011e-02
-2.710500315402724625e-01
-2.154391780030578962e-01
7.333273516119676039e-01
2.319069238736072069e+00
8.172477885658809837e-01
-6.355593811189065578e-02
-2.787542417112022775e-01
0.000000000000000000e+00
0.000000000000000000e+00
0.000000000000000000e+00
0.000000000000000000e+00
0.000000000000000000e+00
0.000000000000000000e+00
-7.962432858283490233e-01
-1.429174073205028818e-09
4.287522935932107275e-09
0.000000000000000000e+00
-0.000000000000000000e+00
0.000000000000000000e+00
-7.962432927916425207e-01
4.427649355868972236e-01
-8.315500430349880290e-01
-0.000000000000000000e+00
0.000000000000000000e+00
0.000000000000000000e+00
-1.286390701693248761e+00
1.267230862311398143e+00
-3.925570961608608189e-01
-1.710112981787194342e-01
-1.471407829344666129e-01
8.540414432426918223e-02
-8.388378423947205897e-01
1.351360603191961829e+00
-5.085509001804194851e-02
-3.420225963574388128e-01
-2.942815656103267563e-01
1.708082887862351629e-01
-1.509638742108946552e+00
1.167767639122404999e+00
8.729454213205226631e-01
-5.734849946042446245e-01
-4.446043555050529505e-01
-5.789123224864495265e-03
-1.661728423046014980e+00
3.243730553082644907e-01
5.948949100793741174e-01
-6.846574886616718647e-01
-5.171939088921059247e-01
-1.009412033819147847e-01
-2.673315475568540212e+00
5.356054086350976462e-01
5.074997498319487876e-01
-6.692505010784496333e-01
-4.424632130699097110e-01
-9.865238727619701775e-02
-2.673315475568540212e+00
5.356054086350972021e-01
5.074997498319484546e-01
-6.692505010860488879e-01
-4.424632136280173267e-01
-9.865238672721013402e-02
-2.751030636681846442e+00
2.496635250261056149e-01
6.844148279324979711e-02
-6.749204101201539130e-01
-4.205385400937696749e-01
-1.516581848627741036e-01
-2.751030636681846442e+00
2.496635250261056149e-01
6.844148279324979711e-02
-6.703128589368113621e-01
-3.873094761309746614e-01
-8.767024882673754571e-02
-2.560467993590204827e+00
1.297436846730175120e+00
1.042636859355988932e+00
-6.319420902656232020e-01
-2.684715857017834217e-01
-8.575327684042821641e-02
-2.560467993590204827e+00
1.297436846730175120e+00
1.042636859355988932e+00
-6.529364381152598096e-01
-2.598795337343265399e-01
-1.480021796530354428e-01
-2.648612521361084049e+00
8.395511441758071181e-01
9.561971790331289522e-01
-6.331402177212178684e-01
-3.551325158845365371e-01
-6.042885526589963918e-04
-2.648612521361084049e+00
8.395511441758071181e-01
9.561971790331289522e-01
-6.471991150359827083e-01
-3.351652358583402380e-01
-5.707812620933391812e-02
0.000000000000000000e+00
0.000000000000000000e+00
0.000000000000000000e+00
0.000000000000000000e+00
0.000000000000000000e+00
0.000000000000000000e+00
-7.960996228906522809e-01
-1.428916213139530034e-09
4.286749355606368087e-09
0.000000000000000000e+00
-0.000000000000000000e+00
0.000000000000000000e+00
-7.960996298537822424e-01
4.427602955810317487e-01
-8.315283308462557699e-01
-0.000000000000000000e+00
0.000000000000000000e+00
0.000000000000000000e+00
-1.286348239203920718e+00
1.267390579275902596e+00
-3.924410074979799434e-01
-1.710072880931142458e-01
-1.471274592726409536e-01
8.538090497209235852e-02
-8.388017764078237182e-01
1.351520561150962862e+00
-5.074837989363920748e-02
-3.420145761862284917e-01
-2.942549182867229551e-01
1.707618100818584228e-01
-1.509564813771571146e+00
1.167929106740291934e+00
8.730150958065843181e-01
-5.735088041378237911e-01
-4.445601413194449902e-01
-5.851310611537541284e-03
-1.661677230963799934e+00
3.244054722945290958e-01
5.949188918087172651e-01
-6.846968103854845777e-01
-5.171405739420694703e-01
-1.010119813767569041e-01
-2.673310141032386955e+00
5.356463682599112985e-01
5.075219442068611420e-01
-6.692891588072017450e-01
-4.424082318671006542e-01
-9.872769842245657235e-02
-2.673310141032387399e+00
5.356463682599108544e-01
5.075219442068606979e-01
-6.692891588148047743e-01
-4.424082324252078813e-01
-9.872769787346979964e-02
-2.751176682576366606e+00
2.491498634472862073e-01
6.761193771699114397e-02
-6.749597553361351698e-01
-4.204815219101643575e-01
-1.517386589728763058e-01
-2.751176682576366606e+00
2.491498634472862073e-01
6.761193771699114397e-02
-6.703793959579942285e-01
-3.872752321550982368e-01
-8.772577150007593305e-02
-2.607792362723544421e+00
9.779543778380475061e-01
8.182146956512703628e-01
-6.319785031348408300e-01
-2.684149979688627008e-01
-8.583345727131105884e-02
-2.607792362723544421e+00
9.779543778380475061e-01
8.182146956512703628e-01
-6.469113081236194107e-01
-2.679222088160173598e-01
-1.340158968225505787e-01
-2.648517081671446061e+00
8.406930242708998691e-01
9.578449197206991839e-01
-6.331772468714699231e-01
-3.550758737850465696e-01
-6.844896122532029281e-04
-2.648517081671446061e+00
8.406930242708998691e-01
9.578449197206991839e-01
-6.472613371818861649e-01
-3.350428626486342543e-01
-5.721093284927733502e-02
