-2.221441471072811424e+00
nan
-2.221441467085554233e+00
2.610459999999999864e-02
2.799937000000000120e-01
-1.333499999999999686e-01
1.491270391476960722e+00
-9.980224588082652337e-01
-1.491270397715641849e+00
8.860460000000003333e-02
2.799937001121810543e-01
-1.333500001121810108e-01
-1.501969789073855699e+00
-2.478969328368183511e+00
-4.912023412525360899e-01
2.073546000000000833e-01
2.799937003253250012e-01
-1.333500007516129071e-01
-1.248167810998221716e+00
7.597949454482210152e-01
-9.486513589044369699e-01
2.564629744098195774e-02
1.922589269548888313e-01
-1.695398104051404620e-01
-2.932448831587824323e+00
7.919894564222388356e-01
-2.316700532596919770e-01
-1.560620051180361678e-01
1.045241534441431058e-01
-2.057296197185162490e-01
6.751863717341642923e-01
1.803126957429208366e+00
2.168091831858833807e+00
-2.600329371016609215e-01
-7.447074788661563194e-02
-2.216707802800457205e-01
-9.687406678848058464e-03
2.952734402949929171e-01
-2.253051892248480570e+00
-3.110940227431274185e-01
-1.637572750770113772e-01
-2.352628402929191898e-01
2.330144027704786347e-01
-1.483618930345858455e+00
-1.392247689686826995e+00
-2.326120339152472904e-01
-2.278347229571571209e-01
-2.575948935524766670e-01
2.330144022582080476e-01
-1.483618932708567151e+00
-1.392247684265808028e+00
-2.326120337888031298e-01
-2.278347227491716587e-01
-2.575948937048848641e-01
-1.400493809660801281e+00
-2.050465750943320842e+00
-1.710517415152518428e+00
-1.295143422672797584e-01
-2.870089635523627725e-01
-2.580809116662583502e-01
-1.400493809660801281e+00
-2.050465750943320842e+00
-1.710517415152518428e+00
-1.409437302761341881e-01
-2.981743196491918324e-01
-2.986942719998241791e-01
8.688954778133203272e-01
2.490251640000300248e-02
-9.616587941287488839e-01
-1.688340369365023685e-01
-3.231813524208114186e-01
-2.927985434839506240e-01
8.688954778133203272e-01
2.490251640000300248e-02
-9.616587941287488839e-01
-2.096392030670565787e-01
-3.156291608968072038e-01
-3.063131261579598585e-01
7.928481772672731909e-01
-9.036899878790111140e-01
4.463059798572108772e-01
-1.491793276954704317e-01
-2.909036204626365141e-01
-3.164331379015983825e-01
7.928481772672731909e-01
-9.036899878790111140e-01
4.463059798572108772e-01
-1.396363884178949688e-01
-3.145076169022373302e-01
-3.518806312774891421e-01
-2.221441471072811424e+00
nan
-2.221441467085554233e+00
2.610459999999999864e-02
2.799937000000000120e-01
1.333500000000000241e-01
1.489635569261016590e+00
-9.994353468882761771e-01
-1.489635575488358343e+00
8.860460000000003333e-02
2.799937001121810543e-01
1.333499998878189818e-01
-1.503122245170527060e+00
-2.480173418511813388e+00
-4.884479317730132109e-01
2.073546000000000833e-01
2.799937003253250012e-01
1.333499992483870855e-01
-1.247244457027040454e+00
7.625171764050376888e-01
-9.449907090228448769e-01
2.562262958598207629e-02
1.922170425457254417e-01
9.738127285334260974e-02
-2.929844529214697069e+00
7.937938661102275084e-01
-2.261368713239014505e-01
-1.561093408280360140e-01
1.044403846266067915e-01
6.141254679877487799e-02
6.756808900887771863e-01
1.800148838847597244e+00
2.168204300233727011e+00
-2.603452047080040410e-01
-7.437182048955762181e-02
4.515431864526500694e-02
-7.436756672417351062e-03
2.961922020817147061e-01
-2.252929447804957963e+00
-3.115542304878246571e-01
-1.635489998981823345e-01
3.140190607860458838e-02
2.332516034370420432e-01
-1.483660023153454910e+00
-1.392028457394237639e+00
-2.330537264497414551e-01
-2.276076525185829480e-01
9.081010258191423573e-03
2.332516029247755363e-01
-1.483660025516402969e+00
-1.392028451973304159e+00
-2.330537263233320444e-01
-2.276076523105713956e-01
9.081010105789950188e-03
-1.408119759516010649e+00
-2.039949163290284417e+00
-1.706555747853716776e+00
-1.299412062994796391e-01
-2.867561617211958347e-01
8.608745358077155713e-03
-1.408119759516010649e+00
-2.039949163290284417e+00
-1.706555747853716776e+00
-1.417451541713406482e-01
-2.977025643499773278e-01
-3.195705561684498985e-02
6.097316417064261307e-01
-5.837333956586308048e-01
5.279130915461260898e-01
-1.692479546501306498e-01
-3.229396226374889878e-01
-2.611200858790855769e-02
6.097316417064261307e-01
-5.837333956586308048e-01
5.279130915461260898e-01
-1.648936131162676288e-01
-3.551193306962605045e-01
-5.527100760482804576e-02
7.927895820613823918e-01
-9.038246889016849916e-01
4.468541948142341624e-01
-1.495986440684749785e-01
-2.906578367308099153e-01
-4.974555511273159869e-02
7.927895820613823918e-01
-9.038246889016849916e-01
4.468541948142341624e-01
-1.400349042622299200e-01
-3.142652576113127982e-01
-8.518516127447163522e-02
0.000000000000000000e+00
0.000000000000000000e+00
0.000000000000000000e+00
0.000000000000000000e+00
0.000000000000000000e+00
0.000000000000000000e+00
-6.601267212256087813e-01
-1.184858964335262173e-09
3.554577486869514425e-09
0.000000000000000000e+00
-0.000000000000000000e+00
0.000000000000000000e+00
-6.601267265909734894e-01
2.743592143166864727e-01
-6.651276345743825091e-01
0.000000000000000000e+00
0.000000000000000000e+00
0.000000000000000000e+00
6.547337968949209497e-01
9.092173281267990070e-01
-4.032543412327933008e-01
-6.828383002461002604e-02
9.696935288107236262e-02
1.077694158781378198e-01
7.382472803180999410e-01
9.346920322515728241e-01
-8.843320495896552780e-01
-1.365676600492199966e-01
1.939387059866879426e-01
2.155388318488976884e-01
-3.973582982082507487e-01
-1.051052632023960598e+00
-1.186621336634292145e+00
-3.097586637708525381e-01
2.976520517951767308e-01
1.805771344615227647e-01
-3.192837984447198241e-01
-1.204491414800314519e+00
-4.719800343394193187e-01
-4.014219915577956765e-01
3.528413076531919379e-01
1.623879885013589097e-01
-2.782533237673957771e+00
8.066545815140593323e-01
2.289376925198133295e-01
-4.047665011826488413e-01
3.086691130794017579e-01
2.773777612148112803e-01
-2.782533237673957771e+00
8.066545815140593323e-01
2.289376925198129409e-01
-4.047665013532052436e-01
3.086691126842687760e-01
2.773777605340880248e-01
-4.568870392643339606e+00
-2.557129893981731517e+00
1.656413564610101918e+00
-3.916113358223511365e-01
3.309196991536975108e-01
3.588678271737297809e-01
-4.568870392643339606e+00
-2.557129893981731517e+00
1.656413564610101918e+00
-2.692632507258482244e-01
1.264307262468547521e-01
3.806544623204937694e-01
-4.492830935286223237e+00
-2.453004896268533130e+00
3.571357513695293306e+00
-4.113352493469388804e-01
2.253149745194863163e-01
4.912361133349179010e-01
-4.492830935286223237e+00
-2.453004896268533130e+00
3.571357513695293306e+00
-4.051554878206865551e-01
1.886640274627496283e-02
3.572101213153650034e-01
-2.260908629344811072e+00
1.574882784256309121e+00
-1.421865407187041797e-01
-4.377897926904384951e-01
1.640506337742278775e-01
3.855676900669601226e-01
-2.260908629344811072e+00
1.574882784256309121e+00
-1.421865407187041797e-01
-4.969716103540519070e-01
8.255021258786637839e-02
4.239051585248208576e-01
0.000000000000000000e+00
0.000000000000000000e+00
0.000000000000000000e+00
0.000000000000000000e+00
0.000000000000000000e+00
0.000000000000000000e+00
-6.618219581864983603e-01
-1.187901738768106279e-09
3.563705811693117159e-09
0.000000000000000000e+00
-0.000000000000000000e+00
0.000000000000000000e+00
-6.618219635060925699e-01
2.704535246614999111e-01
-6.600040609755183363e-01
0.000000000000000000e+00
0.000000000000000000e+00
0.000000000000000000e+00
6.600401110426645790e-01
9.089137519379042462e-01
-3.983786863479875651e-01
-6.766081942451900033e-02
9.613894535475284164e-02
1.072425719438474256e-01
7.434642078375254259e-01
9.363261633978126053e-01
-8.867750544805346191e-01
-1.353216388490379729e-01
1.922778909348406284e-01
2.144851439800316006e-01
-3.961124815283925127e-01
-1.048172337206684457e+00
-1.192813463625291392e+00
-3.091108461733312884e-01
2.967990655208156969e-01
1.791434360668484604e-01
-3.183278141827063923e-01
-1.203986728011529950e+00
-4.720809421202414868e-01
-4.010676879978400944e-01
3.524343786613382545e-01
1.607917456603895900e-01
-2.782755730933933691e+00
8.070568164700462344e-01
2.286564480531663168e-01
-4.044344947527266365e-01
3.082704247810141296e-01
2.756969615325986500e-01
-2.782755730933932803e+00
8.070568164700465674e-01
2.286564480531660393e-01
-4.044344949232863140e-01
3.082704243858225279e-01
2.756969608517338410e-01
-4.544735912465170280e+00
-2.512513343660353726e+00
1.637125463040554507e+00
-3.912909513376338633e-01
3.305335695310715471e-01
3.570751522416943380e-01
-4.544735912465170280e+00
-2.512513343660353726e+00
1.637125463040554507e+00
-2.714482006195995112e-01
1.268481733970014125e-01
3.771660848450988923e-01
-2.438868192552809511e+00
1.462702014467567313e+00
-4.435568628005878145e-01
-4.110389908313307750e-01
2.249264510431535635e-01
4.894876646611985294e-01
-2.438868192552809511e+00
1.462702014467567313e+00
-4.435568628005878145e-01
-4.679634477856241537e-01
1.518800977437874122e-01
5.616006269581103050e-01
-2.261281179160681276e+00
1.575401860547016808e+00
-1.424367816011168353e-01
-4.374940441537850666e-01
1.636530055732033362e-01
3.837972298807431071e-01
-2.261281179160681276e+00
1.575401860547016808e+00
-1.424367816011168353e-01
-4.966882306901657107e-01
8.215186284472170142e-02
4.221135129218031024e-01
