-2.221441471072811424e+00
nan
-2.221441467085554233e+00
2.610459999999999864e-02
2.799937000000000120e-01
-1.333499999999999686e-01
1.579747321810707872e+00
-9.178258964082876004e-01
-1.579747328669753870e+00
8.860460000000003333e-02
2.799937001121810543e-01
-1.333500001121810108e-01
-8.382795488736771716e-01
-2.777758931585626367e+00
-7.361778718220202133e-01
2.073546000000000833e-01
2.799937003253250012e-01
-1.333500007516129071e-01
-1.219943126942139688e+00
1.286223373174880981e-02
-1.133007222194930996e+00
9.395162405601499567e-02
1.316325939706535220e-01
-2.179298279461975019e-01
-2.850533510398726378e+00
5.224206020101290759e-01
-1.131053825701243687e+00
-1.945135188797009196e-02
-1.672851256625254579e-02
-3.025096548211251846e-01
-7.805609682511100988e-01
-1.784719003974423623e+00
-2.253103495390411215e+00
-8.857386011040779827e-02
-2.111702233661756911e-01
-3.252637744094128980e-01
-2.268174862937284986e-01
5.817702839461748043e-01
-1.814501957300508339e+00
-1.193384241724519956e-01
-3.090210293199396330e-01
-3.408465813539660605e-01
1.225634530483503015e+00
-6.684604990964754245e-01
-2.331683215842085932e+00
-3.210646636443641178e-02
-3.316261163178274574e-01
-3.922630969768524656e-01
1.225634529867151157e+00
-6.684605052272153403e-01
-2.331683212705628616e+00
-3.210646621432246273e-02
-3.316261161555836834e-01
-3.922630967935028523e-01
-6.834727914551963490e-01
1.840143586815631005e-01
-1.039499354605182280e+00
7.015476963844602398e-02
-3.799487849095636305e-01
-4.288488906419025692e-01
-6.834727914551963490e-01
1.840143586815631005e-01
-1.039499354605182280e+00
3.118347521951426310e-02
-3.708937248053721936e-01
-4.114137186487039077e-01
1.780490932112152480e+00
1.932301560886123148e+00
-1.463902377276609545e+00
4.885060756974660134e-02
-3.475222753997498359e-01
-4.793904401227064849e-01
1.780490932112152480e+00
1.932301560886123148e+00
-1.463902377276609545e+00
2.642975210642177150e-02
-3.584461914512533931e-01
-4.435754373584681054e-01
1.394758466734762337e+00
-1.950289518014883150e+00
2.609263809830360964e-02
7.217044712538012163e-02
-3.223690649666903774e-01
-4.509254666112180177e-01
1.394758466734762337e+00
-1.950289518014883150e+00
2.609263809830360964e-02
1.056990993255214062e-01
-3.172178317156034710e-01
-4.783851716760008643e-01
-2.221441471072811424e+00
nan
-2.221441467085554233e+00
2.610459999999999864e-02
2.799937000000000120e-01
1.333500000000000241e-01
1.579370454083830477e+00
-9.181835864830102389e-01
-1.579370460940205056e+00
8.860460000000003333e-02
2.799937001121810543e-01
1.333499998878189818e-01
-8.399708898587431305e-01
-2.777339428173046354e+00
-7.352554987902680805e-01
2.073546000000000833e-01
2.799937003253250012e-01
1.333499992483870855e-01
-1.220561391613396829e+00
1.517514157189786723e-02
-1.131430656597973927e+00
9.374683616683592013e-02
1.317047766560159039e-01
4.891854116654521800e-02
-2.852288791237808319e+00
5.211656286964042595e-01
-1.127448718542038542e+00
-1.986092766632824302e-02
-1.658414719535328263e-02
-3.551291659554030311e-02
-7.801092935982353316e-01
-1.785761531623439646e+00
-2.252227473195000940e+00
-8.885970274382268275e-02
-2.110902740923951415e-01
-5.809134960842232687e-02
-2.275112241010190661e-01
5.809005727908364003e-01
-1.814413421717471886e+00
-1.195724924045218351e-01
-3.089697670469581658e-01
-7.359592668150952144e-02
1.225865151134662767e+00
-6.686710306003579296e-01
-2.331618567506187123e+00
-3.233165022339774819e-02
-3.315860563516312420e-01
-1.249924383687392865e-01
1.225865150517747360e+00
-6.686710367313813963e-01
-2.331618564369821289e+00
-3.233165007330811302e-02
-3.315860561893890779e-01
-1.249924381853683153e-01
-6.843286415839355818e-01
1.818802603136433216e-01
-1.045393529717092429e+00
6.993299972811874154e-02
-3.799203190604554248e-01
-1.615533656744544411e-01
-6.843286415839355818e-01
1.818802603136433216e-01
-1.045393529717092429e+00
3.095665955828798971e-02
-3.706316782557903533e-01
-1.442528690463933672e-01
1.337386877475547964e+00
-1.665235140388335866e+00
3.393462626321118725e-01
4.864250092725778962e-02
-3.474951707430296022e-01
-2.121015454810852296e-01
1.337386877475547964e+00
-1.665235140388335866e+00
3.393462626321118725e-01
7.914829263819633809e-02
-3.456400832618840013e-01
-2.432575472646281989e-01
1.394384255650971571e+00
-1.950721806341262576e+00
2.640452069006573449e-02
7.195855961471979423e-02
-3.223422145862422372e-01
-1.836332502588988447e-01
1.394384255650971571e+00
-1.950721806341262576e+00
2.640452069006573449e-02
1.054980624470928663e-01
-3.172077598491678252e-01
-2.110828449539061957e-01
0.000000000000000000e+00
0.000000000000000000e+00
0.000000000000000000e+00
0.000000000000000000e+00
0.000000000000000000e+00
0.000000000000000000e+00
1.304397832157748460e-01
2.341258753504363335e-10
-7.023777433976508506e-10
0.000000000000000000e+00
-0.000000000000000000e+00
0.000000000000000000e+00
1.304397734932877251e-01
6.540843721346293327e-01
-1.147326534470861414e+00
0.000000000000000000e+00
0.000000000000000000e+00
0.000000000000000000e+00
6.850631134998007576e-01
1.379678491244916927e+00
-7.336694351923029878e-01
-2.255409771699934673e-01
1.411428168898579416e-01
5.482292521040305067e-02
-2.384234499974082211e-01
1.508954193712484182e+00
2.777613152956801001e-01
-4.510819543399868792e-01
2.822856337380198477e-01
1.096458503970355325e-01
-6.916838909154878756e-01
6.729880859647455194e-02
4.817672140430900862e-02
-4.314084931768402131e-01
2.576609592437257845e-01
2.603080125715244719e-01
-1.037433259400210472e+00
2.846347116152044832e-01
-6.339638494689628923e-01
-4.277430665011758837e-01
2.454004468729902855e-01
3.300602572712058591e-01
-2.748455626238807348e+00
7.280250754315964468e-01
3.745519526666585275e-01
-4.567087995685162882e-01
1.367573357146536495e-01
3.286822832001357608e-01
-2.748455626238807348e+00
7.280250754315968909e-01
3.745519526666589716e-01
-4.567087994958018426e-01
1.367573362748074339e-01
3.286822826449292134e-01
-4.744103891710443222e+00
-1.193716813534118515e+00
-3.088075650006205208e+00
-4.652448248821405286e-01
7.450505090252027007e-02
3.870462495112393375e-01
-4.744103891710443222e+00
-1.193716813534118515e+00
-3.088075650006205208e+00
-4.580947722201846872e-01
2.775656235524209814e-01
2.975674142382052634e-01
-4.172155508078065012e+00
-1.318760014504090972e+00
-1.140999452678920667e+00
-5.141857527103972370e-01
-7.238567062958040088e-02
3.134333912067778227e-01
-4.172155508078065012e+00
-1.318760014504090972e+00
-1.140999452678920667e+00
-5.738813285111044049e-01
1.026222742373145980e-01
3.294419400548322940e-01
-2.208763640848312448e+00
1.137210356416468171e+00
1.110282859133553846e+00
-5.028837223060753647e-01
1.458353741024435990e-02
2.273234805225238797e-01
-2.208763640848312448e+00
1.137210356416468171e+00
1.110282859133553846e+00
-5.398305092719687392e-01
-8.842172897598768455e-03
1.778164932933078979e-01
0.000000000000000000e+00
0.000000000000000000e+00
0.000000000000000000e+00
0.000000000000000000e+00
0.000000000000000000e+00
0.000000000000000000e+00
1.256557140324415789e-01
2.255389676013479320e-10
-6.766170158465374929e-10
0.000000000000000000e+00
-0.000000000000000000e+00
0.000000000000000000e+00
1.256557043002700380e-01
6.540552644323602838e-01
-1.148732383692085524e+00
0.000000000000000000e+00
0.000000000000000000e+00
0.000000000000000000e+00
6.841519780979310461e-01
1.383044275588994676e+00
-7.336669606926753406e-01
-2.255671284039080238e-01
1.411142116843707439e-01
5.567240687187334502e-02
-2.318103497088854770e-01
1.510755698308599237e+00
2.745146357378158708e-01
-4.511342568078160475e-01
2.822284233285622945e-01
1.113448137208697675e-01
-6.852319710973593381e-01
6.573299322589265525e-02
4.561616858171568811e-02
-4.318499745669917567e-01
2.580533352692134796e-01
2.606736396420319402e-01
-1.031124664793053647e+00
2.823710023358768639e-01
-6.368332163917161948e-01
-4.284042493753993930e-01
2.460281035696138818e-01
3.297626411240123789e-01
-2.748375860353475808e+00
7.275506788229395561e-01
3.748571637044157967e-01
-4.573199381578306744e-01
1.374740265576595566e-01
3.284485708008462179e-01
-2.748375860353475808e+00
7.275506788229398891e-01
3.748571637044163518e-01
-4.573199380852365770e-01
1.374740271178940820e-01
3.284485702457459744e-01
-4.732738921741923122e+00
-1.183907368550430439e+00
-3.069457977471012011e+00
-4.658014210087258467e-01
7.532549314654424233e-02
3.868865761659453506e-01
-4.732738921741923122e+00
-1.183907368550430439e+00
-3.069457977471012011e+00
-4.577725138285273498e-01
2.768404651705445030e-01
2.967814879734360645e-01
-2.260475158294960707e+00
1.429039623990554064e+00
8.943436069716464987e-01
-5.147325826712692010e-01
-7.158080001314963414e-02
3.132599981169969516e-01
-2.260475158294960707e+00
1.429039623990554064e+00
8.943436069716464987e-01
-5.609148293742081126e-01
-1.147255082843554874e-01
2.654726338332695779e-01
-2.208803321882586879e+00
1.136735073359498083e+00
1.110676167941077486e+00
-5.034492209611505231e-01
1.540096698927113927e-02
2.271666062736146241e-01
-2.208803321882586879e+00
1.136735073359498083e+00
1.110676167941077486e+00
-5.403548545123088021e-01
-7.978262476882658216e-03
1.777000763817103146e-01
