-2.221441471072811424e+00
nan
-2.221441467085554233e+00
2.610459999999999864e-02
2.799937000000000120e-01
-1.333499999999999686e-01
1.475639787474021913e+00
-1.011432756175394410e+00
-1.475639793604466732e+00
8.860460000000003333e-02
2.799937001121810543e-01
-1.333500001121810108e-01
-4.717599356766986607e-01
2.996476513740077952e+00
5.592862451726953177e-01
2.073546000000000555e-01
2.799937003253250012e-01
-1.333500007516129071e-01
-5.531461292254414852e-01
-1.230983397968991477e+00
-1.404863230715835076e+00
2.703429906361011215e-01
9.804530556310092626e-02
-2.037221848055687512e-01
-1.042565438043352444e+00
7.850876079047313105e-01
-1.272942653316051054e+00
3.333313812722021874e-01
-8.390308933185475215e-02
-2.740943685163448884e-01
-5.772763591155829488e-01
7.932187999886446475e-03
3.018517080682105114e+00
3.992554313212182127e-01
-8.964215010380800763e-02
-4.708793598306996731e-01
1.287415772488146315e+00
1.142705212071530418e+00
-1.218180970304817867e+00
4.374753252358907218e-01
-9.149876903688956842e-02
-5.673151165565557541e-01
-1.072813029464069645e+00
-1.326048363170222677e+00
9.309449322495565449e-01
5.408481983146635752e-01
-9.859189570576649964e-02
-5.620426251626130520e-01
-1.072813029413447916e+00
-1.326048359513513963e+00
9.309449369694947629e-01
5.408481982997714876e-01
-9.859189598148335176e-02
-5.620426252415610113e-01
3.702864269152623677e-01
-2.398456661231429088e+00
1.430727256791854973e+00
6.570431436338369791e-01
-1.006177055680285148e-01
-5.870544576313041496e-01
3.702864269152623677e-01
-2.398456661231429088e+00
1.430727256791854973e+00
6.932238440877132035e-01
-1.159644006004604405e-01
-5.680761281247745931e-01
-2.886199516805991738e-01
1.904329164381208805e+00
2.067946513138545050e+00
6.544551630632747807e-01
-9.242819466605267653e-02
-5.239194567830202098e-01
-2.886199516805991738e-01
1.904329164381208805e+00
2.067946513138545050e+00
6.903660010988168505e-01
-9.237527469379046285e-02
-5.487216751449248697e-01
-3.469973716069033043e-01
1.396953756805866087e+00
2.232181261539006645e+00
6.521657490796860523e-01
-1.352147220815152207e-01
-5.362005513733905104e-01
-3.469973716069033043e-01
1.396953756805866087e+00
2.232181261539006645e+00
6.919376564570350885e-01
-1.285863624103039393e-01
-5.529038850600122013e-01
-2.221441471072811424e+00
nan
-2.221441467085554233e+00
2.610459999999999864e-02
2.799937000000000120e-01
1.333500000000000241e-01
1.475682619579828048e+00
-1.011396307056622312e+00
-1.475682625710569074e+00
8.860460000000003333e-02
2.799937001121810543e-01
1.333499998878189818e-01
-4.717611835349153626e-01
2.996449474430063820e+00
5.593752815224090069e-01
2.073546000000000833e-01
2.799937003253250012e-01
1.333499992483870855e-01
-5.531574405366223024e-01
-1.230894180863376430e+00
-1.404807874784381516e+00
2.703436900863290804e-01
9.804978685734250243e-02
6.296685579733304894e-02
-1.042642007868298970e+00
7.851274108582921851e-01
-1.272898222911257760e+00
3.333327801726581052e-01
-8.389412674339244425e-02
-7.416287310549343759e-03
-5.771551870151873098e-01
7.949087091895306115e-03
3.018542526421762240e+00
3.992409623179521416e-01
-8.963506776650519148e-02
-2.042065389046563983e-01
1.287396541791888005e+00
1.142710631678050204e+00
-1.218202198498618882e+00
4.374530601533662688e-01
-9.149248508838365990e-02
-3.006453696727092728e-01
-1.072799036264664219e+00
-1.326033716311719735e+00
9.309519187991667222e-01
5.408260418436601213e-01
-9.858554359279583790e-02
-2.953749164178969266e-01
-1.072799036214005408e+00
-1.326033712655033669e+00
9.309519235191040520e-01
5.408260418287667015e-01
-9.858554386851249574e-02
-2.953749164968453300e-01
3.700278987823291121e-01
-2.398566328342149223e+00
1.430816331486750359e+00
6.570205000062449008e-01
-1.006111973875941645e-01
-3.203890245525590208e-01
3.700278987823291121e-01
-2.398566328342149223e+00
1.430816331486750359e+00
6.931959779481325912e-01
-1.159611008404916321e-01
-3.014033356192406532e-01
-4.259406143364064534e-01
1.818087264895064115e+00
1.963776239703879378e+00
6.544337466323318919e-01
-9.242185065880283157e-02
-2.572539521165652099e-01
-4.259406143364064534e-01
1.818087264895064115e+00
1.963776239703879378e+00
6.938020682552189511e-01
-9.315449923994306713e-02
-2.760778625302778844e-01
-3.467900820482879287e-01
1.397100954123223771e+00
2.232431834870447940e+00
6.521441264900263990e-01
-1.352083483463561164e-01
-2.695351118434373694e-01
-3.467900820482879287e-01
1.397100954123223771e+00
2.232431834870447940e+00
6.919103711031019399e-01
-1.285744326647229041e-01
-2.862497185307639191e-01
0.000000000000000000e+00
0.000000000000000000e+00
0.000000000000000000e+00
0.000000000000000000e+00
0.000000000000000000e+00
0.000000000000000000e+00
-4.679503423154453556e-01
-8.399223060184472710e-10
2.519767339033202483e-09
0.000000000000000000e+00
-0.000000000000000000e+00
0.000000000000000000e+00
-4.679503487240538884e-01
3.097016923701562674e-01
-8.007386287436870642e-01
-0.000000000000000000e+00
0.000000000000000000e+00
0.000000000000000000e+00
-7.969843922621682175e-01
1.260150108069868491e+00
-4.331336792422031401e-01
-1.674874926213125170e-01
-8.336792561324515849e-02
6.563520359909164048e-02
-1.015273887222953419e+00
1.217725808147833710e+00
-5.188304769636621350e-01
-3.349749852426249785e-01
-1.667358510658992210e-01
1.312704072602949856e-01
-1.454331369152041420e+00
1.239054031493522112e+00
5.889915544241850487e-01
-5.775827474598977940e-01
-4.007299204750665589e-01
5.681970867692853755e-02
-1.506927686762427054e+00
4.680713529038766918e-01
5.829895846469532739e-01
-6.959783277398292611e-01
-5.184682718626636433e-01
1.216333419364099000e-02
-2.672532011786539652e+00
5.480515168918677071e-01
5.235384096097988049e-01
-6.893752065893558045e-01
-4.502577002629589709e-01
-2.553371739885736125e-02
-2.672532011786539208e+00
5.480515168918670410e-01
5.235384096097986939e-01
-6.893752064882751052e-01
-4.502577004817465145e-01
-2.553371665383369349e-02
-2.622017340475734315e+00
8.640489021045516527e-01
6.827652430169772746e-01
-7.020223900406067363e-01
-4.562701063318805317e-01
-8.380049172950965186e-02
-2.622017340475734315e+00
8.640489021045516527e-01
6.827652430169772746e-01
-6.751459953033854822e-01
-3.818056725345823632e-01
-7.482308574002571877e-02
-2.617703143700229607e+00
1.407481885392634302e+00
6.047582264579559608e-01
-6.717086805698381236e-01
-2.888947027326843053e-01
-1.042688750985319573e-01
-2.617703143700229607e+00
1.407481885392634302e+00
6.047582264579559608e-01
-7.066493574203410732e-01
-3.321021729883883444e-01
-1.549512579005815627e-01
-2.697501821932034360e+00
-3.078530928718664628e-02
2.343844154545975389e-01
-6.560389625733655805e-01
-3.229149173211340318e-01
1.133420589897343733e-02
-2.697501821932034360e+00
-3.078530928718664628e-02
2.343844154545975389e-01
-6.570783294866555657e-01
-3.586502751109804654e-01
-5.321415920986699577e-03
0.000000000000000000e+00
0.000000000000000000e+00
0.000000000000000000e+00
0.000000000000000000e+00
0.000000000000000000e+00
0.000000000000000000e+00
-4.673212212173993296e-01
-8.387930989303168236e-10
2.516379717202840724e-09
0.000000000000000000e+00
-0.000000000000000000e+00
0.000000000000000000e+00
-4.673212276261148324e-01
3.097561297084764353e-01
-8.007349498140937660e-01
-0.000000000000000000e+00
0.000000000000000000e+00
0.000000000000000000e+00
-7.966691955107308987e-01
1.261077352657555828e+00
-4.327260593198294369e-01
-1.674904605318796869e-01
-8.332910289084351219e-02
6.551499624195744609e-02
-1.015798963602201788e+00
1.218484951636385372e+00
-5.187318327507188798e-01
-3.349809210637593182e-01
-1.666582056213155860e-01
1.310299925459528780e-01
-1.454697462372842143e+00
1.239818972021089927e+00
5.889503005255809498e-01
-5.777448901185497920e-01
-4.007462113551223948e-01
5.655350635358152855e-02
-1.507331436746034203e+00
4.682858354803289269e-01
5.829548377292919081e-01
-6.962176556543911987e-01
-5.185305072437329521e-01
1.187940276121311062e-02
-2.672516799816834432e+00
5.482363992648985329e-01
5.235480673342425284e-01
-6.896146442791577513e-01
-4.503244075999957019e-01
-2.583711026933960264e-02
-2.672516799816833988e+00
5.482363992648978668e-01
5.235480673342425284e-01
-6.896146441780892644e-01
-4.503244078187840227e-01
-2.583710952431717001e-02
-2.622206074966479949e+00
8.629397909869795935e-01
6.821228850689585732e-01
-7.022677617243727743e-01
-4.563416478163442314e-01
-8.412554782971959355e-02
-2.622206074966479949e+00
8.629397909869795935e-01
6.821228850689585732e-01
-6.754137348556907838e-01
-3.818811375755041260e-01
-7.509219711940964825e-02
-2.714331007090725389e+00
-1.071810645690305930e-01
4.616074577687196978e-01
-6.719423335973238043e-01
-2.889663958030805890e-01
-1.045935621864392262e-01
-2.714331007090725389e+00
-1.071810645690305930e-01
4.616074577687196978e-01
-6.695865707908520426e-01
-3.218880086527566298e-01
-9.838537280351225545e-02
-2.697960110477606310e+00
-4.145349691259205688e-02
2.289711109534162681e-01
-6.562745242124616851e-01
-3.229867276948141241e-01
1.100932479137303743e-02
-2.697960110477606310e+00
-4.145349691259205688e-02
2.289711109534162681e-01
-6.571006203593482420e-01
-3.589767485920420942e-01
-5.240265195651683250e-03
