-2.221441471072811424e+00
nan
-2.221441467085554233e+00
2.610459999999999864e-02
2.799937000000000120e-01
-1.333499999999999686e-01
1.338967387692471034e+00
-1.119803871934093475e+00
-1.338967392892462582e+00
8.860460000000003333e-02
2.799937001121810543e-01
-1.333500001121810108e-01
-1.731922360763107127e+00
-2.488688780933027811e+00
-2.218302167310922113e-01
2.073546000000000833e-01
2.799937003253250012e-01
-1.333500007516129071e-01
-1.181731794276701830e+00
1.025085410838711075e+00
-8.071790433712681123e-01
1.512528843967769765e-02
2.098923126873898370e-01
-1.459471126539692298e-01
-2.679883348354475281e+00
1.226130589295161055e+00
1.524210827766618315e-01
-1.771040231206446880e-01
1.397909249843763413e-01
-1.585442241941725505e-01
6.550359054455443530e-01
1.582729283902648776e+00
1.733258354119206590e+00
-3.339919831772312220e-01
4.726022763616138933e-03
-1.742569635282105733e-01
1.826833644141240554e-01
-6.203065833550153868e-02
-2.240038860833908796e+00
-4.125929451819927429e-01
-6.164736066528399283e-02
-1.876929318270064706e-01
-3.760063945028636057e-01
-1.685459430150766602e+00
-6.894990633276050218e-01
-3.324357572980775610e-01
-1.265571243279805524e-01
-1.764853312008416164e-01
-3.760063949102204206e-01
-1.685459430142472348e+00
-6.894990575783097597e-01
-3.324357572314125542e-01
-1.265571242935192298e-01
-1.764853314780464588e-01
1.736548605395428491e-01
2.854151215890542215e+00
4.993415194977312566e-01
-2.247091560336483274e-01
-1.738037525093022173e-01
-1.593477557516649323e-01
1.736548605395428491e-01
2.854151215890542215e+00
4.993415194977312566e-01
-2.036968557963253490e-01
-2.113510754504114297e-01
-1.666568530490508404e-01
-7.911671883511840753e-02
-9.939210700122280695e-02
9.537437899623849580e-01
-2.650896595675505951e-01
-2.220059356629818514e-01
-1.490638587311947372e-01
-7.911671883511840753e-02
-9.939210700122280695e-02
9.537437899623849580e-01
-2.500373518582528765e-01
-2.628764919417888035e-01
-1.462769632011304555e-01
1.946056816596986871e-01
-3.968689968582044814e-01
3.949902090867649096e-01
-2.547095771499295891e-01
-2.166466672023605322e-01
-1.920788068256698566e-01
1.946056816596986871e-01
-3.968689968582044814e-01
3.949902090867649096e-01
-2.607910207826235061e-01
-2.575383766962255905e-01
-2.060654169446985151e-01
-2.221441471072811424e+00
nan
-2.221441467085554233e+00
2.610459999999999864e-02
2.799937000000000120e-01
1.333500000000000241e-01
1.337715447866586915e+00
-1.120726517672038236e+00
-1.337715453058181181e+00
8.860460000000003333e-02
2.799937001121810543e-01
1.333499998878189818e-01
-1.731464226011016905e+00
-2.490472119880260848e+00
-2.198159920446378923e-01
2.073546000000000833e-01
2.799937003253250012e-01
1.333499992483870855e-01
-1.179416807585777160e+00
1.027391894801596317e+00
-8.022015617572600954e-01
1.519086881582712434e-02
2.096965900789819759e-01
1.208433326904891914e-01
-2.676248008777037946e+00
1.225614966926944716e+00
1.585360618035188962e-01
-1.769728623683458346e-01
1.393994797681877840e-01
1.083366664948564595e-01
6.558365641570927940e-01
1.580968794382861642e+00
1.733444993142603918e+00
-3.339640930874415714e-01
4.481031025803078327e-03
9.239879755788121818e-02
1.836822691694130483e-01
-6.134514463221719255e-02
-2.239621472538593228e+00
-4.126305628667286118e-01
-6.179299208710374580e-02
7.885616513672985550e-02
-3.758468130419764797e-01
-1.685311847626211446e+00
-6.891512609866227157e-01
-3.324507618816776033e-01
-1.266770021159060455e-01
9.005113081688748133e-02
-3.758468134488143764e-01
-1.685311847617912973e+00
-6.891512552374549072e-01
-3.324507618150824850e-01
-1.266770020814430298e-01
9.005113053966605496e-02
2.155326025589076877e-01
2.855719404007528439e+00
5.051106234285347441e-01
-2.247057889450465029e-01
-1.738888780310318405e-01
1.071689743208163459e-01
2.155326025589076877e-01
2.855719404007528439e+00
5.051106234285347441e-01
-2.047694053586928131e-01
-2.119242293483510620e-01
9.938477338071514955e-02
-4.626898230278504026e-02
-1.137675624580770928e-01
3.812759544991096150e-01
-2.650690744641787666e-01
-2.221029338198203529e-01
1.174648021581784496e-01
-4.626898230278504026e-02
-1.137675624580770928e-01
3.812759544991096150e-01
-2.744588458921450314e-01
-2.647240568052675047e-01
1.173499431143993493e-01
1.945850758952760162e-01
-3.966523533011180880e-01
3.955846157288133713e-01
-2.546998387063497127e-01
-2.167433933602158636e-01
7.444727195408115672e-02
1.945850758952760162e-01
-3.966523533011180880e-01
3.955846157288133713e-01
-2.607591976576969506e-01
-2.576410499410310972e-01
6.046846728749997318e-02
0.000000000000000000e+00
0.000000000000000000e+00
0.000000000000000000e+00
0.000000000000000000e+00
0.000000000000000000e+00
0.000000000000000000e+00
-7.768210237128730933e-01
-1.394313128123961817e-09
4.182940083216234948e-09
0.000000000000000000e+00
-0.000000000000000000e+00
0.000000000000000000e+00
-7.768210251275481371e-01
3.375635722090333801e-02
-1.878499829355997630e-01
0.000000000000000000e+00
0.000000000000000000e+00
0.000000000000000000e+00
5.453435740596099812e-01
5.159178570592528601e-01
-1.012063030759739329e-01
-1.359377708087563912e-02
2.632457151469373702e-02
6.094519311712295884e-02
5.283079045693154230e-01
7.724411683048272304e-01
-1.268766389494099478e+00
-2.718755416175127476e-02
5.264914331071554598e-02
1.218903862848001174e-01
-8.789793985720494307e-01
-4.159211288432181353e-01
-1.509326646137777228e+00
-2.106905292282123254e-01
2.600044783394147574e-01
1.717212499707615470e-01
-1.166157400932371191e+00
-4.507627488591007814e-01
3.427932199115963918e-01
-3.052813423298339490e-01
3.668290653707555471e-01
1.973702857731048921e-01
-2.766238141327287181e+00
8.449521518829514743e-01
1.190694755766998902e-01
-2.880826843065625864e-01
4.073762323214380476e-01
3.091971614124985890e-01
-2.766238141327286737e+00
8.449521518829514743e-01
1.190694755766993351e-01
-2.880826845448906104e-01
4.073762315625610864e-01
3.091971612608414577e-01
-3.237112148580646664e+00
2.505133172026530186e-01
1.819066120109357421e+00
-2.679766218124070010e-01
4.676097970970404805e-01
3.488687627833629845e-01
-3.237112148580646664e+00
2.505133172026530186e-01
1.819066120109357421e+00
-2.015065849591555769e-01
4.821721929077944502e-01
4.651497969881983052e-01
-3.556088280484985376e+00
1.000803718682502286e+00
6.670735074047672519e+00
-2.535478122254573030e-01
4.912494198972420789e-01
5.163270736734028032e-01
-3.556088280484985376e+00
1.000803718682502286e+00
6.670735074047672519e+00
2.187797644948724640e-02
6.015698234124100541e-01
6.466019743431515865e-01
-2.429528371930475661e+00
1.104470434612498053e+00
-7.860696254027330632e-01
-2.905315104660984860e-01
3.734957808010008207e-01
4.927313878725286256e-01
-2.429528371930475661e+00
1.104470434612498053e+00
-7.860696254027330632e-01
-3.381230385869375410e-01
3.442953528079503167e-01
5.987957309566854791e-01
0.000000000000000000e+00
0.000000000000000000e+00
0.000000000000000000e+00
0.000000000000000000e+00
0.000000000000000000e+00
0.000000000000000000e+00
-7.704009902315764879e-01
-1.382789834221354963e-09
4.148370195732819112e-09
0.000000000000000000e+00
-0.000000000000000000e+00
0.000000000000000000e+00
-7.704009916477854159e-01
3.347368483729631916e-02
-1.881479030119860285e-01
0.000000000000000000e+00
0.000000000000000000e+00
0.000000000000000000e+00
5.498644231493043932e-01
5.164516273011944270e-01
-1.022205600594269792e-01
-1.364489809537608456e-02
2.652005473884836220e-02
6.058939161857426758e-02
5.300553372595347978e-01
7.768197952267376083e-01
-1.261325736627731953e+00
-2.728979619075217605e-02
5.304010975678618428e-02
1.211787832868017750e-01
-8.808903148719791076e-01
-4.118574776034254481e-01
-1.504223611499319269e+00
-2.098467600193830995e-01
2.595051419822304584e-01
1.716184351357251670e-01
-1.168315689174768801e+00
-4.482463543771186831e-01
3.434509285658258748e-01
-3.039600759857833401e-01
3.659075295198680466e-01
1.975992064082231769e-01
-2.766758695371737353e+00
8.452638665661834638e-01
1.202710917905241983e-01
-2.866937050458245317e-01
4.065246106643081170e-01
3.093445167876779367e-01
-2.766758695371737353e+00
8.452638665661833528e-01
1.202710917905236432e-01
-2.866937052842946088e-01
4.065246099053126949e-01
3.093445166360365706e-01
-3.220394060193982000e+00
2.718916389474074213e-01
1.760075301607898934e+00
-2.665463865966279378e-01
4.668441585548449013e-01
3.488954525731782219e-01
-3.220394060193982000e+00
2.718916389474074213e-01
1.760075301607898934e+00
-2.017177633065350972e-01
4.768655004377087558e-01
4.659637360248863880e-01
-2.647305939391561225e+00
8.216223081238072101e-01
-8.722872771748270138e-01
-2.520449382199526633e-01
4.904756933322780843e-01
5.164097374511630312e-01
-2.647305939391561225e+00
8.216223081238072101e-01
-8.722872771748270138e-01
-2.893171722917204924e-01
4.983622044556834108e-01
6.369557351474760543e-01
-2.430322905541398626e+00
1.104824725975030120e+00
-7.849576746459931975e-01
-2.890506999129675014e-01
3.727036868923030988e-01
4.928164419713568778e-01
-2.430322905541398626e+00
1.104824725975030120e+00
-7.849576746459931975e-01
-3.365977583563286579e-01
3.434870180313168153e-01
5.989054831356844799e-01
