-2.221441471072811424e+00
nan
-2.221441467085554233e+00
2.610459999999999864e-02
2.799937000000000120e-01
-1.333499999999999686e-01
1.535345418018752017e+00
-9.590043066392610616e-01
-1.535345424564796835e+00
8.860460000000003333e-02
2.799937001121810543e-01
-1.333500001121810108e-01
-1.371426165213966542e+00
-2.518154331887133779e+00
-5.818413643479769526e-01
2.073546000000000833e-01
2.799937003253250012e-01
-1.333500007516129071e-01
-1.262088410691581508e+00
6.093040198672154961e-01
-1.001556943391261001e+00
3.514162781406987568e-02
1.800563376871313903e-01
-1.821374556945613010e-01
-2.987946133037587604e+00
6.576397595725789191e-01
-4.235502127360520341e-01
-1.370713443718602764e-01
8.011897488751790197e-02
-2.309249103068533593e-01
7.382437205673224589e-01
1.910064181686287998e+00
2.282992960240023628e+00
-2.240574100401833413e-01
-1.080258695795591195e-01
-2.426804145497856724e-01
-1.466151795226451615e-01
3.878286181261913490e-01
-2.177426318189783938e+00
-2.660153765564137185e-01
-2.022298738329049161e-01
-2.540469060251044353e-01
4.749130072662153257e-01
-1.342610199492896061e+00
-1.646092338516262465e+00
-1.865416654022589715e-01
-2.595789538814952113e-01
-2.880920929531617936e-01
4.749130067214163420e-01
-1.342610202787590135e+00
-1.646092333432070953e+00
-1.865416652601772640e-01
-2.595789536423060984e-01
-2.880920930244057487e-01
-1.492898941879192254e+00
-1.300274228160972045e+00
-1.772204870033773805e+00
-8.448909770535834030e-02
-3.197524087589186381e-01
-2.978588601434756233e-01
-1.492898941879192254e+00
-1.300274228160972045e+00
-1.772204870033773805e+00
-1.072412010808309335e-01
-3.092299629007991268e-01
-3.335850557115004333e-01
1.199834086197473448e+00
3.649409865413545950e-01
-1.341830154109912021e+00
-1.208853414128096271e-01
-3.423047937527798901e-01
-3.450446359603092095e-01
1.199834086197473448e+00
3.649409865413545950e-01
-1.341830154109912021e+00
-1.590003085717068831e-01
-3.213224310125243899e-01
-3.416196021031738250e-01
9.886663473188573859e-01
-1.138909822038764785e+00
4.145982258500511275e-01
-9.880557307900229846e-02
-3.051910986877762744e-01
-3.560814424706784109e-01
9.886663473188573859e-01
-1.138909822038764785e+00
4.145982258500511275e-01
-8.269445587688897814e-02
-3.196926014058587007e-01
-3.939612450840397906e-01
-2.221441471072811424e+00
nan
-2.221441467085554233e+00
2.610459999999999864e-02
2.799937000000000120e-01
1.333500000000000241e-01
1.533942052689346580e+00
-9.602746659204507429e-01
-1.533942059225554599e+00
8.860460000000003333e-02
2.799937001121810543e-01
1.333499998878189818e-01
-1.373082855496303711e+00
-2.518743475000996490e+00
-5.793085088176516129e-01
2.073546000000000833e-01
2.799937003253250012e-01
1.333499992483870855e-01
-1.261792081260060927e+00
6.121640933821959063e-01
-9.985677872117688647e-01
3.505072804158052002e-02
1.800850936355202214e-01
8.482530432468385340e-02
-2.986498815909319315e+00
6.590045232153959320e-01
-4.182333332359282063e-01
-1.372531439168390988e-01
8.017648678496124004e-02
3.630060973196109347e-02
7.381282287601194092e-01
1.907787113103591947e+00
2.283331222923493886e+00
-2.244076348682901012e-01
-1.078748627676076738e-01
2.429916654994987435e-02
-1.447123791534558335e-01
3.885345427658627449e-01
-2.177454747753927222e+00
-2.664655051537116459e-01
-2.020188114408293378e-01
1.280503868966962125e-02
4.752240330185938388e-01
-1.342699304286565365e+00
-1.645888437086675760e+00
-1.869718041624009452e-01
-2.593516046595890634e-01
-2.122090471296124090e-02
4.752240324736446420e-01
-1.342699307581644019e+00
-1.645888432002630575e+00
-1.869718040203550147e-01
-2.593516044203711401e-01
-2.122090478417969911e-02
-1.494526681216011843e+00
-1.295752393104034228e+00
-1.769172321950463367e+00
-8.490405886393745383e-02
-3.195032615524172059e-01
-3.096331352706192808e-02
-1.494526681216011843e+00
-1.295752393104034228e+00
-1.769172321950463367e+00
-1.078026918244108512e-01
-3.088971001016561635e-01
-6.657094013193287640e-02
8.318278841670921908e-01
-8.135428729650489021e-01
5.438314996959079384e-01
-1.212848913034930698e-01
-3.420647393469670172e-01
-7.815662677259506419e-02
8.318278841670921908e-01
-8.135428729650489021e-01
5.438314996959079384e-01
-1.103837187857096003e-01
-3.653798745856547958e-01
-1.134030454722193132e-01
9.885880480014020977e-01
-1.139167243597139167e+00
4.151482650412953723e-01
-9.921067860671566041e-02
-3.049465617602546974e-01
-8.918947116824935128e-02
9.885880480014020977e-01
-1.139167243597139167e+00
4.151482650412953723e-01
-8.307817364623726331e-02
-3.194516442160498237e-01
-1.270587990109867393e-01
0.000000000000000000e+00
0.000000000000000000e+00
0.000000000000000000e+00
0.000000000000000000e+00
0.000000000000000000e+00
0.000000000000000000e+00
-4.931493923042004068e-01
-8.851519858842690417e-10
2.655456401300257136e-09
0.000000000000000000e+00
-0.000000000000000000e+00
0.000000000000000000e+00
-4.931493992152788386e-01
4.085418000160943031e-01
-8.368665436133678748e-01
0.000000000000000000e+00
0.000000000000000000e+00
0.000000000000000000e+00
6.556727883270336843e-01
1.075217825006282268e+00
-5.114084226548482048e-01
-1.035659499094570279e-01
1.200597707042669604e-01
1.196402479871460922e-01
6.954385314301319010e-01
1.074188464466868664e+00
-6.496674327621630995e-01
-2.071318998189140559e-01
2.401195415715967896e-01
2.392804960538963133e-01
-2.448335768620500674e-01
-1.036909976268936884e+00
-9.043889026229317007e-01
-3.419911049630254829e-01
3.048067861473428009e-01
2.018767500318318642e-01
-2.242167625470748715e-01
-1.055723309588012748e+00
-8.245708035175864925e-01
-4.154021325864609704e-01
3.399702066769718645e-01
1.814344192832690050e-01
-2.775842204785637257e+00
7.855569029244638957e-01
2.685021559763063337e-01
-4.267482121838901410e-01
2.668050032187467835e-01
2.781952937117231350e-01
-2.775842204785636813e+00
7.855569029244641177e-01
2.685021559763061116e-01
-4.267482123040790554e-01
2.668050030591341826e-01
2.781952929361586890e-01
-4.561936079663323262e+00
-2.488154159628962248e+00
4.417628396358459497e-01
-4.182638612023662494e-01
2.670953330970936568e-01
3.650592103527728893e-01
-4.561936079663323262e+00
-2.488154159628962248e+00
4.417628396358459497e-01
-3.340200046542649015e-01
9.406367875137641721e-02
2.604457442923234778e-01
-4.166339525785128117e+00
-1.967460559579610191e+00
1.660036226262571635e+00
-4.492756091218663705e-01
1.263425952142840647e-01
4.562523929222165875e-01
-4.166339525785128117e+00
-1.967460559579610191e+00
1.660036226262571635e+00
-4.908457104124109294e-01
7.734022290384182097e-02
2.938430510783265337e-01
-2.214139258893340845e+00
1.609354364831441009e+00
1.920329312415232081e-01
-4.679107558035291436e-01
1.016346272978330412e-01
3.358857173556398235e-01
-2.214139258893340845e+00
1.609354364831441009e+00
1.920329312415232081e-01
-5.260880154039353496e-01
2.085733427435659815e-02
3.420655670451626662e-01
0.000000000000000000e+00
0.000000000000000000e+00
0.000000000000000000e+00
0.000000000000000000e+00
0.000000000000000000e+00
0.000000000000000000e+00
-4.966687418828751310e-01
-8.914688531808696605e-10
2.674407006356138903e-09
0.000000000000000000e+00
-0.000000000000000000e+00
0.000000000000000000e+00
-4.966687487644076415e-01
4.050358469699747443e-01
-8.339375645204525345e-01
0.000000000000000000e+00
0.000000000000000000e+00
0.000000000000000000e+00
6.603170061502208199e-01
1.075901995278921053e+00
-5.081040253942312734e-01
-1.029717810449093662e-01
1.195899718265179268e-01
1.194107273903051714e-01
7.018058142368200913e-01
1.075169710396608913e+00
-6.539168062361286893e-01
-2.059435620898186770e-01
2.391799438174235237e-01
2.388214548604518372e-01
-2.419873969353314724e-01
-1.037453183433677983e+00
-9.118490260384578550e-01
-3.418170881879725731e-01
3.045944127939002599e-01
2.005517931654137442e-01
-2.198237343142872835e-01
-1.057878343643917640e+00
-8.256529426159331386e-01
-4.157375365536228884e-01
3.401634067699626507e-01
1.797003708260088983e-01
-2.775978032517739891e+00
7.856823914803400255e-01
2.684659610917294881e-01
-4.270792173353858967e-01
2.670494886847229465e-01
2.763981442648381637e-01
-2.775978032517739891e+00
7.856823914803405806e-01
2.684659610917293771e-01
-4.270792174555628762e-01
2.670494885251566974e-01
2.763981434891714106e-01
-4.540637793563078617e+00
-2.450330708101768007e+00
4.394017789964199672e-01
-4.185849840122347065e-01
2.674064911709900794e-01
3.631849921997702402e-01
-4.540637793563078617e+00
-2.450330708101768007e+00
4.394017789964199672e-01
-3.359948893094855116e-01
9.566345601041285895e-02
2.589170311552136949e-01
-2.365113676771223084e+00
1.599388747584175263e+00
-1.427182399827052750e-01
-4.496069504051022903e-01
1.266318751734591963e-01
4.543989383737327969e-01
-2.365113676771223084e+00
1.599388747584175263e+00
-1.427182399827052750e-01
-5.093071709321460583e-01
4.171429209428706431e-02
4.921066709421073604e-01
-2.214436034844499801e+00
1.609599211754947357e+00
1.921006671570538726e-01
-4.682402291945007566e-01
1.019311162219201372e-01
3.340163725642775194e-01
-2.214436034844499801e+00
1.609599211754947357e+00
1.921006671570538726e-01
-5.264082334229340798e-01
2.117097699744469042e-02
3.401700825747622225e-01
