-2.221441471072811424e+00
nan
-2.221441467085554233e+00
2.610459999999999864e-02
2.799937000000000120e-01
-1.333499999999999686e-01
1.576855607611341137e+00
-9.205668124838540800e-01
-1.576855614449896414e+00
8.860460000000003333e-02
2.799937001121810543e-01
-1.333500001121810108e-01
-1.117333331541569219e+00
-2.632922853288263365e+00
-6.918964672729047694e-01
2.073546000000000833e-01
2.799937003253250012e-01
-1.333500007516129071e-01
-1.255287595114877197e+00
3.198940106907547376e-01
-1.077232870603675785e+00
5.991525180539172823e-02
1.559634788128314020e-01
-2.033724454069575083e-01
-2.988112740016679592e+00
5.194426209248309556e-01
-7.814591914559262387e-01
-8.752409638921662682e-02
3.193325711944323964e-02
-2.733948897418849722e-01
-7.850941997402701711e-01
-1.891015097287567670e+00
-2.239325353200417368e+00
-1.580742895749510935e-01
-1.631142548326268149e-01
-2.824716910927278501e-01
-2.788845638162307794e-01
4.921504053683352087e-01
-1.989884509982540184e+00
-1.906580231907849532e-01
-2.611519833648044964e-01
-2.920093316764053037e-01
8.659433215423695263e-01
-1.039389941135967721e+00
-2.024650506133327532e+00
-1.078965760117487627e-01
-3.020274658926092592e-01
-3.393781008070333449e-01
8.659433209536975262e-01
-1.039389945922497116e+00
-2.024650501873415553e+00
-1.078965758572589251e-01
-3.020274656608367136e-01
-3.393781007371141634e-01
-1.203979694365475028e+00
-3.687007278922295739e-01
-1.548809009015380767e+00
-6.408565095011170554e-03
-3.587116888853627006e-01
-3.642385813059608179e-01
-1.203979694365475028e+00
-3.687007278922295739e-01
-1.548809009015380767e+00
-4.005641854542789371e-02
-3.320605099183090436e-01
-3.721302061358267577e-01
1.617572692293060443e+00
1.062479986076407590e+00
-1.573804900118806582e+00
-3.581055097643578988e-02
-3.532229475305864730e-01
-4.204986116021567355e-01
1.617572692293060443e+00
1.062479986076407590e+00
-1.573804900118806582e+00
-6.639743952914020642e-02
-3.390774617662344337e-01
-3.927661647976471437e-01
1.243770215975668059e+00
-1.552053635927139963e+00
2.763843111426466659e-01
-1.180845255272211514e-02
-3.172711992289464766e-01
-4.096300931054208672e-01
1.243770215975668059e+00
-1.552053635927139963e+00
2.763843111426466659e-01
1.423696230989480310e-02
-3.189668402523159751e-01
-4.446086907154457868e-01
-2.221441471072811424e+00
nan
-2.221441467085554233e+00
2.610459999999999864e-02
2.799937000000000120e-01
1.333500000000000241e-01
1.575961243876795592e+00
-9.214128406218263789e-01
-1.575961250709016603e+00
8.860460000000003333e-02
2.799937001121810543e-01
1.333499998878189818e-01
-1.119226045598323616e+00
-2.632826832608185619e+00
-6.900498378343994377e-01
2.073546000000001110e-01
2.799937003253250012e-01
1.333499992483870855e-01
-1.255743445028724370e+00
3.225635799930904879e-01
-1.075094971246312481e+00
5.973814356631043654e-02
1.560329080264918622e-01
6.357820148878959299e-02
-2.988491806392651107e+00
5.195439354829258782e-01
-7.767768894416251513e-01
-8.787831286737918246e-02
3.207211554717911972e-02
-6.193595950156838281e-03
-7.848119546692858828e-01
-1.890941342073276354e+00
-2.239877891151418332e+00
-1.584170975677313131e-01
-1.629772285432644630e-01
-1.531956016689252006e-02
-2.783162568054113328e-01
4.921213192974900341e-01
-1.989914706507912134e+00
-1.910089598801549271e-01
-2.610090684541682138e-01
-2.488989844152882103e-02
8.662620542916612543e-01
-1.039537187149293107e+00
-2.024497568887388965e+00
-1.082310731893975503e-01
-3.018804412145160709e-01
-7.223348157268655312e-02
8.662620537026464174e-01
-1.039537191936224181e+00
-2.024497564627674162e+00
-1.082310730349442113e-01
-3.018804409827298141e-01
-7.223348150273205259e-02
-1.203746199708488618e+00
-3.699804122037436138e-01
-1.550276778038669034e+00
-6.731922837393253256e-03
-3.585583640854654308e-01
-9.706282960322409892e-02
-1.203746199708488618e+00
-3.699804122037436138e-01
-1.550276778038669034e+00
-4.035181234614244189e-02
-3.318929451408446085e-01
-1.050252153347343426e-01
1.135064484935677021e+00
-1.234157303423127239e+00
4.948122318724083590e-01
-3.611823383065740356e-02
-3.530738552683547193e-01
-1.533314616605453429e-01
1.135064484935677021e+00
-1.234157303423127239e+00
4.948122318724083590e-01
-1.449187604556359532e-02
-3.614360856152735724e-01
-1.903059782521951404e-01
1.243582185318993893e+00
-1.552444442900273947e+00
2.768430221032892047e-01
-1.212180540814972174e-02
-3.171199818187785402e-01
-1.424574543065233456e-01
1.243582185318993893e+00
-1.552444442900273947e+00
2.768430221032892047e-01
1.394106841192167823e-02
-3.188243598998978801e-01
-1.774226202321362300e-01
0.000000000000000000e+00
0.000000000000000000e+00
0.000000000000000000e+00
0.000000000000000000e+00
0.000000000000000000e+00
0.000000000000000000e+00
-1.868816385177430317e-01
-3.354331487389270393e-10
1.006299614339389958e-09
0.000000000000000000e+00
-0.000000000000000000e+00
0.000000000000000000e+00
-1.868816473342309048e-01
5.884046175646155952e-01
-1.042236586939642606e+00
0.000000000000000000e+00
0.000000000000000000e+00
0.000000000000000000e+00
6.277862933157408731e-01
1.273726728131345798e+00
-6.553314545979175287e-01
-1.704703645149166502e-01
1.405807732353932527e-01
1.099329654039090526e-01
3.738924372311246969e-01
1.312842414746560049e+00
-1.900175472778919961e-01
-3.409407290298332449e-01
2.811615465306665507e-01
2.198659308416240077e-01
-2.323006613733187287e-01
-5.110674888804007665e-01
-3.674573694591472539e-01
-3.899195886572361935e-01
2.979610685791305724e-01
2.395604272047934802e-01
-5.025020040044793079e-01
-3.628974689789669639e-01
-9.674048818618659062e-01
-4.210698964684765344e-01
3.077186014052332719e-01
2.456821694649642673e-01
-2.761671379635614709e+00
7.528954696144797287e-01
3.256376609910414111e-01
-4.434230313881802332e-01
2.038518719589146322e-01
2.962561010601450495e-01
-2.761671379635614265e+00
7.528954696144802838e-01
3.256376609910411890e-01
-4.434230314110121363e-01
2.038518722023163199e-01
2.962561003037507690e-01
-4.418490389274018604e+00
-1.774765142743699231e+00
-1.146395331985132326e+00
-4.436818567378069678e-01
1.682437129745969762e-01
3.763894337367185150e-01
-4.418490389274018604e+00
-1.774765142743699231e+00
-1.146395331985132326e+00
-3.991232889104194825e-01
1.719483866349557910e-01
1.989144181760220120e-01
-3.964443379671512169e+00
-1.443162112679191367e+00
1.192097214827244345e-01
-4.878271195647401193e-01
3.297603577241819961e-03
3.833679557948043159e-01
-3.964443379671512169e+00
-1.443162112679191367e+00
1.192097214827244345e-01
-5.295358155031056890e-01
1.095950642480813253e-01
2.831471397000772661e-01
-2.182818640983518410e+00
1.465450886071720582e+00
7.221150064124624013e-01
-4.913515044526113318e-01
4.112886723829226043e-02
2.660099702978470093e-01
-2.182818640983518410e+00
1.465450886071720582e+00
7.221150064124624013e-01
-5.413864734853047755e-01
-1.641528273979778185e-02
2.315429708435469136e-01
0.000000000000000000e+00
0.000000000000000000e+00
0.000000000000000000e+00
0.000000000000000000e+00
0.000000000000000000e+00
0.000000000000000000e+00
-1.910506456595131297e-01
-3.429160839473865355e-10
1.028748423715294110e-09
0.000000000000000000e+00
-0.000000000000000000e+00
0.000000000000000000e+00
-1.910506544708184540e-01
5.865985200346330863e-01
-1.042186360532046052e+00
0.000000000000000000e+00
0.000000000000000000e+00
0.000000000000000000e+00
6.300465262980706749e-01
1.276114172216427978e+00
-6.540898870197465742e-01
-1.701182802805254191e-01
1.405139098596875913e-01
1.102743853741724456e-01
3.807329702993097476e-01
1.314094492068817122e+00
-1.940943857578137366e-01
-3.402365605610508381e-01
2.810278197806357903e-01
2.205487707828256150e-01
-2.269797028014552964e-01
-5.138216579859852251e-01
-3.725443251815208634e-01
-3.900869225067794543e-01
2.981935573322363475e-01
2.389816831042997913e-01
-4.957585556008741179e-01
-3.661378744331752477e-01
-9.699850451158040787e-01
-4.216906810729296740e-01
3.081631981465409176e-01
2.444865162621361887e-01
-2.761613240305837991e+00
7.526221610184948840e-01
3.259368906209614836e-01
-4.440010225281281753e-01
2.043988996001430969e-01
2.950569684702553652e-01
-2.761613240305837991e+00
7.526221610184953281e-01
3.259368906209614836e-01
-4.440010225510265252e-01
2.043988998436725157e-01
2.950569677139064928e-01
-4.403010993811575347e+00
-1.752592496990146964e+00
-1.133297524920160448e+00
-4.442147141521398668e-01
1.689121607972507710e-01
3.751889608242356400e-01
-4.403010993811575347e+00
-1.752592496990146964e+00
-1.133297524920160448e+00
-4.000400433700556646e-01
1.719550264527974770e-01
1.988588619538074198e-01
-2.282956784083998603e+00
1.626761670885817246e+00
4.082054399339840600e-01
-4.883513373591075180e-01
3.941878661889941515e-03
3.821596575424406339e-01
-2.282956784083998603e+00
1.626761670885817246e+00
4.082054399339840600e-01
-5.450865558323416682e-01
-7.164134793540921642e-02
3.660693381173584227e-01
-2.182924588304883784e+00
1.465233926597168557e+00
7.225524672240053459e-01
-4.918860121633268356e-01
4.179300261198065636e-02
2.648087207677370380e-01
-2.182924588304883784e+00
1.465233926597168557e+00
7.225524672240053459e-01
-5.418866569390388133e-01
-1.570152403955918374e-02
2.303410426429906288e-01
