-2.221441471072811424e+00
nan
-2.221441467085554233e+00
2.610459999999999864e-02
2.799937000000000120e-01
-1.333499999999999686e-01
1.424527896741265565e+00
-1.053785349069229715e+00
-1.424527902520470457e+00
8.860460000000003333e-02
2.799937001121810543e-01
-1.333500001121810108e-01
-5.212181664446569572e-03
3.106524405860722648e+00
4.647196102306317411e-01
2.073546000000000833e-01
2.799937003253250012e-01
-1.333500007516129071e-01
-1.024651043676041873e+00
-9.231081505593952130e-01
-1.243005130744867293e+00
2.080425030953618193e-01
8.396918645492010280e-02
-1.933409729991339421e-01
-1.682554054822695155e+00
9.384502975680716341e-01
-1.487006180979745906e+00
2.087304061907235553e-01
-1.120553275231629675e-01
-2.533319448948092578e-01
-1.690194255791324374e-01
-7.649652045967493263e-01
-2.894119285022607180e+00
1.825073827815804628e-01
-2.157035583702786030e-01
-4.313000523903562367e-01
6.458081885502771069e-01
9.877565678583212216e-01
-1.432690252208682180e+00
1.750550096627219443e-01
-2.673783250071713469e-01
-5.209563021887946288e-01
-1.520358196264552042e+00
-7.575813306675827086e-01
1.917608791638820920e+00
2.765134331303654713e-01
-2.589335754820156210e-01
-5.409297098329027831e-01
-1.520358196456763844e+00
-7.575813245985045796e-01
1.917608794627770452e+00
2.765134331848402294e-01
-2.589335756923617504e-01
-5.409297096451227693e-01
7.093838990185115101e-01
-9.605361875777455039e-01
1.829642867958590990e+00
3.864023280537488003e-01
-2.728190925926661792e-01
-5.840873762880418596e-01
7.093838990185115101e-01
-9.605361875777455039e-01
1.829642867958590990e+00
4.292742905544466581e-01
-2.743328342609339110e-01
-5.921151120902783394e-01
-7.313959712758177911e-02
-2.760198778174221879e+00
-9.171188865973144422e-01
3.868542572757007747e-01
-2.148497912694932732e-01
-5.576459329000282850e-01
-7.313959712758177911e-02
-2.760198778174221879e+00
-9.171188865973144422e-01
4.064517260429498791e-01
-2.431617575832347999e-01
-5.844622135141674946e-01
-9.757422035634111257e-01
2.385517613754294164e+00
1.445187416552922155e+00
3.953260745578312529e-01
-2.475157198295903915e-01
-5.285268832547388440e-01
-9.757422035634111257e-01
2.385517613754294164e+00
1.445187416552922155e+00
4.365061946565350071e-01
-2.479079310818060322e-01
-5.429762778302902326e-01
-2.221441471072811424e+00
nan
-2.221441467085554233e+00
2.610459999999999864e-02
2.799937000000000120e-01
1.333500000000000241e-01
1.424813886302796373e+00
-1.053554610268038871e+00
-1.424813892083955036e+00
8.860460000000003333e-02
2.799937001121810543e-01
1.333499998878189818e-01
-5.123051404216344418e-03
3.106438970215446904e+00
4.653441478582416302e-01
2.073546000000000833e-01
2.799937003253250012e-01
1.333499992483870855e-01
-1.024584783425592338e+00
-9.224209415814778046e-01
-1.242680674098298521e+00
2.080307583505241475e-01
8.399324090166218615e-02
7.328035037644721472e-02
-1.683638798851950114e+00
9.380588261279790840e-01
-1.486985881953129640e+00
2.087069167010482118e-01
-1.120072186298200212e-01
1.321070185630981303e-02
-1.696486252522063087e-01
-7.660701215800950203e-01
-2.893866456749370375e+00
1.824109055330261908e-01
-2.157959890020265392e-01
-1.646647066218625555e-01
6.452387451351333514e-01
9.872186122130645058e-01
-1.432930056719109890e+00
1.749216314982788845e-01
-2.675401713140561077e-01
-2.542778355221074760e-01
-1.520301554427729407e+00
-7.574803869181730986e-01
1.917602586932914965e+00
2.763793635635311552e-01
-2.591029411414967898e-01
-2.742579318980197800e-01
-1.520301554619643225e+00
-7.574803808492071022e-01
1.917602589921848510e+00
2.763793636180029711e-01
-2.591029413518451952e-01
-2.742579317102414316e-01
7.100211817266781633e-01
-9.596038690076978961e-01
1.828034140471646696e+00
3.862644403455628428e-01
-2.729967952676630727e-01
-3.174226362859037254e-01
7.100211817266781633e-01
-9.596038690076978961e-01
1.828034140471646696e+00
4.291224853183489008e-01
-2.745541699536006019e-01
-3.255160712679277535e-01
-1.159428920350399794e+00
2.670087807737748342e+00
1.027432519671990896e+00
3.867222869612385039e-01
-2.150272898067678851e-01
-2.909817422492838035e-01
-1.159428920350399794e+00
2.670087807737748342e+00
1.027432519671990896e+00
4.284104968334184749e-01
-2.174100058291423276e-01
-3.036765028464671889e-01
-9.752963132950873693e-01
2.385833497872198450e+00
1.445311445601212164e+00
3.951936389026401986e-01
-2.476935702124163641e-01
-2.618629519285225471e-01
-9.752963132950873693e-01
2.385833497872198450e+00
1.445311445601212164e+00
4.363690269835956426e-01
-2.480959836210414327e-01
-2.763255452105474741e-01
0.000000000000000000e+00
0.000000000000000000e+00
0.000000000000000000e+00
0.000000000000000000e+00
0.000000000000000000e+00
0.000000000000000000e+00
1.254386405070100630e-01
2.251493431485612322e-10
-6.754481422928936476e-10
0.000000000000000000e+00
-0.000000000000000000e+00
0.000000000000000000e+00
1.254386344960334854e-01
2.355104834688828419e-01
-7.695462551167502330e-01
-0.000000000000000000e+00
0.000000000000000000e+00
0.000000000000000000e+00
1.222487455671269208e-01
1.144499600030661979e+00
-4.913609432978955915e-01
-1.649784334378334716e-01
6.995812389899697288e-03
-2.475105573822068694e-02
-1.509807476796467762e+00
1.087137263310048452e+00
-3.226401053916785333e-01
-3.299568668756669432e-01
1.399162473566435694e-02
-4.950211148994837496e-02
-1.485050141691358183e+00
1.258804662902602844e+00
-2.479540745103836485e-02
-5.568737043390189490e-01
-2.462453555560155383e-01
1.354947883044844426e-01
-1.376809892095268495e+00
6.995153017849424781e-01
2.885625645366187708e-01
-6.710147065373528452e-01
-3.792045973947429927e-01
2.216154898521791039e-01
-2.674598176818868023e+00
5.914957168618313332e-01
5.440490331431310222e-01
-6.874232493930431120e-01
-3.774270797483369466e-01
1.390169554590847678e-01
-2.674598176818867579e+00
5.914957168618308891e-01
5.440490331431313553e-01
-6.874232491675333900e-01
-3.774270792164640675e-01
1.390169559894546270e-01
-2.886858222154992326e+00
3.184294391636895316e+00
-1.078429884493202540e+00
-7.053964220922676054e-01
-4.330715487287748466e-01
1.111563235295568997e-01
-2.886858222154992326e+00
3.184294391636895316e+00
-1.078429884493202540e+00
-7.325915604373343104e-01
-5.024808894023735650e-01
-2.099066863862517757e-02
-2.953075172544343818e+00
1.410568403870168463e+00
-5.242200143588809924e-01
-7.212945639174677126e-01
-3.621054407944822029e-01
-4.415557829997410200e-02
-2.953075172544343818e+00
1.410568403870168463e+00
-5.242200143588809924e-01
-7.739624614486063647e-01
-4.515693186546441140e-01
1.180821626813385872e-02
-2.504259445612607049e+00
-2.526276636038285450e-01
1.052419405216750814e+00
-6.862989039233488020e-01
-2.796145997011849627e-01
3.820161103454072782e-02
-2.504259445612607049e+00
-2.526276636038285450e-01
1.052419405216750814e+00
-6.822358163984612034e-01
-2.724608750493609510e-01
4.958704729503776720e-02
0.000000000000000000e+00
0.000000000000000000e+00
0.000000000000000000e+00
0.000000000000000000e+00
0.000000000000000000e+00
0.000000000000000000e+00
1.266859811998051755e-01
2.273881902576352293e-10
-6.821646847422492122e-10
0.000000000000000000e+00
-0.000000000000000000e+00
0.000000000000000000e+00
1.266859751847656534e-01
2.359769310983047264e-01
-7.699659941034778798e-01
-0.000000000000000000e+00
0.000000000000000000e+00
0.000000000000000000e+00
1.235445191469630305e-01
1.146602121972660093e+00
-4.908802446100218875e-01
-1.650887399778319664e-01
7.089363109815598023e-03
-2.499006711124191968e-02
-1.513706418520899266e+00
1.088787299022867305e+00
-3.206663242971273808e-01
-3.301774799556639883e-01
1.417872617506276030e-02
-4.998013423614305201e-02
-1.489023467394040789e+00
1.259324405447517448e+00
-2.532174607670609201e-02
-5.571275290137763792e-01
-2.466401760904476104e-01
1.357563566213635942e-01
-1.380540838042861873e+00
6.992213647121624520e-01
2.890252495155329893e-01
-6.712897823318210166e-01
-3.798865865141125564e-01
2.222360839561329515e-01
-2.674613989153613147e+00
5.916061775475507378e-01
5.438673953644661552e-01
-6.876988651427108357e-01
-3.781460791836521174e-01
1.396467292676807914e-01
-2.674613989153613147e+00
5.916061775475502937e-01
5.438673953644664882e-01
-6.876988649172186552e-01
-3.781460786517922279e-01
1.396467297980557853e-01
-2.887937613031471340e+00
3.198402444581327497e+00
-1.087379660170423756e+00
-7.056789566554251270e-01
-4.338320908782987706e-01
1.117987356322477921e-01
-2.887937613031471340e+00
3.198402444581327497e+00
-1.087379660170423756e+00
-7.332584764437435343e-01
-5.038083925595874257e-01
-2.078093924558557792e-02
-2.472024312554648606e+00
-4.247824932421706556e-03
1.320987354356723209e+00
-7.215640843490638279e-01
-3.628638979558828637e-01
-4.351817950398184642e-02
-2.472024312554648606e+00
-4.247824932421706556e-03
1.320987354356723209e+00
-7.183626214939081711e-01
-3.391760567272621429e-01
-3.745096334947561889e-02
-2.504303193050816834e+00
-2.525249679462820418e-01
1.052234233325110235e+00
-6.865711032721243390e-01
-2.803750819011583406e-01
3.883980690186739082e-02
-2.504303193050816834e+00
-2.525249679462820418e-01
1.052234233325110235e+00
-6.824955042026564778e-01
-2.732676475279006145e-01
5.024538564133257390e-02
