-2.221441471072811424e+00
nan
-2.221441467085554233e+00
2.610459999999999864e-02
2.799937000000000120e-01
-1.333499999999999686e-01
1.547918509141584575e+00
-9.475388452590021160e-01
-1.547918515775910775e+00
8.860460000000003333e-02
2.799937001121810543e-01
-1.333500001121810108e-01
-1.319115665969077478e+00
-2.538748735631994879e+00
-6.107950877149210811e-01
2.073546000000000833e-01
2.799937003253250012e-01
-1.333500007516129071e-01
-1.263897303050011578e+00
5.490316381692300629e-01
-1.019781278991076734e+00
3.960895439030800991e-02
1.750486538054820129e-01
-1.869497730453045514e-01
-2.998849929034405282e+00
6.168747543941592859e-01
-4.991764262746337666e-01
-1.281366912193841467e-01
7.010360711827520741e-02
-2.405495450113082911e-01
7.641754500573157971e-01
1.944984923121494402e+00
2.315084271764694002e+00
-2.101261991062797208e-01
-1.203516913204558114e-01
-2.509298096070996520e-01
-1.899387614616264708e-01
4.148368942183646157e-01
-2.140119094513412978e+00
-2.493412311830582040e-01
-2.158182636908053120e-01
-2.615306265130774577e-01
5.624695771730988669e-01
-1.283000442038839894e+00
-1.734391037654654300e+00
-1.693008293874485592e-01
-2.699948813028422712e-01
-2.992465473491979777e-01
5.624695766175272782e-01
-1.283000445669374434e+00
-1.734391032723563209e+00
-1.693008292411377069e-01
-2.699948810589548609e-01
-2.992465473890276728e-01
-1.464699710567033186e+00
-1.058186858087643678e+00
-1.750485458376715764e+00
-6.749826102941930417e-02
-3.299334768990061506e-01
-3.124587697373469308e-01
-1.464699710567033186e+00
-1.058186858087643678e+00
-1.750485458376715764e+00
-9.333272356534563774e-02
-3.131422547321307537e-01
-3.433679355014443435e-01
1.306377922465108199e+00
5.051733708821919411e-01
-1.428057647545939668e+00
-1.025479151885645840e-01
-3.466918928593977212e-01
-3.629609608005355259e-01
1.306377922465108199e+00
5.051733708821919411e-01
-1.428057647545939668e+00
-1.389880765901277127e-01
-3.247170943982258251e-01
-3.532674581194140129e-01
1.052830431199456962e+00
-1.228268016450166478e+00
3.938205593452046016e-01
-7.981252096548137331e-02
-3.088515518036354379e-01
-3.691224595877288794e-01
1.052830431199456962e+00
-1.228268016450166478e+00
3.938205593452046016e-01
-6.137157106829689568e-02
-3.201640457343288282e-01
-4.070262848902964081e-01
-2.221441471072811424e+00
nan
-2.221441467085554233e+00
2.610459999999999864e-02
2.799937000000000120e-01
1.333500000000000241e-01
1.546622547975619488e+00
-9.487276598028427932e-01
-1.546622554600833421e+00
8.860460000000003333e-02
2.799937001121810543e-01
1.333499998878189818e-01
-1.320877947730378699e+00
-2.539147539953074961e+00
-6.083888789634962491e-01
2.073546000000000833e-01
2.799937003253250012e-01
1.333499992483870855e-01
-1.263807925820260580e+00
5.518867814342940381e-01
-1.017006533337987184e+00
3.949540551528377130e-02
1.750931887457533587e-01
8.001920610515370069e-02
-2.997830078436924506e+00
6.179962738619452223e-01
-4.939605336362494770e-01
-1.283637889694325129e-01
7.019267699942889627e-02
2.668841328991954087e-02
7.639137195143076431e-01
1.943068011404757600e+00
2.315458085804072308e+00
-2.104801650421161408e-01
-1.201964541040679707e-01
1.609928970271481963e-02
-1.882854402253957560e-01
4.154125831478336917e-01
-2.140176621380087241e+00
-2.497741572062638915e-01
-2.156182691039307819e-01
5.388458645516068166e-03
5.627945837349835889e-01
-1.283102414823687809e+00
-1.734195637045836902e+00
-1.697139328515575585e-01
-2.697804989694223554e-01
-3.230604801356828232e-02
5.627945831792184883e-01
-1.283102418454634686e+00
-1.734195632114915231e+00
-1.697139327052834545e-01
-2.697804987255079112e-01
-3.230604805336750179e-02
-1.465332250717335194e+00
-1.055472454818626948e+00
-1.748291028962896343e+00
-6.789657567076815003e-02
-3.296999191045021371e-01
-4.549126148021137572e-02
-1.465332250717335194e+00
-1.055472454818626948e+00
-1.748291028962896343e+00
-9.381848354962069036e-02
-3.128706769240427454e-01
-7.630639451840756649e-02
9.061224927169372334e-01
-9.026219092875527039e-01
5.417056097174793861e-01
-1.029303691552767297e-01
-3.464663237279153041e-01
-9.600180547301345735e-02
9.061224927169372334e-01
-9.026219092875527039e-01
5.417056097174793861e-01
-8.960583062221512407e-02
-3.663496796120431775e-01
-1.324963250105560264e-01
1.052737276737420791e+00
-1.228562636654718876e+00
3.943591149130203921e-01
-8.020068366863974951e-02
-3.086217821274399031e-01
-1.021585658003651420e-01
1.052737276737420791e+00
-1.228562636654718876e+00
3.943591149130203921e-01
-6.173875966666599047e-02
-3.199384384137063386e-01
-1.400509367641073477e-01
0.000000000000000000e+00
0.000000000000000000e+00
0.000000000000000000e+00
0.000000000000000000e+00
0.000000000000000000e+00
0.000000000000000000e+00
-4.261646390386303884e-01
-7.649213046703036994e-10
2.294764297397483587e-09
0.000000000000000000e+00
-0.000000000000000000e+00
0.000000000000000000e+00
-4.261646464505489118e-01
4.551681033859846237e-01
-8.911910341039186445e-01
0.000000000000000000e+00
0.000000000000000000e+00
0.000000000000000000e+00
6.496688270386197228e-01
1.128231142921940489e+00
-5.474299269656397460e-01
-1.179229912289430499e-01
1.266510873679599081e-01
1.210763360102863340e-01
6.520417279892439799e-01
1.128039345153758255e+00
-5.544806206457434383e-01
-2.358459824578861275e-01
2.533021748755688307e-01
2.421526720918971698e-01
-2.066363715318135508e-01
-9.623594277010896203e-01
-7.866030704342257263e-01
-3.531591014186231670e-01
3.055321337591590525e-01
2.104552609794124729e-01
-2.446157965335095108e-01
-9.331494205289768695e-01
-9.091610704415730160e-01
-4.180516042781703967e-01
3.341882840572052982e-01
1.924431712699123664e-01
-2.772577900393702777e+00
7.779418930905701579e-01
2.820425710257316032e-01
-4.321122862662910569e-01
2.521927566648128893e-01
2.803852822950517742e-01
-2.772577900393702777e+00
7.779418930905708240e-01
2.820425710257313812e-01
-4.321122863660628588e-01
2.521927565956479933e-01
2.803852815050336678e-01
-4.514355602082816610e+00
-2.336466039663207539e+00
4.596940125341109074e-02
-4.254853919572477161e-01
2.442734989730654949e-01
3.673732250756834850e-01
-4.514355602082816610e+00
-2.336466039663207539e+00
4.596940125341109074e-02
-3.540390582644376005e-01
1.035509385757257261e-01
2.312103328526891877e-01
-4.071418560391447450e+00
-1.782204698550234445e+00
1.203148428304881445e+00
-4.600465753543786507e-01
9.436674553720081349e-02
4.411038331218055109e-01
-4.071418560391447450e+00
-1.782204698550234445e+00
1.203148428304881445e+00
-5.037613256089581437e-01
8.999012935085626275e-02
2.866914039403342662e-01
-2.201778366721010016e+00
1.598374156763913811e+00
3.148875566836909501e-01
-4.755124504650210526e-01
8.369585920648769939e-02
3.185017241451728043e-01
-2.201778366721010016e+00
1.598374156763913811e+00
3.148875566836909501e-01
-5.325347816973040604e-01
6.046862295372934515e-03
3.139337908135985122e-01
0.000000000000000000e+00
0.000000000000000000e+00
0.000000000000000000e+00
0.000000000000000000e+00
0.000000000000000000e+00
0.000000000000000000e+00
-4.299905397879911217e-01
-7.717883995079746559e-10
2.315365585352356728e-09
0.000000000000000000e+00
-0.000000000000000000e+00
0.000000000000000000e+00
-4.299905471766116705e-01
4.519849669205567300e-01
-8.890445871700067837e-01
0.000000000000000000e+00
0.000000000000000000e+00
0.000000000000000000e+00
6.538911775897898737e-01
1.129336886483335078e+00
-5.446829221615479000e-01
-1.173659487858741690e-01
1.263025713383328086e-01
1.209760608396922565e-01
6.586077846629807553e-01
1.128982823223864784e+00
-5.588320544278276847e-01
-2.347318975717482825e-01
2.526051428177021330e-01
2.419521217510866573e-01
-2.032178002640941950e-01
-9.638806655130667256e-01
-7.937501101541110105e-01
-3.530823854899931558e-01
3.054684851878595175e-01
2.092683359825537881e-01
-2.393263526128258378e-01
-9.358882372098380475e-01
-9.106634624967610003e-01
-4.184994986896287683e-01
3.344814642701022800e-01
1.907850280061893500e-01
-2.772668163693718490e+00
7.779645856988948172e-01
2.821019841893290248e-01
-4.325452170858177237e-01
2.525522543587193636e-01
2.786748991712251766e-01
-2.772668163693717602e+00
7.779645856988950392e-01
2.821019841893288027e-01
-4.325452171855888039e-01
2.525522542896337375e-01
2.786748983811354052e-01
-4.494172801169120213e+00
-2.301689357209797393e+00
4.833510729046641696e-02
-4.258994589061662062e-01
2.447169112338666574e-01
3.656012696706401610e-01
-4.494172801169120213e+00
-2.301689357209797393e+00
4.833510729046641696e-02
-3.557860383775556801e-01
1.049754402706995215e-01
2.303035677156038130e-01
-2.341950763340520325e+00
1.627197017348298580e+00
-2.332689143939425946e-02
-4.604650373249661310e-01
9.478483131851453414e-02
4.393439966232212113e-01
-2.341950763340520325e+00
1.627197017348298580e+00
-2.332689143939425946e-02
-5.203126275501744891e-01
9.005643365980475767e-03
4.642281877552855152e-01
-2.202034089497280966e+00
1.598507037970481770e+00
3.150692010282762912e-01
-4.759307990985114922e-01
8.412626734315364896e-02
3.167307506053230748e-01
-2.202034089497280966e+00
1.598507037970481770e+00
3.150692010282762912e-01
-5.329364909150160479e-01
6.502758393863050657e-03
3.121388980751742537e-01
