-2.221441471072811424e+00
nan
-2.221441467085554233e+00
2.610459999999999864e-02
2.799937000000000120e-01
-1.333499999999999686e-01
1.497110011565905729e+00
-9.929558067977521940e-01
-1.497110017845125318e+00
8.860460000000003333e-02
2.799937001121810543e-01
-1.333500001121810108e-01
-3.676130191569875194e-01
-3.010477747182858987e+00
-6.095200347137462726e-01
2.073546000000000833e-01
2.799937003253250012e-01
-1.333500007516129071e-01
-1.160290006250765060e+00
-5.171421371914840526e-01
-1.191466559569092309e+00
1.580245789150189206e-01
9.668816029717017257e-02
-2.107491481289700541e-01
-2.300719004261463141e+00
7.981126146336313676e-01
-1.506070859811819096e+00
1.086945578300377580e-01
-8.661737987411385897e-02
-2.881482951673522419e-01
-6.331341560485140851e-01
-1.341730754552024063e+00
-2.587640875073593083e+00
3.725194762876724019e-02
-2.535874570539439765e-01
-3.887474839026044959e-01
1.754410005220286006e-01
8.078158980459828609e-01
-1.610157917176622933e+00
6.663048624595553637e-03
-3.375344844561151136e-01
-4.414853104415481511e-01
-1.684432646710821935e+00
-8.978021883899048317e-02
2.564925562640808732e+00
1.018846468376145009e-01
-3.365491603653546493e-01
-4.826670888173610341e-01
-1.684432647208173428e+00
-8.978021124028219557e-02
2.564925563812478160e+00
1.018846469513597086e-01
-3.365491603917498131e-01
-4.826670885549879109e-01
3.651067730077506845e-01
1.918237921197749052e-01
6.642888844534282633e-01
2.073374321575269796e-01
-3.669013610583160001e-01
-5.283772076985481236e-01
3.651067730077506845e-01
1.918237921197749052e-01
6.642888844534282633e-01
2.087078201796910837e-01
-4.086560330001211550e-01
-5.410029960822864137e-01
-8.113269579379157603e-01
-2.644607786932592575e+00
2.950011881363594490e-01
1.990950655241135459e-01
-3.062747448685277374e-01
-5.461612136031945841e-01
-8.113269579379157603e-01
-2.644607786932592575e+00
2.950011881363594490e-01
2.000641099725552208e-01
-3.497255041608715032e-01
-5.421820686717117033e-01
1.402812878996607227e+00
-2.494046203706482334e+00
-6.484972346635726748e-01
2.167666854941542876e-01
-3.104011520499020960e-01
-5.054495415617767939e-01
1.402812878996607227e+00
-2.494046203706482334e+00
-6.484972346635726748e-01
2.570586555826664954e-01
-3.057628520385485826e-01
-5.215673715646375053e-01
-2.221441471072811424e+00
nan
-2.221441467085554233e+00
2.610459999999999864e-02
2.799937000000000120e-01
1.333500000000000241e-01
1.497563717011932916e+00
-9.925608584889765718e-01
-1.497563723294304650e+00
8.860460000000003333e-02
2.799937001121810543e-01
1.333499998878189818e-01
-3.683432731248323933e-01
-3.010019122891654852e+00
-6.104386365493886801e-01
2.073546000000000833e-01
2.799937003253250012e-01
1.333499992483870855e-01
-1.160213427369519046e+00
-5.154662155131493062e-01
-1.190675679587498648e+00
1.579221654230728578e-01
9.676157380500421956e-02
5.584243689064692651e-02
-2.303368822162122687e+00
7.961401941375723101e-01
-1.505047256501515829e+00
1.084897308461456045e-01
-8.647055285866458996e-02
-2.166512512821075487e-02
-6.334470059158281430e-01
-1.344441895581815150e+00
-2.586195962426096617e+00
3.708673547234281331e-02
-2.536791931267247113e-01
-1.218955240666325379e-01
1.738361959201047413e-01
8.062390926522383650e-01
-1.610244775716353383e+00
6.514307564428188646e-03
-3.377431071253758632e-01
-1.744564174669805956e-01
-1.684404509617639434e+00
-8.960930341951342526e-02
2.564843389168430132e+00
1.017363470797561786e-01
-3.367724164662037611e-01
-2.156375229667790161e-01
-1.684404510114374087e+00
-8.960929582094830093e-02
2.564843390339914375e+00
1.017363471934958352e-01
-3.367724164926030328e-01
-2.156375227044038945e-01
3.640289321621693053e-01
1.933420960697887769e-01
6.553191439360632753e-01
2.071853738748024032e-01
-3.671408270259571283e-01
-2.613455460570143774e-01
3.640289321621693053e-01
1.933420960697887769e-01
6.553191439360632753e-01
2.081758479068212819e-01
-4.089383755387734354e-01
-2.738645326022849380e-01
1.433391779972289948e+00
-2.335008064763507640e+00
-1.825200860829356841e-01
1.989513314704042246e-01
-3.065138618102686285e-01
-2.791322179991815311e-01
1.433391779972289948e+00
-2.335008064763507640e+00
-1.825200860829356841e-01
2.386067705388325577e-01
-3.017464639788648428e-01
-2.967236703217527860e-01
1.402241378872793209e+00
-2.494331690662285439e+00
-6.484031119117436015e-01
2.166220882704932293e-01
-3.106409076235500111e-01
-2.384202360286709066e-01
1.402241378872793209e+00
-2.494331690662285439e+00
-6.484031119117436015e-01
2.569147071271760119e-01
-3.060213948765794223e-01
-2.545418393069019403e-01
0.000000000000000000e+00
0.000000000000000000e+00
0.000000000000000000e+00
0.000000000000000000e+00
0.000000000000000000e+00
0.000000000000000000e+00
6.161675677989454369e-01
1.105956845503490034e-09
-3.317871090827629292e-09
0.000000000000000000e+00
-0.000000000000000000e+00
0.000000000000000000e+00
6.161675594851909743e-01
4.338707963661273537e-01
-1.027542588893682218e+00
0.000000000000000000e+00
0.000000000000000000e+00
0.000000000000000000e+00
8.522680414329601994e-01
1.311197126788328227e+00
-6.570992864951774592e-01
-2.219354788697578129e-01
9.837954132158228948e-02
-9.154407170636441604e-02
-1.584363569736291222e+00
1.491081234485279516e+00
4.698554355304355168e-01
-4.438709577395155703e-01
1.967590824342991540e-01
-1.830881435009204805e-01
-1.850308883544373284e+00
7.612308877081246372e-01
1.134341695327811816e-02
-5.154207219332136436e-01
3.805693925590929172e-03
1.879798994326202788e-01
-1.803769666397109450e+00
6.779219387314702194e-01
1.169593590879466072e-01
-5.546141383114399082e-01
-9.412255765378473027e-02
3.665930447249602930e-01
-2.698161215111820166e+00
6.686670484753115540e-01
5.037690229085283189e-01
-5.826474122225299146e-01
-1.572679431980396891e-01
3.002629365487974877e-01
-2.698161215111819722e+00
6.686670484753115540e-01
5.037690229085285409e-01
-5.826474120337925555e-01
-1.572679424328134179e-01
3.002629365439583586e-01
-4.847706842305216313e+00
2.672048163874107818e+00
-6.354910229154614676e+00
-5.979217640140520595e-01
-2.274773664778138860e-01
3.116452645384694131e-01
-4.847706842305216313e+00
2.672048163874107818e+00
-6.354910229154614676e+00
-8.970056705202554825e-01
-2.973921800751209155e-01
5.103979306105493885e-01
-3.887253052909720452e+00
3.897468085464247944e-01
-2.252354101945988951e+00
-6.403551539525594860e-01
-2.796137304444191174e-01
1.535762791009285810e-01
-3.887253052909720452e+00
3.897468085464247944e-01
-2.252354101945988951e+00
-7.366707908395486726e-01
-2.663284183999578558e-01
3.221026938302176124e-01
-2.313932455699840407e+00
3.954573994273011261e-01
1.385656061087339408e+00
-6.110538442562460926e-01
-1.608646612143952159e-01
1.528935609483271230e-01
-2.313932455699840407e+00
3.954573994273011261e-01
1.385656061087339408e+00
-6.238548479174621519e-01
-1.423294186071704104e-01
1.262270903037776559e-01
0.000000000000000000e+00
0.000000000000000000e+00
0.000000000000000000e+00
0.000000000000000000e+00
0.000000000000000000e+00
0.000000000000000000e+00
6.149359941879507518e-01
1.103746298670123633e-09
-3.311239449219580800e-09
0.000000000000000000e+00
-0.000000000000000000e+00
0.000000000000000000e+00
6.149359858500959009e-01
4.358104024051564496e-01
-1.030279678595036774e+00
0.000000000000000000e+00
0.000000000000000000e+00
0.000000000000000000e+00
8.524479157890598735e-01
1.316200300316874738e+00
-6.578729622858370263e-01
-2.225589383602107063e-01
9.859142207738158525e-02
-9.113285915634562750e-02
-1.584871366760176814e+00
1.495067301179095587e+00
4.737384798011510245e-01
-4.451178767204214126e-01
1.971828439463720883e-01
-1.822657184008409925e-01
-1.852426517801431860e+00
7.593804504397904109e-01
1.375087871982572096e-02
-5.157559017071836616e-01
4.504208108283891399e-03
1.894907514245247893e-01
-1.806627962325763059e+00
6.777148070753140630e-01
1.177247699035119527e-01
-5.545136639269484524e-01
-9.328138237418741319e-02
3.684290789815552469e-01
-2.698338822338642640e+00
6.686247339217846752e-01
5.033669914051157601e-01
-5.825369832303910478e-01
-1.564703263979254633e-01
3.021420159544782602e-01
-2.698338822338642196e+00
6.686247339217844532e-01
5.033669914051162042e-01
-5.825369830416720074e-01
-1.564703256326958059e-01
3.021420159496633895e-01
-4.853923735083441215e+00
2.677931366798408597e+00
-6.375715595132493974e+00
-5.978120425499720003e-01
-2.267265002302386034e-01
3.135804496574305378e-01
-4.853923735083441215e+00
2.677931366798408597e+00
-6.375715595132493974e+00
-8.978263111915493200e-01
-2.938076868940340258e-01
5.138101409737485525e-01
-2.303891852555210562e+00
7.611331500079717705e-01
1.417617384340166486e+00
-6.402222644233013238e-01
-2.788657128041938660e-01
1.554938401471057108e-01
-2.303891852555210562e+00
7.611331500079717705e-01
1.417617384340166486e+00
-6.603700479866585482e-01
-2.631782766777329141e-01
1.143272018723431593e-01
-2.314153595505967331e+00
3.954010596111293130e-01
1.385268649913428352e+00
-6.109238076764177405e-01
-1.601161156325020263e-01
1.548149030229967194e-01
-2.314153595505967331e+00
3.954010596111293130e-01
1.385268649913428352e+00
-6.236975728815142839e-01
-1.416078800990677733e-01
1.281928967996693314e-01
