-2.221441471072811424e+00
nan
-2.221441467085554233e+00
2.610459999999999864e-02
2.799937000000000120e-01
-1.333499999999999686e-01
1.559246061231502445e+00
-9.370784687558201265e-01
-1.559246067945599057e+00
8.860460000000003333e-02
2.799937001121810543e-01
-1.333500001121810108e-01
-6.441617333086560038e-01
-2.878737805343506651e+00
-7.174777698338306031e-01
2.073546000000000833e-01
2.799937003253250012e-01
-1.333500007516129071e-01
-1.192955418213127450e+00
-2.004092975531331644e-01
-1.161744957257395239e+00
1.199854651953452117e-01
1.162357339663442346e-01
-2.203842626112792746e-01
-2.673960929881956883e+00
6.061746649312177437e-01
-1.329394039924526538e+00
3.261633039069034012e-02
-4.752223256532253637e-02
-3.074185241460309914e-01
-7.540058048662414691e-01
-1.659297111151408766e+00
-2.355483231135928168e+00
-3.999078511120614243e-02
-2.364956120247558302e-01
-3.534676135417544329e-01
-1.020748709182957015e-01
6.586592967010543864e-01
-1.722026524785303936e+00
-7.186324295630083792e-02
-3.315892165253996882e-01
-3.800272692998360458e-01
1.450948486083293520e+00
-3.833782594309829150e-01
-2.497997649860104641e+00
1.863473687232816700e-02
-3.430395084388992433e-01
-4.294546803389823197e-01
1.450948485457276504e+00
-3.833782663774868982e-01
-2.497997647652927533e+00
1.863473701156112550e-02
-3.430395083462504657e-01
-4.294546801055198482e-01
-2.612421761480406834e-01
3.607170032401101900e-01
-4.801561343878636423e-01
1.219905972867260519e-01
-3.842311141201761870e-01
-4.713089361102095198e-01
-2.612421761480406834e-01
3.607170032401101900e-01
-4.801561343878636423e-01
8.721187393868111426e-02
-4.029832243872354947e-01
-4.527741070734417894e-01
-1.500883211925515770e+00
-2.369080131872218775e+00
1.069268690080283690e+00
1.061430576470031723e-01
-3.372702161350036865e-01
-5.113504597095137605e-01
-1.500883211925515770e+00
-2.369080131872218775e+00
1.069268690080283690e+00
9.173325408074375908e-02
-3.668209895950670929e-01
-4.826476641365415321e-01
1.436461392184325669e+00
-2.193853924209845818e+00
-2.066457552044168866e-01
1.277724085993992564e-01
-3.229208530561599177e-01
-4.751148337923366549e-01
1.436461392184325669e+00
-2.193853924209845818e+00
-2.066457552044168866e-01
1.648478141919683948e-01
-3.165071607795382214e-01
-4.972286298512972325e-01
-2.221441471072811424e+00
nan
-2.221441467085554233e+00
2.610459999999999864e-02
2.799937000000000120e-01
1.333500000000000241e-01
1.559265179456470474e+00
-9.370607083652827685e-01
-1.559265186170702089e+00
8.860460000000003333e-02
2.799937001121810543e-01
1.333499998878189818e-01
-6.455516437804313945e-01
-2.878194240314161600e+00
-7.173844250680372348e-01
2.073546000000000833e-01
2.799937003253250012e-01
1.333499992483870855e-01
-1.193345747741022977e+00
-1.982900877408850793e-01
-1.160474701256624774e+00
1.198000323330782740e-01
1.163153745135641071e-01
4.635227893275194189e-02
-2.676395061097283534e+00
6.041791686234995185e-01
-1.326749287070024153e+00
3.224546466615647866e-02
-4.736295147089172874e-02
-4.064544105797328333e-02
-7.536545857771366208e-01
-1.661272287165793449e+00
-2.353974185907490302e+00
-4.022048537704775439e-02
-2.364671636428640200e-01
-8.637872240923358258e-02
-1.034247167438448745e-01
6.572821387516086800e-01
-1.721931761302425867e+00
-7.202959868776243058e-02
-3.316232771124054679e-01
-1.127900245308227911e-01
1.451105287219758067e+00
-3.836055054493129890e-01
-2.498002306827087349e+00
1.847260726437276179e-02
-3.430906475777215636e-01
-1.622057369349611811e-01
1.451105286593075583e+00
-3.836055123960418478e-01
-2.498002304619902691e+00
1.847260740359157882e-02
-3.430906474850780596e-01
-1.622057367014881901e-01
-2.628793554138353361e-01
3.596127264662238310e-01
-4.887208665942600616e-01
1.218272712279318271e-01
-3.843007655808519107e-01
-2.040447211233166469e-01
-2.628793554138353361e-01
3.596127264662238310e-01
-4.887208665942600616e-01
8.687491747106100559e-02
-4.027147284604019051e-01
-1.854974824464916128e-01
1.414648209002495882e+00
-1.947810672508061947e+00
1.705791447309310815e-01
1.059916820420136740e-01
-3.373401883594435713e-01
-2.440913485284675055e-01
1.414648209002495882e+00
-1.947810672508061947e+00
1.705791447309310815e-01
1.410715888403034080e-01
-3.322786712084881411e-01
-2.695574496781113494e-01
1.435970079905115160e+00
-2.194257253708816524e+00
-2.064350947645713363e-01
1.276188358898249220e-01
-3.229916405612533459e-01
-2.078540884012703427e-01
1.435970079905115160e+00
-2.194257253708816524e+00
-2.064350947645713363e-01
1.647005197048380942e-01
-3.165980209788597510e-01
-2.299631697636658756e-01
0.000000000000000000e+00
0.000000000000000000e+00
0.000000000000000000e+00
0.000000000000000000e+00
0.000000000000000000e+00
0.000000000000000000e+00
3.925251684130768304e-01
7.045419456100032143e-10
-2.113626189953814841e-09
0.000000000000000000e+00
-0.000000000000000000e+00
0.000000000000000000e+00
3.925251586634277423e-01
6.189906318610647329e-01
-1.164652219938780542e+00
0.000000000000000000e+00
0.000000000000000000e+00
0.000000000000000000e+00
8.108035653685121691e-01
1.402979410956548767e+00
-7.479770139303310028e-01
-2.445944717947231839e-01
1.359177942499917302e-01
-1.019844576957133764e-02
-8.211919397622814421e-01
1.591444911385342165e+00
5.356934101017103433e-01
-4.891889435894463123e-01
2.718355883724462019e-01
-2.039689160692625958e-02
-1.238435584407312939e+00
3.465706592294700572e-01
1.879998741064966006e-01
-4.612417385211308174e-01
1.951252940264255331e-01
2.503367489306604354e-01
-1.465928772037222272e+00
5.524770554172191428e-01
-2.762235550817297436e-01
-4.525689502516631602e-01
1.562408531636662046e-01
3.791501113204511775e-01
-2.733488329872542533e+00
7.128555197495533013e-01
4.160812582493834677e-01
-4.830393010985377655e-01
5.878611547809300258e-02
3.459373662677477923e-01
-2.733488329872542533e+00
7.128555197495536344e-01
4.160812582493841338e-01
-4.830393009706621665e-01
5.878611617419217394e-02
3.459373659152406577e-01
-5.168049600529904808e+00
-2.672398254680046215e-01
-5.143710455361128808e+00
-4.957362832288885190e-01
-1.261756777938664864e-02
3.848563440913620459e-01
-5.168049600529904808e+00
-2.672398254680046215e-01
-5.143710455361128808e+00
-5.971449533465112980e-01
2.620630309294215143e-01
4.724739201085987883e-01
-4.281288618736514451e+00
-9.180167617422405613e-01
-2.040022199539698100e+00
-5.438196538680259984e-01
-1.286644694818536716e-01
2.677862835951846376e-01
-4.281288618736514451e+00
-9.180167617422405613e-01
-2.040022199539698100e+00
-6.304535351849732683e-01
2.361680169680838159e-02
3.810732324773759561e-01
-2.245162800201384812e+00
8.573373258545186060e-01
1.276699166949889053e+00
-5.239593889663086701e-01
-2.061524135223241974e-02
2.131438648630452626e-01
-2.245162800201384812e+00
8.573373258545186060e-01
1.276699166949889053e+00
-5.511067273306259340e-01
-2.293017420068843223e-02
1.669579524659304814e-01
0.000000000000000000e+00
0.000000000000000000e+00
0.000000000000000000e+00
0.000000000000000000e+00
0.000000000000000000e+00
0.000000000000000000e+00
3.870483503339635090e-01
6.947116254784037059e-10
-2.084135224631957080e-09
0.000000000000000000e+00
-0.000000000000000000e+00
0.000000000000000000e+00
3.870483405672847099e-01
6.201061597453318974e-01
-1.166673527730628823e+00
0.000000000000000000e+00
0.000000000000000000e+00
0.000000000000000000e+00
8.080757344924746066e-01
1.407193125823842594e+00
-7.483238710402821958e-01
-2.449069920393772415e-01
1.358199196102010120e-01
-9.058297668175688266e-03
-8.148752881672449710e-01
1.593840043058917022e+00
5.338559311213908476e-01
-4.898139840787544275e-01
2.716398390946462293e-01
-1.811659540319260353e-02
-1.232225887820791677e+00
3.453468634695046058e-01
1.873271652798325082e-01
-4.617511139288275057e-01
1.956865410397931604e-01
2.514788869212489786e-01
-1.460724220725115652e+00
5.511379893366064042e-01
-2.789109023735181769e-01
-4.530468492813685688e-01
1.571831398079535647e-01
3.797178908344321369e-01
-2.733546790402453741e+00
7.124150307589203202e-01
4.160714257602784460e-01
-4.834801003017539789e-01
5.975835988593814624e-02
3.465893528021599668e-01
-2.733546790402453297e+00
7.124150307589204312e-01
4.160714257602787791e-01
-4.834801001739704729e-01
5.975836058207241452e-02
3.465893524497331013e-01
-5.158988964353500961e+00
-2.642276159720220452e-01
-5.124309873837606055e+00
-4.961404689559112402e-01
-1.160753866154743200e-02
3.856077224950464344e-01
-5.158988964353500961e+00
-2.642276159720220452e-01
-5.124309873837606055e+00
-5.954000134145102097e-01
2.631841524616213013e-01
4.713697766748711215e-01
-2.268735157918708722e+00
1.202168799034356361e+00
1.153696935601016049e+00
-5.442092425695796987e-01
-1.276656046416792534e-01
2.685202991129907457e-01
-2.268735157918708722e+00
1.202168799034356361e+00
1.153696935601016049e+00
-5.806632516312837389e-01
-1.449698626806342205e-01
2.148650877742724896e-01
-2.245303204358465532e+00
8.568813241039023865e-01
1.276738429179179013e+00
-5.243632945214262708e-01
-1.961091779140497482e-02
2.138903628585953620e-01
-2.245303204358465532e+00
8.568813241039023865e-01
1.276738429179179013e+00
-5.514711332563509982e-01
-2.190889827451481323e-02
1.677601459953872165e-01
