-2.221441471072811424e+00
nan
-2.221441467085554233e+00
2.610459999999999864e-02
2.799937000000000120e-01
-1.333499999999999686e-01
1.571235866831191430e+00
-9.258695823104730049e-01
-1.571235873629968305e+00
8.860460000000003333e-02
2.799937001121810543e-01
-1.333500001121810108e-01
-7.273195502244030886e-01
2.835023121306602167e+00
7.326996700614673008e-01
2.073546000000000833e-01
2.799937003253250012e-01
-1.333500007516129071e-01
-1.594800728006231794e-01
-1.267929722810125392e+00
-1.556355293279201746e+00
3.060438653453400604e-01
1.228126960641622301e-01
-2.204106738770226503e-01
-7.185744158360989342e-01
6.410995718469013616e-01
-1.234567528021161431e+00
4.047331306906800097e-01
-3.436830837528440097e-02
-3.074713466805553130e-01
-8.720389386829943135e-01
-3.967200300100673926e-01
2.696089419953207500e+00
5.206557788119232644e-01
-3.094487571714196750e-04
-4.763061290391443769e-01
1.665691460708173643e+00
1.255291247446131964e+00
-1.085547907757067776e+00
5.830633388864585598e-01
1.752213851186146601e-02
-5.572468075698445711e-01
-7.574191133172062385e-01
-1.486377617416031693e+00
3.805631242541090420e-01
6.839451696972064232e-01
-5.104321484461042668e-03
-5.485887465683001452e-01
-7.574191132272514171e-01
-1.486377615197110202e+00
3.805631295448286822e-01
6.839451696732247177e-01
-5.104321673575412666e-03
-5.485887467830906639e-01
3.269489001465126221e-01
-2.825128128772005365e+00
7.252176115028919900e-01
8.020118762382749678e-01
-9.388951084384776491e-03
-5.617362080153729398e-01
3.269489001465126221e-01
-2.825128128772005365e+00
7.252176115028919900e-01
8.349592654905605427e-01
-3.622707789335193052e-02
-5.517900723107800331e-01
-2.572768528533261878e-01
1.116736773064508581e+00
2.175500063390230832e+00
7.914023607977649366e-01
-3.507306534019640626e-02
-5.043989729811302336e-01
-2.572768528533261878e-01
1.116736773064508581e+00
2.175500063390230832e+00
8.331745377092113491e-01
-3.196244835881764668e-02
-5.166525611366046267e-01
-2.050510511073942721e-01
6.604444798663553495e-01
2.304497474729156004e+00
7.877062096305073036e-01
-6.440777141339040779e-02
-5.377541392248786911e-01
-2.050510511073942721e-01
6.604444798663553495e-01
2.304497474729156004e+00
8.302718235739783292e-01
-5.721528259829610635e-02
-5.441711275270439963e-01
-2.221441471072811424e+00
nan
-2.221441467085554233e+00
2.610459999999999864e-02
2.799937000000000120e-01
1.333500000000000241e-01
1.571240405217997571e+00
-9.258653125972179376e-01
-1.571240412016806642e+00
8.860460000000003333e-02
2.799937001121810543e-01
1.333499998878189818e-01
-7.273207099306066015e-01
2.835018484351407686e+00
7.327083928539291913e-01
2.073546000000000833e-01
2.799937003253250012e-01
1.333499992483870855e-01
-1.594801977449056551e-01
-1.267922530113557489e+00
-1.556350268217066679e+00
3.060441447505088952e-01
1.228134015001758061e-01
4.628836924886231552e-02
-7.185776042523156493e-01
6.411042973426247515e-01
-1.234558242137207884e+00
4.047336895010177349e-01
-3.436689750325935822e-02
-4.077326042878653967e-02
-8.720274018440037356e-01
-3.967276932789985944e-01
2.696092966305531302e+00
5.206549777608120433e-01
-3.067106851163958758e-04
-2.096087087271309435e-01
1.665693098147622786e+00
1.255296120356271583e+00
-1.085546073131643530e+00
5.830618761343513423e-01
1.752555727046398518e-02
-2.905497474834696781e-01
-7.574174401662225886e-01
-1.486376317925851787e+00
3.805643544459244576e-01
6.839437497599899496e-01
-5.100790107910421062e-03
-2.818918910458853566e-01
-7.574174400762645476e-01
-1.486376315706933182e+00
3.805643597366437092e-01
6.839437497360080220e-01
-5.100790297024745956e-03
-2.818918912606758753e-01
3.268677546076773077e-01
-2.825148425114514250e+00
7.252288702444686930e-01
8.020104356227181208e-01
-9.385279491167700106e-03
-2.950395838808360649e-01
3.268677546076773077e-01
-2.825148425114514250e+00
7.252288702444686930e-01
8.349561984421501881e-01
-3.622498320966511393e-02
-2.850923158559456883e-01
-2.668316280269837359e-01
1.109992435380233511e+00
2.158844076320079797e+00
7.914010612688586743e-01
-3.506942664427842304e-02
-2.377023374768010011e-01
-2.668316280269837359e-01
1.109992435380233511e+00
2.158844076320079797e+00
8.333831214313984770e-01
-3.247435943650006651e-02
-2.493433587080333136e-01
-2.050386197881557682e-01
6.604539895484844436e-01
2.304534091168761734e+00
7.877048788267726476e-01
-6.440412490209540541e-02
-2.710575071282605442e-01
-2.050386197881557682e-01
6.604539895484844436e-01
2.304534091168761734e+00
8.302701260117296700e-01
-5.721024265666778408e-02
-2.774753661896944279e-01
0.000000000000000000e+00
0.000000000000000000e+00
0.000000000000000000e+00
0.000000000000000000e+00
0.000000000000000000e+00
0.000000000000000000e+00
-8.379310124157592909e-01
-1.503999216562571159e-09
4.511998403507879870e-09
0.000000000000000000e+00
-0.000000000000000000e+00
0.000000000000000000e+00
-8.379310194473575946e-01
4.619686725534248861e-01
-8.340470825681727263e-01
-0.000000000000000000e+00
0.000000000000000000e+00
0.000000000000000000e+00
-1.341248993543823431e+00
1.263596128630596560e+00
-3.900352510319438082e-01
-1.713156616345115069e-01
-1.552623324278247230e-01
8.611549023145628756e-02
-8.321317627538171724e-01
1.354712016194187685e+00
2.258181061422523395e-02
-3.426313232690230137e-01
-3.105246645859386923e-01
1.722309806123021592e-01
-1.512157084154437392e+00
1.160409741770626058e+00
9.045536561163677325e-01
-5.721229423993666741e-01
-4.483997063583748943e-01
-1.315228263800172215e-02
-1.675844826763624118e+00
3.106683755484207499e-01
5.911440054024444946e-01
-6.821769217304775035e-01
-5.143437401601174130e-01
-1.125347843192140429e-01
-2.673481386574489083e+00
5.344250590756085550e-01
5.055230559968963977e-01
-6.661116397934244704e-01
-4.401984838830781399e-01
-1.059571428867286391e-01
-2.673481386574489083e+00
5.344250590756083330e-01
5.055230559968959536e-01
-6.661116398126122329e-01
-4.401984844694398769e-01
-1.059571423683186575e-01
-2.763152567488189160e+00
2.249526134727595494e-01
-3.249789964154337074e-02
-6.709719936048024191e-01
-4.156625350404034580e-01
-1.576000720210394279e-01
-2.763152567488189160e+00
2.249526134727595494e-01
-3.249789964154337074e-02
-6.696067671357043283e-01
-3.892505655810433174e-01
-9.085383434167423888e-02
-2.557102590056698155e+00
1.277278421281636156e+00
1.090831446407467764e+00
-6.273456264552239592e-01
-2.677358590868414989e-01
-8.326407971141663866e-02
-2.557102590056698155e+00
1.277278421281636156e+00
1.090831446407467764e+00
-6.463900290105006885e-01
-2.535031369367916065e-01
-1.445729466301241273e-01
-2.631442286155917909e+00
1.049462017016238535e+00
1.361659520581403493e+00
-6.303420928846241722e-01
-3.587787648190993717e-01
-2.862973238184865488e-03
-2.631442286155917909e+00
1.049462017016238535e+00
1.361659520581403493e+00
-6.468701992431324932e-01
-3.177048257116649177e-01
-6.646058751357718231e-02
0.000000000000000000e+00
0.000000000000000000e+00
0.000000000000000000e+00
0.000000000000000000e+00
0.000000000000000000e+00
0.000000000000000000e+00
-8.379483522053391420e-01
-1.504030339685545523e-09
4.512091772892401728e-09
0.000000000000000000e+00
-0.000000000000000000e+00
0.000000000000000000e+00
-8.379483592369660894e-01
4.619764571352945604e-01
-8.340482267633586577e-01
-0.000000000000000000e+00
0.000000000000000000e+00
0.000000000000000000e+00
-1.341271621661548341e+00
1.263606468533968519e+00
-3.900281069813270607e-01
-1.713163728968547517e-01
-1.552649898098425185e-01
8.611672726477467843e-02
-8.321781603790910919e-01
1.354719617252739594e+00
2.256479240618158855e-02
-3.426327457937095033e-01
-3.105299793499696759e-01
1.722334546789438814e-01
-1.512198198438781338e+00
1.160409375117938513e+00
9.045430622798549258e-01
-5.721260007360042810e-01
-4.484154123166254613e-01
-1.315153219229953097e-02
-1.675883655138848960e+00
3.106761688963615153e-01
5.911325587331827114e-01
-6.821807952045797485e-01
-5.143645783415355943e-01
-1.125350056134931664e-01
-2.673478195495330390e+00
5.344222194065257892e-01
5.055172748126064430e-01
-6.661158349151321545e-01
-4.402204581631282143e-01
-1.059574738756821621e-01
-2.673478195495330390e+00
5.344222194065253451e-01
5.055172748126059989e-01
-6.661158349343204721e-01
-4.402204587494894517e-01
-1.059574733572728189e-01
-2.763095686321833000e+00
2.251375478787598916e-01
-3.217733016355772691e-02
-6.709763707030738100e-01
-4.156857789949569004e-01
-1.576004452274449297e-01
-2.763095686321833000e+00
2.251375478787598916e-01
-3.217733016355772691e-02
-6.696004971798994454e-01
-3.892606323124264689e-01
-9.085710391487078486e-02
-2.551342861879439816e+00
1.314017923998076043e+00
1.119775768986629227e+00
-6.273502921504443552e-01
-2.677591229548559881e-01
-8.326455245500577473e-02
-2.551342861879439816e+00
1.314017923998076043e+00
1.119775768986629227e+00
-6.455526960800876957e-01
-2.504488656759965570e-01
-1.450506381916114029e-01
-2.631438019374969794e+00
1.049458916131813968e+00
1.361653843718568124e+00
-6.303468392235168638e-01
-3.588019258004142564e-01
-2.863554267266171793e-03
-2.631438019374969794e+00
1.049458916131813968e+00
1.361653843718568124e+00
-6.468776960487611083e-01
-3.177309916994337513e-01
-6.646428769039876283e-02
