-2.221441471072811424e+00
nan
-2.221441467085554233e+00
2.610459999999999864e-02
2.799937000000000120e-01
-1.333499999999999686e-01
1.514648908526019522e+00
-9.775508569148904092e-01
-1.514648914927330781e+00
8.860460000000003333e-02
2.799937001121810543e-01
-1.333500001121810108e-01
-5.948073512438866173e-01
2.932071563480996179e+00
6.318955425149106464e-01
2.073546000000000833e-01
2.799937003253250012e-01
-1.333500007516129071e-01
-3.766419003437695978e-01
-1.263474247821733787e+00
-1.471848911547664507e+00
2.872406562231820670e-01
1.079584029746579465e-01
-2.111129384955935107e-01
-8.896562554442045689e-01
7.154258457753160938e-01
-1.241127809543496774e+00
3.671267124463640785e-01
-6.407689452756662463e-02
-2.888758759042827640e-01
-7.302255532005700323e-01
-1.936589551782447183e-01
2.882528494782757633e+00
4.571929304330155652e-01
-4.836607164770824474e-02
-4.752746323969663234e-01
1.466042421515768579e+00
1.192636344347894228e+00
-1.158576664252804367e+00
5.071446571916100599e-01
-3.949998933518422684e-02
-5.657747985750584130e-01
-9.274473284240706272e-01
-1.415057546868575544e+00
6.681834777646964429e-01
6.095819478973553140e-01
-5.384435594948285692e-02
-5.577185513531036642e-01
-9.274473283470922036e-01
-1.415057543888260660e+00
6.681834827902721763e-01
6.095819478749293641e-01
-5.384435619362585440e-02
-5.577185515026550355e-01
3.180182653119260627e-01
-2.633563357714074904e+00
1.117847170493504461e+00
7.268754092249335441e-01
-5.615815449033931261e-02
-5.768980000645201889e-01
3.180182653119260627e-01
-2.633563357714074904e+00
1.117847170493504461e+00
7.608393044763334112e-01
-7.825458400946724846e-02
-5.606824906223794036e-01
-2.892413632716288596e-01
1.525463406167302249e+00
2.153839637530726936e+00
7.208198670517426132e-01
-6.460274939163357377e-02
-5.140345505067545062e-01
-2.892413632716288596e-01
1.525463406167302249e+00
2.153839637530726936e+00
7.599372373759524235e-01
-6.158152120518636113e-02
-5.331511569988610644e-01
-2.737242376118235732e-01
1.051537865884668577e+00
2.309056921091689141e+00
7.173630801874106844e-01
-1.024830735377413871e-01
-5.372699824192537221e-01
-2.737242376118235732e-01
1.051537865884668577e+00
2.309056921091689141e+00
7.583458078584499606e-01
-9.411402576232714978e-02
-5.497245477101128097e-01
-2.221441471072811424e+00
nan
-2.221441467085554233e+00
2.610459999999999864e-02
2.799937000000000120e-01
1.333500000000000241e-01
1.514667576093340795e+00
-9.775343093317895304e-01
-1.514667582494782394e+00
8.860460000000003333e-02
2.799937001121810543e-01
1.333499998878189818e-01
-5.948096259183184298e-01
2.932056822687370445e+00
6.319332585452749340e-01
2.073546000000001110e-01
2.799937003253250012e-01
1.333499992483870855e-01
-3.766457247647550521e-01
-1.263439692044819429e+00
-1.471826515782905798e+00
2.872413074491121376e-01
1.079607269435064187e-01
5.558258934969925735e-02
-8.896790250474764239e-01
7.154462480053445095e-01
-1.241099555819032751e+00
3.671280148982241642e-01
-6.407224658987858978e-02
-2.218482021370120350e-02
-7.301755574881113597e-01
-1.936710588523575249e-01
2.882542905435566460e+00
4.571878427224788100e-01
-4.835915327888370974e-02
-2.085864728642762289e-01
1.466041526153448959e+00
1.192647816427111929e+00
-1.158578802664196550e+00
5.071364471805852592e-01
-3.949186936742064141e-02
-2.990882446078235724e-01
-9.274408789004627840e-01
-1.415051701975858833e+00
6.681875092400161309e-01
6.095738411732744000e-01
-5.383599543065042958e-02
-2.910328824515473478e-01
-9.274408788234695944e-01
-1.415051698995553497e+00
6.681875142655910871e-01
6.095738411508477839e-01
-5.383599567479327441e-02
-2.910328826010988301e-01
3.178088518216553582e-01
-2.633632791352030544e+00
1.117895342659893210e+00
7.268671460381939120e-01
-5.614948069480432680e-02
-3.102133257874867822e-01
3.178088518216553582e-01
-2.633632791352030544e+00
1.117895342659893210e+00
7.608267332764216961e-01
-7.824927434038395080e-02
-2.939933788072406906e-01
-3.395227300391550629e-01
1.491891605986135794e+00
2.097461007319516124e+00
7.208121559978422077e-01
-6.459417419593317666e-02
-2.473498362912519011e-01
-3.395227300391550629e-01
1.491891605986135794e+00
2.097461007319516124e+00
7.611952839520399472e-01
-6.273463035766588258e-02
-2.637963008948818744e-01
-2.736752640135628467e-01
1.051572274378407057e+00
2.309139732310140580e+00
7.173552656340940192e-01
-1.024744758678040879e-01
-2.705852894450227475e-01
-2.736752640135628467e-01
1.051572274378407057e+00
2.309139732310140580e+00
7.583365834902382474e-01
-9.410288658007136264e-02
-2.830427853483409861e-01
0.000000000000000000e+00
0.000000000000000000e+00
0.000000000000000000e+00
0.000000000000000000e+00
0.000000000000000000e+00
0.000000000000000000e+00
-6.286611301912281569e-01
-1.128381493561205482e-09
3.385145046240244617e-09
0.000000000000000000e+00
-0.000000000000000000e+00
0.000000000000000000e+00
-6.286611368751716666e-01
3.699910815511914253e-01
-8.185329418257181189e-01
-0.000000000000000000e+00
0.000000000000000000e+00
0.000000000000000000e+00
-1.048506554810864300e+00
1.274131738810885928e+00
-4.098456877566651335e-01
-1.695881514787969391e-01
-1.142759054600997887e-01
7.859477727225425148e-02
-9.015818650840080606e-01
1.304362270064411966e+00
-3.257887337972431019e-01
-3.391763029575938226e-01
-2.285518107094149098e-01
1.571895546397867882e-01
-1.488062450317152674e+00
1.200266065973135898e+00
7.367689367379821608e-01
-5.771893990206321545e-01
-4.259481083532059564e-01
2.554598509657476924e-02
-1.590869107153658257e+00
3.896214378381853138e-01
6.006077295641025771e-01
-6.923459314875555215e-01
-5.238151267781311349e-01
-4.760266163921653138e-02
-2.672846199321125216e+00
5.411314609173164536e-01
5.155149391184732366e-01
-6.805917073971086140e-01
-4.494740633596553958e-01
-6.469441642386317137e-02
-2.672846199321125660e+00
5.411314609173158985e-01
5.155149391184729035e-01
-6.805917073521762228e-01
-4.494740637709442321e-01
-6.469441575917120324e-02
-2.689112238039154335e+00
4.640917929896963834e-01
4.446048291729205459e-01
-6.897775127839842479e-01
-4.402712483777581065e-01
-1.219811708721812715e-01
-2.689112238039154335e+00
4.640917929896963834e-01
4.446048291729205459e-01
-6.724278486610563155e-01
-3.815654116445624799e-01
-7.832375687946113718e-02
-2.582061540633581842e+00
1.367098317123833784e+00
8.318206319294150219e-01
-6.514068076600675328e-01
-2.753686386058108448e-01
-9.613322310262523152e-02
-2.582061540633581842e+00
1.367098317123833784e+00
8.318206319294150219e-01
-6.800542081637984682e-01
-2.921902573140043868e-01
-1.574115113488656348e-01
-2.663001701448926894e+00
6.832702173722078332e-01
6.434214843619749935e-01
-6.444523578799543628e-01
-3.392553997526306375e-01
6.985633446327049745e-03
-2.663001701448926894e+00
6.832702173722078332e-01
6.434214843619749935e-01
-6.583470165558693576e-01
-3.460527608416925638e-01
-4.330343226340538365e-02
0.000000000000000000e+00
0.000000000000000000e+00
0.000000000000000000e+00
0.000000000000000000e+00
0.000000000000000000e+00
0.000000000000000000e+00
-6.283971249652962054e-01
-1.127907631576046117e-09
3.383723460047261463e-09
0.000000000000000000e+00
-0.000000000000000000e+00
0.000000000000000000e+00
-6.283971316491332448e-01
3.700077693199710360e-01
-8.185117297626016697e-01
-0.000000000000000000e+00
0.000000000000000000e+00
0.000000000000000000e+00
-1.048427813949267762e+00
1.274527802235057239e+00
-4.096239542783438603e-01
-1.695855524813611737e-01
-1.142570244153293252e-01
7.854632460064342458e-02
-9.016924263564253250e-01
1.304720878810885054e+00
-3.256813060991575193e-01
-3.391711049627223473e-01
-2.285140486199650767e-01
1.570926492965307453e-01
-1.488094978262702428e+00
1.200617911959815709e+00
7.368202488135038308e-01
-5.772557722683988590e-01
-4.259218094281778666e-01
2.542133435895660432e-02
-1.590933328688194148e+00
3.897142410167632187e-01
6.006113683482403598e-01
-6.924474148257446782e-01
-5.237938983189185382e-01
-4.774321549031966538e-02
-2.672833953277163221e+00
5.412108629315355302e-01
5.155340252284257296e-01
-6.806928802943001955e-01
-4.494532908138684224e-01
-6.484397851701845239e-02
-2.672833953277163666e+00
5.412108629315350861e-01
5.155340252284252855e-01
-6.806928802493753539e-01
-4.494532912251564261e-01
-6.484397785232767775e-02
-2.689241259441297771e+00
4.635041360677022437e-01
4.440099145175968598e-01
-6.898808642130176416e-01
-4.402507414117192153e-01
-1.221408272946162277e-01
-2.689241259441297771e+00
4.635041360677022437e-01
4.440099145175968598e-01
-6.725503242134444060e-01
-3.815529973397926988e-01
-7.844955954185547919e-02
-2.652921131229825313e+00
7.223781433019962339e-01
5.849124945879453641e-01
-6.515049339834158015e-01
-2.753486256529207310e-01
-9.629253739499957221e-02
-2.652921131229825313e+00
7.223781433019962339e-01
5.849124945879453641e-01
-6.644731709729047031e-01
-2.953592030229600374e-01
-1.303976495302673067e-01
-2.662806313325745133e+00
6.859829748613557321e-01
6.458104928416227297e-01
-6.445516292376064493e-01
-3.392352783660971260e-01
6.826125690782586242e-03
-2.662806313325745133e+00
6.859829748613557321e-01
6.458104928416227297e-01
-6.585037195404661592e-01
-3.459410120237067510e-01
-4.357828145385886365e-02
