-2.221441471072811424e+00
nan
-2.221441467085554233e+00
2.610459999999999864e-02
2.799937000000000120e-01
-1.333499999999999686e-01
1.505954285944134163e+00
-9.852229880326176525e-01
-1.505954292284856999e+00
8.860460000000003333e-02
2.799937001121810543e-01
-1.333500001121810108e-01
-5.703083047415654638e-01
2.946580097738046078e+00
6.159242432764640007e-01
2.073546000000000555e-01
2.799937003253250012e-01
-1.333500007516129071e-01
-4.135686482389069885e-01
-1.258978537753278060e+00
-1.457659032546113398e+00
2.838443766282173208e-01
1.057230825507935457e-01
-2.095344207589124874e-01
-9.202877552734184396e-01
7.295153466073143189e-01
-1.245735210375536139e+00
3.603341532564345862e-01
-6.854753537112495687e-02
-2.857188404290666450e-01
-7.014945239911041241e-01
-1.544240744409077215e-01
2.912408234527590345e+00
4.456106228095553234e-01
-5.682058125906340462e-02
-4.746464781314666537e-01
1.430040550879813299e+00
1.182122614937956673e+00
-1.170930674290963092e+00
4.932427688080218142e-01
-4.993303568803671155e-02
-5.665584081709768016e-01
-9.572583242204629750e-01
-1.399126731429931381e+00
7.206754449603428592e-01
5.959077987411711685e-01
-6.278507055502191569e-02
-5.588916403641789321e-01
-9.572583241476114724e-01
-1.399126728313098367e+00
7.206754499297075567e-01
5.959077987197931581e-01
-6.278507080699347043e-02
-5.588916405002952725e-01
3.244798831989215704e-01
-2.591394184197656880e+00
1.184399156155714117e+00
7.130101647241031682e-01
-6.492247496544774343e-02
-5.792245784290859234e-01
3.244798831989215704e-01
-2.591394184197656880e+00
1.184399156155714117e+00
7.473361225532879626e-01
-8.580910798513054216e-02
-5.621887836187424714e-01
-2.914497267615189235e-01
1.600975238253803834e+00
2.141902486237277969e+00
7.077103315604046374e-01
-7.007076057627194265e-02
-5.159379211618044803e-01
-2.914497267615189235e-01
1.600975238253803834e+00
2.141902486237277969e+00
7.462385014803598615e-01
-6.742973324488535369e-02
-5.362688390423118179e-01
-2.854517263820772754e-01
1.123090376542035473e+00
2.302213728337050735e+00
7.044158015687030927e-01
-1.091671858718156196e-01
-5.370890258668489237e-01
-2.854517263820772754e-01
1.123090376542035473e+00
2.302213728337050735e+00
7.450743811597634325e-01
-1.008915267038687641e-01
-5.506217453120821892e-01
-2.221441471072811424e+00
nan
-2.221441467085554233e+00
2.610459999999999864e-02
2.799937000000000120e-01
1.333500000000000241e-01
1.505975991785239554e+00
-9.852039217060826193e-01
-1.505975998126113602e+00
8.860460000000003333e-02
2.799937001121810543e-01
1.333499998878189818e-01
-5.703106340830955689e-01
2.946563678517285290e+00
6.159683838239049525e-01
2.073546000000000833e-01
2.799937003253250012e-01
1.333499992483870855e-01
-4.135737659145277134e-01
-1.258937137476733525e+00
-1.457632040288333819e+00
2.838450619242585682e-01
1.057256921781010439e-01
5.716029803481958993e-02
-9.203171162462709942e-01
7.295387784080300531e-01
-1.245704175674343217e+00
3.603355238485170253e-01
-6.854231611652039646e-02
-1.902940284160700712e-02
-7.014351020712906726e-01
-1.544335891487293166e-01
2.912424644273202023e+00
4.456043371692752775e-01
-5.681345294585051636e-02
-2.079603776540855931e-01
1.430037760117143453e+00
1.182133855460713034e+00
-1.170935149254836993e+00
4.932327384611133181e-01
-4.992487468693530828e-02
-2.998741708515945681e-01
-9.572508887892708929e-01
-1.399119740202765971e+00
7.206798287296848349e-01
5.958978739116498335e-01
-6.277668669849477412e-02
-2.922084425142134623e-01
-9.572508887164015157e-01
-1.399119737085943616e+00
7.206798336990483111e-01
5.958978738902710459e-01
-6.277668695046616232e-02
-2.922084426503299692e-01
3.242632172986188999e-01
-2.591469679751870814e+00
1.184453213077935496e+00
7.130000428879588181e-01
-6.491379146461996597e-02
-3.125425466505696859e-01
3.242632172986188999e-01
-2.591469679751870814e+00
1.184453213077935496e+00
7.473215448631036484e-01
-8.580376277803032636e-02
-2.955018681046600038e-01
-3.525045942650603115e-01
1.560720536827258309e+00
2.078618189412408945e+00
7.077008498862270569e-01
-7.006218811775064004e-02
-2.492558448105114399e-01
-3.525045942650603115e-01
1.560720536827258309e+00
2.078618189412408945e+00
7.477791192354111827e-01
-6.858086073338590105e-02
-2.664686051865980954e-01
-2.853391324663634987e-01
1.123172801909996243e+00
2.302399167794825452e+00
7.044061993109249631e-01
-1.091585878891985079e-01
-2.704069779124942396e-01
-2.853391324663634987e-01
1.123172801909996243e+00
2.302399167794825452e+00
7.450614082285630380e-01
-1.008774546642390857e-01
-2.839464736558250380e-01
0.000000000000000000e+00
0.000000000000000000e+00
0.000000000000000000e+00
0.000000000000000000e+00
0.000000000000000000e+00
0.000000000000000000e+00
-5.949534999625494258e-01
-1.067879795086105629e-09
3.203639920490859282e-09
0.000000000000000000e+00
-0.000000000000000000e+00
0.000000000000000000e+00
-5.949535065889973717e-01
3.563895896767570459e-01
-8.152353775787416490e-01
-0.000000000000000000e+00
0.000000000000000000e+00
0.000000000000000000e+00
-9.973140972571646889e-01
1.273108553362452211e+00
-4.144810617805885222e-01
-1.692229070684638237e-01
-1.076833597612101151e-01
7.642275503339124310e-02
-9.214666727510729682e-01
1.288704638161118687e+00
-3.740054203204203342e-01
-3.384458141369275919e-01
-2.153667193218343212e-01
1.528455101544708428e-01
-1.481817214173388741e+00
1.207678687956818653e+00
7.072580558720578114e-01
-5.775317927190737333e-01
-4.213511028648413981e-01
3.214333092821308746e-02
-1.574243888870227037e+00
4.048927048468847212e-01
5.992012916449089843e-01
-6.934031438870625896e-01
-5.238595640093982597e-01
-3.558708024633355782e-02
-2.672782458619090473e+00
5.424123277863794890e-01
5.171651774862824347e-01
-6.825979696397722618e-01
-4.502731830994534667e-01
-5.692316456025423022e-02
-2.672782458619090473e+00
5.424123277863790449e-01
5.171651774862822126e-01
-6.825979695832926630e-01
-4.502731834743188832e-01
-5.692316387519352761e-02
-2.674794334695576037e+00
5.323602617562770423e-01
5.088946951008151975e-01
-6.925214147750168303e-01
-4.440574374038986361e-01
-1.147281144671875586e-01
-2.674794334695576037e+00
5.323602617562770423e-01
5.088946951008151975e-01
-6.728231378483222613e-01
-3.810218921146293347e-01
-7.713444269025421240e-02
-2.588157752771476083e+00
1.378901514451323917e+00
7.861951289553555933e-01
-6.555314376471802484e-01
-2.776468591540219855e-01
-9.809317215141449831e-02
-2.588157752771476083e+00
1.378901514451323917e+00
7.861951289553555933e-01
-6.856421339261713488e-01
-2.999758223687841729e-01
-1.580551193660881260e-01
-2.655045763722300389e+00
8.155149450990980542e-01
7.374648010736120085e-01
-6.467847478584478615e-01
-3.358829769779730912e-01
8.190061254987196504e-03
-2.655045763722300389e+00
8.155149450990980542e-01
7.374648010736120085e-01
-6.639238901559114669e-01
-3.418286951026250353e-01
-4.693987186389048105e-02
0.000000000000000000e+00
0.000000000000000000e+00
0.000000000000000000e+00
0.000000000000000000e+00
0.000000000000000000e+00
0.000000000000000000e+00
-5.947544839490732649e-01
-1.067522581993480426e-09
3.202568281033944979e-09
0.000000000000000000e+00
-0.000000000000000000e+00
0.000000000000000000e+00
-5.947544905754862388e-01
3.564136965412399993e-01
-8.152218007446417891e-01
-0.000000000000000000e+00
0.000000000000000000e+00
0.000000000000000000e+00
-9.972668305256651156e-01
1.273456449748606722e+00
-4.142921422175212531e-01
-1.692221324618619072e-01
-1.076708590420571987e-01
7.638443212463497112e-02
-9.216390894316268678e-01
1.289008268163714721e+00
-3.739373905030642375e-01
-3.384442649237237588e-01
-2.153417178835983214e-01
1.527688643369352617e-01
-1.481908630407696048e+00
1.207975513034023951e+00
7.072767029240552006e-01
-5.775919930816310055e-01
-4.213530870196576794e-01
3.204688017728546390e-02
-1.574359440669232502e+00
4.049717641289862780e-01
5.991880476749477102e-01
-6.934937354930947873e-01
-5.238744717813191842e-01
-3.569530588133820737e-02
-2.672769993994251969e+00
5.424728357947583568e-01
5.171726990137734958e-01
-6.826886798166802439e-01
-4.502901379288665740e-01
-5.703841532917841572e-02
-2.672769993994252413e+00
5.424728357947578017e-01
5.171726990137732738e-01
-6.826886797602071955e-01
-4.502901383037313243e-01
-5.703841464411948947e-02
-2.674810669802597740e+00
5.322771838878550543e-01
5.087840766543498816e-01
-6.926141267109031663e-01
-4.440764765294292760e-01
-1.148511715185520643e-01
-2.674810669802597740e+00
5.322771838878550543e-01
5.087840766543498816e-01
-6.729152775569189338e-01
-3.810336540423394092e-01
-7.724300577570342163e-02
-2.638548612404943761e+00
8.807375452006109828e-01
6.259649255439327931e-01
-6.556201999029365179e-01
-2.776662767797614118e-01
-9.821602317181110653e-02
-2.638548612404943761e+00
8.807375452006109828e-01
6.259649255439327931e-01
-6.717073832085573848e-01
-2.979953908966518350e-01
-1.374230140488334473e-01
-2.654746728895842178e+00
8.199631907313620349e-01
7.410122173590539818e-01
-6.468745244655205173e-01
-3.359022940040559679e-01
8.066919451055698520e-03
-2.654746728895842178e+00
8.199631907313620349e-01
7.410122173590539818e-01
-6.641128334893886542e-01
-3.417202195323080227e-01
-4.725316671341264763e-02
