-2.221441471072811424e+00
nan
-2.221441467085554233e+00
2.610459999999999864e-02
2.799937000000000120e-01
-1.333499999999999686e-01
1.472335710641910378e+00
-1.014239533993500864e+00
-1.472335716749525902e+00
8.860460000000003333e-02
2.799937001121810543e-01
-1.333500001121810108e-01
-4.594126687618724780e-01
3.001872262740758135e+00
5.530281887901823401e-01
2.073546000000000833e-01
2.799937003253250012e-01
-1.333500007516129071e-01
-5.696586432094732366e-01
-1.226428969002601566e+00
-1.398724083250556971e+00
2.686658148706091431e-01
9.721943621637554878e-02
-2.030601385403308645e-01
-1.057895348242267719e+00
7.918133946298446801e-01
-1.277218350249758938e+00
3.299770297412182307e-01
-8.555482802369818174e-02
-2.727702759852517200e-01
-5.606999231435091380e-01
2.874714549992235871e-02
3.030207756103628025e+00
3.934636103998454537e-01
-9.362438209049080140e-02
-4.702736591801701671e-01
1.269762942144167628e+00
1.138062693036984818e+00
-1.223888025082669806e+00
4.304933967048767407e-01
-9.665423218056444499e-02
-5.671430425509514928e-01
-1.086822345135471712e+00
-1.315845251402346205e+00
9.572434446042327183e-01
5.339302510361919607e-01
-1.030608459403124094e-01
-5.622609358155652437e-01
-1.086822345088289454e+00
-1.315845247678869789e+00
9.572434492902255343e-01
5.339302510223610243e-01
-1.030608462181070578e-01
-5.622609358870716001e-01
3.779510343504213776e-01
-2.371538500808884731e+00
1.458948740556518242e+00
6.499966695746812739e-01
-1.051405064353199970e-01
-5.878582498668348810e-01
3.779510343504213776e-01
-2.371538500808884731e+00
1.458948740556518242e+00
6.864457445749009290e-01
-1.197409526242440847e-01
-5.688048242608526595e-01
-2.869023935769125511e-01
1.942238471762730123e+00
2.055660840368442432e+00
6.477079428924203963e-01
-9.528747395043897506e-02
-5.249497961790688949e-01
-2.869023935769125511e-01
1.942238471762730123e+00
2.055660840368442432e+00
6.832660791782916299e-01
-9.567233797266823381e-02
-5.502522061071726256e-01
-3.584042553696658584e-01
1.428230240790098637e+00
2.217087073257555829e+00
6.455830568113698487e-01
-1.383971189358633724e-01
-5.360762060840307264e-01
-3.584042553696658584e-01
1.428230240790098637e+00
2.217087073257555829e+00
6.853440076002259573e-01
-1.321191343693238762e-01
-5.529402158906708831e-01
-2.221441471072811424e+00
nan
-2.221441467085554233e+00
2.610459999999999864e-02
2.799937000000000120e-01
1.333500000000000241e-01
1.472383013710836019e+00
-1.014199418922011153e+00
-1.472383019818778394e+00
8.860460000000003333e-02
2.799937001121810543e-01
1.333499998878189818e-01
-4.594134642715086980e-01
3.001843100991441471e+00
5.531267503690975307e-01
2.073546000000000833e-01
2.799937003253250012e-01
1.333499992483870855e-01
-5.696706608765608193e-01
-1.226329866646606259e+00
-1.398663606718414165e+00
2.686664845294468584e-01
9.722430144794519391e-02
6.362769543211144185e-02
-1.057981636152128591e+00
7.918558514559564943e-01
-1.277172034721091531e+00
3.299783690588936613e-01
-8.554509756058190084e-02
-6.094608040375926183e-03
-5.605668041794825696e-01
2.877056998367423860e-02
3.030234412506088049e+00
3.934475072505135840e-01
-9.361746198161353949e-02
-2.036034823469932697e-01
1.269739834778774057e+00
1.138066417308080780e+00
-1.223912749816987500e+00
4.304687188076972149e-01
-9.664856525021700562e-02
-3.004761039065099171e-01
-1.086806995905793105e+00
-1.315829042858225773e+00
9.572510560270738322e-01
5.339056811490199284e-01
-1.030551416991057762e-01
-2.955962371250976939e-01
-1.086806995858569769e+00
-1.315829039134773781e+00
9.572510607130656490e-01
5.339056811351876597e-01
-1.030551419769002441e-01
-2.955962371966046054e-01
3.776807874994456138e-01
-2.371656054367058175e+00
1.459045858594065770e+00
6.499715506075255389e-01
-1.051346770177408046e-01
-3.211960509225703086e-01
3.776807874994456138e-01
-2.371656054367058175e+00
1.459045858594065770e+00
6.864151891054184329e-01
-1.197383555627360846e-01
-3.021347049417811848e-01
-4.401251941328842010e-01
1.846477380115097988e+00
1.943810055852336349e+00
6.476841709792200419e-01
-9.528181429840280880e-02
-2.582875216516527517e-01
-4.401251941328842010e-01
1.846477380115097988e+00
1.943810055852336349e+00
6.870765026209282311e-01
-9.633280096548570148e-02
-2.770460066508549368e-01
-3.582682978456065426e-01
1.428323168852189573e+00
2.217239523449590965e+00
6.455590668032928914e-01
-1.383914304903835768e-01
-2.694140014643144898e-01
-3.582682978456065426e-01
1.428323168852189573e+00
2.217239523449590965e+00
6.853164885711385823e-01
-1.321103103841788917e-01
-2.862851623370898380e-01
0.000000000000000000e+00
0.000000000000000000e+00
0.000000000000000000e+00
0.000000000000000000e+00
0.000000000000000000e+00
0.000000000000000000e+00
-4.528122224725817380e-01
-8.127509517583181862e-10
2.438253262634247627e-09
0.000000000000000000e+00
-0.000000000000000000e+00
0.000000000000000000e+00
-4.528122288553440011e-01
3.046686116424821011e-01
-7.988161180908769365e-01
-0.000000000000000000e+00
0.000000000000000000e+00
0.000000000000000000e+00
-7.724380805330360866e-01
1.257502118461505169e+00
-4.354052462230812992e-01
-1.672415190399224316e-01
-8.054198952429804381e-02
6.408281919582639596e-02
-1.028293975343064215e+00
1.208392755852016887e+00
-5.316740024260171449e-01
-3.344830380798448632e-01
-1.610839788929205874e-01
1.281656384510274915e-01
-1.450944070284745591e+00
1.242974819536643238e+00
5.739725098532080239e-01
-5.774350676973337704e-01
-3.979296823812421557e-01
5.974678811991557259e-02
-1.498713201343539803e+00
4.760901059211203323e-01
5.796984175376544979e-01
-6.961022213505778655e-01
-5.172276603903902537e-01
1.811583919198302486e-02
-2.672507182159637118e+00
5.487919000371307421e-01
5.242966215432318666e-01
-6.900639947795089713e-01
-4.499486018047625380e-01
-2.152774712511688893e-02
-2.672507182159637118e+00
5.487919000371300760e-01
5.242966215432316446e-01
-6.900639946731043084e-01
-4.499486020031155942e-01
-2.152774637511847833e-02
-2.616164209359214343e+00
9.122085356714652038e-01
6.949953640507116059e-01
-7.030212344220629905e-01
-4.575043763364237681e-01
-7.966614987599762721e-02
-2.616164209359214343e+00
9.122085356714652038e-01
6.949953640507116059e-01
-6.754932945361307173e-01
-3.823255480512753879e-01
-7.471814244838906327e-02
-2.621870492875196579e+00
1.410576335162421424e+00
5.823494504563013763e-01
-6.736634962381351510e-01
-2.905810537044578590e-01
-1.047424152932709268e-01
-2.621870492875196579e+00
1.410576335162421424e+00
5.823494504563013763e-01
-7.091303515534512769e-01
-3.362134345682579739e-01
-1.538908172369489180e-01
-2.696071948034520549e+00
-4.145146110326974193e-02
2.490064467109109891e-01
-6.571673386486849289e-01
-3.214305346805796382e-01
1.163454082041009974e-02
-2.696071948034520549e+00
-4.145146110326974193e-02
2.490064467109109891e-01
-6.580315594315597760e-01
-3.569963853778607699e-01
-3.643207754577326707e-03
0.000000000000000000e+00
0.000000000000000000e+00
0.000000000000000000e+00
0.000000000000000000e+00
0.000000000000000000e+00
0.000000000000000000e+00
-4.521809313993632728e-01
-8.116178497899279425e-10
2.434853956161154436e-09
0.000000000000000000e+00
-0.000000000000000000e+00
0.000000000000000000e+00
-4.521809377822590958e-01
3.047291546644083082e-01
-7.988141776713267861e-01
-0.000000000000000000e+00
0.000000000000000000e+00
0.000000000000000000e+00
-7.721152865066309712e-01
1.258446514476665667e+00
-4.349930372149459212e-01
-1.672452057709054862e-01
-8.050389934585243379e-02
6.396131943873328840e-02
-1.028894880689986469e+00
1.209153816131109727e+00
-5.315825608410902348e-01
-3.344904115418109170e-01
-1.610077985362503294e-01
1.279226389367689176e-01
-1.451374164752920581e+00
1.243744211339068206e+00
5.739100494844274758e-01
-5.776001487803911205e-01
-3.979627552154491044e-01
5.948430271368249089e-02
-1.499178064594066662e+00
4.763046025078411239e-01
5.796539898438690663e-01
-6.963453304554032552e-01
-5.173143300620616225e-01
1.783865011742557030e-02
-2.672491593905695684e+00
5.489761395755442530e-01
5.243003368697138900e-01
-6.903074298479533466e-01
-4.500408929067494790e-01
-2.182425223385768553e-02
-2.672491593905695684e+00
5.489761395755436979e-01
5.243003368697136679e-01
-6.903074297415613403e-01
-4.500408931051034234e-01
-2.182425148386084313e-02
-2.616306367425890844e+00
9.113524164611396250e-01
6.945103829224459346e-01
-7.032708157322499209e-01
-4.576028056298754310e-01
-7.998410452738491383e-02
-2.616306367425890844e+00
9.113524164611396250e-01
6.945103829224459346e-01
-6.757568056332947659e-01
-3.824219994403701972e-01
-7.498940537196391309e-02
-2.710987568214249688e+00
-1.061749903161251229e-01
4.801661179054426132e-01
-6.739013934296065322e-01
-2.906795638780473867e-01
-1.050600804826318235e-01
-2.710987568214249688e+00
-1.061749903161251229e-01
4.801661179054426132e-01
-6.714050632785674155e-01
-3.226187205497753063e-01
-9.802838826322321508e-02
-2.696280887701754558e+00
-4.674811505532511929e-02
2.464524391539641979e-01
-6.574071790724471676e-01
-3.215291804824692568e-01
1.131663789363399064e-02
-2.696280887701754558e+00
-4.674811505532511929e-02
2.464524391539641979e-01
-6.581664814736429836e-01
-3.572202555279165859e-01
-3.760441674978520776e-03
