-2.221441471072811424e+00
nan
-2.221441467085554233e+00
2.610459999999999864e-02
2.799937000000000120e-01
-1.333499999999999686e-01
1.519169892567292068e+00
-9.735338245447430205e-01
-1.519169899000157642e+00
8.860460000000003333e-02
2.799937001121810543e-01
-1.333500001121810108e-01
-6.070235312804116434e-01
2.924485749204809082e+00
6.401502486116842361e-01
2.073546000000000833e-01
2.799937003253250012e-01
-1.333500007516129071e-01
-3.578799660742898459e-01
-1.265323047464851136e+00
-1.479087221028899668e+00
2.889415603745817407e-01
1.091263659160836008e-01
-2.119179454155593612e-01
-8.743072580231558977e-01
7.083974644055748282e-01
-1.239191715271241945e+00
3.705285207491633703e-01
-6.174096864687764197e-02
-2.904858897452002875e-01
-7.442486136761607973e-01
-2.130383864890366130e-01
2.867105982586332313e+00
4.629813838427969674e-01
-4.410481645290749431e-02
-4.755390827508358953e-01
1.484086188855454624e+00
1.197992776810849147e+00
-1.152305372502505865e+00
5.140874657725496011e-01
-3.428541930912649277e-02
-5.652932488353253904e-01
-9.124101453241505455e-01
-1.422677198186480529e+00
6.419547099744679075e-01
6.164038752700592427e-01
-4.938058251877072702e-02
-5.570743136724138900e-01
-9.124101452453181604e-01
-1.422677195274650419e+00
6.419547150272270075e-01
6.164038752471971971e-01
-4.938058275873091763e-02
-5.570743138285252360e-01
3.156533019026774300e-01
-2.653761285008875870e+00
1.083925400341249734e+00
7.337872418495431370e-01
-5.180437523920646686e-02
-5.756816097167209989e-01
3.156533019026774300e-01
-2.653761285008875870e+00
1.083925400341249734e+00
7.675886265113425200e-01
-7.447138728462480983e-02
-5.599204522564348308e-01
-2.876991894877350409e-01
1.487814996053615113e+00
2.158872622599589342e+00
7.273438321973220155e-01
-6.188449770566407937e-02
-5.130983238691810833e-01
-2.876991894877350409e-01
1.487814996053615113e+00
2.158872622599589342e+00
7.667443482275362321e-01
-5.871432197957479615e-02
-5.315994169998193852e-01
-2.658604148446240267e-01
1.017301161423740163e+00
2.315469111631347943e+00
7.238195451711325612e-01
-9.911511572755886401e-02
-5.373514496814304486e-01
-2.658604148446240267e-01
1.017301161423740163e+00
2.315469111631347943e+00
7.648990412538393402e-01
-9.060834123839076049e-02
-5.493868522086132744e-01
-2.221441471072811424e+00
nan
-2.221441467085554233e+00
2.610459999999999864e-02
2.799937000000000120e-01
1.333500000000000241e-01
1.519185900337601813e+00
-9.735195672887289042e-01
-1.519185906770579297e+00
8.860460000000003333e-02
2.799937001121810543e-01
1.333499998878189818e-01
-6.070257299969051834e-01
2.924472789118206073e+00
6.401824694914347580e-01
2.073546000000000833e-01
2.799937003253250012e-01
1.333499992483870855e-01
-3.578831693171379280e-01
-1.265293730018254070e+00
-1.479067913344064067e+00
2.889421631740063390e-01
1.091284011201114901e-01
5.477825456341502142e-02
-8.743262213696100238e-01
7.084150516442915269e-01
-1.239166571865703670e+00
3.705297263480126224e-01
-6.173689823882952399e-02
-2.379348978725501218e-02
-7.442056658538011016e-01
-2.130502660821009531e-01
2.867118536902381720e+00
4.629771258032945869e-01
-4.409855101757823026e-02
-2.088492031312589037e-01
1.484086011056664933e+00
1.198003290076510297e+00
-1.152306614555450137e+00
5.140805393438319104e-01
-3.427799805107949183e-02
-2.986047620896712385e-01
-9.124045728769969443e-01
-1.422672189134938980e+00
6.419582039702397269e-01
6.163970423079674354e-01
-4.937294165589697914e-02
-2.903865871853850145e-01
-9.124045727981517917e-01
-1.422672186223117308e+00
6.419582090229979388e-01
6.163970422851048347e-01
-4.937294189585704485e-02
-2.903865873414965271e-01
3.154662389100724162e-01
-2.653821695126971303e+00
1.083966526471477509e+00
7.337802793225108866e-01
-5.179644908312782542e-02
-3.089947377249547267e-01
3.154662389100724162e-01
-2.653821695126971303e+00
1.083966526471477509e+00
7.675778183883471550e-01
-7.446652937461684107e-02
-2.932297468502123028e-01
-3.301180069269532558e-01
1.459368007346561802e+00
2.109473195707235682e+00
7.273373463087503543e-01
-6.187666043838975505e-02
-2.464114171229489225e-01
-3.301180069269532558e-01
1.459368007346561802e+00
2.109473195707235682e+00
7.678041848582626283e-01
-5.977813238338018642e-02
-2.626216695090177189e-01
-2.658014809212295715e-01
1.017343984891734054e+00
2.315576623262268985e+00
7.238129667932603484e-01
-9.910725751185192611e-02
-2.706645616527682541e-01
-2.658014809212295715e-01
1.017343984891734054e+00
2.315576623262268985e+00
7.648906918398753474e-01
-9.059707714618510377e-02
-2.827036006405165280e-01
0.000000000000000000e+00
0.000000000000000000e+00
0.000000000000000000e+00
0.000000000000000000e+00
0.000000000000000000e+00
0.000000000000000000e+00
-6.458565659972100859e-01
-1.159245516490836387e-09
3.477737130498508939e-09
0.000000000000000000e+00
-0.000000000000000000e+00
0.000000000000000000e+00
-6.458565727103663390e-01
3.771066027263025866e-01
-8.201207342780456599e-01
-0.000000000000000000e+00
0.000000000000000000e+00
0.000000000000000000e+00
-1.074271709271471087e+00
1.274335181098847025e+00
-4.075585252587349272e-01
-1.697603344552483517e-01
-1.176547813154698169e-01
7.958880953608479802e-02
-8.922418516751557949e-01
1.311712588174781757e+00
-2.998213939131106898e-01
-3.395206689104967035e-01
-2.353095624150261522e-01
1.591776191714504296e-01
-1.490928625721110290e+00
1.196682380866640472e+00
7.516118234516688812e-01
-5.769695759238664401e-01
-4.281411122847655348e-01
2.217032174875888106e-02
-1.599007109284058537e+00
3.820861907559628401e-01
6.009523970132852888e-01
-6.917571800789864556e-01
-5.235462323491656411e-01
-5.362744634069017968e-02
-2.672875946621402043e+00
5.405185052182724936e-01
5.146900041389865788e-01
-6.795453639363768783e-01
-4.489168050516042507e-01
-6.858386020939652439e-02
-2.672875946621402488e+00
5.405185052182721606e-01
5.146900041389861347e-01
-6.795453638972530630e-01
-4.489168054806375596e-01
-6.858385955565537984e-02
-2.696396432542017774e+00
4.320595174718875331e-01
4.091510426866045158e-01
-6.883554498950869016e-01
-4.382357536494537742e-01
-1.255532447883787039e-01
-2.696396432542017774e+00
4.320595174718875331e-01
4.091510426866045158e-01
-6.722714601950243729e-01
-3.819075531221787778e-01
-7.903820431958452630e-02
-2.579286155207352937e+00
1.359838376488144984e+00
8.543928530624425033e-01
-6.493398875031441975e-01
-2.742747527876036595e-01
-9.512754575505896759e-02
-2.579286155207352937e+00
1.359838376488144984e+00
8.543928530624425033e-01
-6.772069594324900965e-01
-2.883308468524735102e-01
-1.568826698662570407e-01
-2.677631813354858892e+00
4.737485973993367794e-01
4.512633629775455457e-01
-6.432869238702658699e-01
-3.409142647056442321e-01
6.290219988869166778e-03
-2.677631813354858892e+00
4.737485973993367794e-01
4.512633629775455457e-01
-6.528274746007286522e-01
-3.546029698472552005e-01
-3.594914366341672718e-02
0.000000000000000000e+00
0.000000000000000000e+00
0.000000000000000000e+00
0.000000000000000000e+00
0.000000000000000000e+00
0.000000000000000000e+00
-6.454789279512502809e-01
-1.158567695385217837e-09
3.475703666841921939e-09
0.000000000000000000e+00
-0.000000000000000000e+00
0.000000000000000000e+00
-6.454789346642121339e-01
3.771151667055976930e-01
-8.200899257727856106e-01
-0.000000000000000000e+00
0.000000000000000000e+00
0.000000000000000000e+00
-1.074137042780267226e+00
1.274835273993005114e+00
-4.072768207545062746e-01
-1.697555071375711766e-01
-1.176255446813174316e-01
7.952204381459423987e-02
-8.922845673672971101e-01
1.312177901008228176e+00
-2.996510917963058351e-01
-3.395110142751424087e-01
-2.352510891468499454e-01
1.590440877284163279e-01
-1.490887863771113819e+00
1.197144188561773070e+00
7.517067283707082881e-01
-5.770516817781272678e-01
-4.280754104473551980e-01
2.199822813812690736e-02
-1.599011055527207681e+00
3.822029221274629851e-01
6.009791516657824184e-01
-6.918842033175423012e-01
-5.234761042033120315e-01
-5.382126963087062455e-02
-2.672863631957461905e+00
5.406303879839446935e-01
5.147261230255256725e-01
-6.796714464525034360e-01
-4.488450665223065461e-01
-6.878995433896359368e-02
-2.672863631957461461e+00
5.406303879839441384e-01
5.147261230255253395e-01
-6.796714464133886135e-01
-4.488450669513391889e-01
-6.878995368522294873e-02
-2.696684694894508905e+00
4.307878765884092243e-01
4.078408567453745692e-01
-6.884841355162327758e-01
-4.381618968608296805e-01
-1.257731944449232975e-01
-2.696684694894508905e+00
4.307878765884092243e-01
4.078408567453745692e-01
-6.724469836042995530e-01
-3.818646699652642473e-01
-7.919870597892067487e-02
-2.682831517597215054e+00
4.533684126844807483e-01
4.785459015090851587e-01
-6.494611425076750599e-01
-2.742015611876804093e-01
-9.534691873601530698e-02
-2.682831517597215054e+00
4.533684126844807483e-01
4.785459015090851587e-01
-6.578146009010884532e-01
-2.983256974623323399e-01
-1.193233023021084693e-01
-2.677762864192330561e+00
4.718522593713739277e-01
4.493917059520444734e-01
-6.434095685551133315e-01
-3.408409993661214443e-01
6.070776842565767106e-03
-2.677762864192330561e+00
4.718522593713739277e-01
4.493917059520444734e-01
-6.529146207746289177e-01
-3.546187019527500262e-01
-3.610008548127688344e-02
