-2.221441471072811424e+00
nan
-2.221441467085554233e+00
2.610459999999999864e-02
2.799937000000000120e-01
-1.333499999999999686e-01
1.575564342453789068e+00
-9.217880353851556352e-01
-1.575564349283199439e+00
8.860460000000003333e-02
2.799937001121810543e-01
-1.333500001121810108e-01
-1.132660643970537340e+00
-2.625241769463380503e+00
-6.872561785873361195e-01
2.073546000000000833e-01
2.799937003253250012e-01
-1.333500007516129071e-01
-1.256640853588925077e+00
3.370588281642853401e-01
-1.073486939182387356e+00
5.822114890751584060e-02
1.573799778438567387e-01
-2.022708889095806706e-01
-2.991680573794397446e+00
5.237215872139189266e-01
-7.606922166375702510e-01
-9.091230218496837434e-02
3.476625518209304488e-02
-2.711917767467937890e-01
-7.845386465907979723e-01
-1.896270140532203108e+00
-2.243921062320730631e+00
-1.619540465878361868e-01
-1.601111228327975478e-01
-2.800871738845863712e-01
-2.763552841010279981e-01
4.871289510861607219e-01
-2.000952340383453265e+00
-1.948501255082087380e-01
-2.580497330674603185e-01
-2.895707975046710181e-01
8.444503426284070136e-01
-1.058613699430755339e+00
-2.004949590847640462e+00
-1.123168043941598360e-01
-2.999601837463587439e-01
-3.364304553115407548e-01
8.444503420418341122e-01
-1.058613704135912492e+00
-2.004949586532537076e+00
-1.123168042399033117e-01
-2.999601835122776006e-01
-3.364304552492086708e-01
-1.228761734409002271e+00
-4.103955795217253955e-01
-1.569075197993053727e+00
-1.083529100454543037e-02
-3.569964179210032285e-01
-3.604997597903624729e-01
-1.228761734409002271e+00
-4.103955795217253955e-01
-1.569075197993053727e+00
-4.402918378189411841e-02
-3.303599369647539086e-01
-3.701643595835897305e-01
1.599128882869139234e+00
1.018595139991228971e+00
-1.570321050602233370e+00
-4.068057255129456373e-02
-3.531484266429797958e-01
-4.166624359808676070e-01
1.599128882869139234e+00
1.018595139991228971e+00
-1.570321050602233370e+00
-7.168032814909672257e-02
-3.379716952232545979e-01
-3.899524546836060646e-01
1.231987549991700348e+00
-1.528543996247619718e+00
2.872576582728681438e-01
-1.671448975690850713e-02
-3.168378409898626735e-01
-4.069711061433129440e-01
1.231987549991700348e+00
-1.528543996247619718e+00
2.872576582728681438e-01
8.824231814596357470e-03
-3.191163565958215487e-01
-4.422885691288751531e-01
-2.221441471072811424e+00
nan
-2.221441467085554233e+00
2.610459999999999864e-02
2.799937000000000120e-01
1.333500000000000241e-01
1.574640896401605872e+00
-9.226603688181916896e-01
-1.574640903224477917e+00
8.860460000000003333e-02
2.799937001121810543e-01
1.333499998878189818e-01
-1.134554135651621110e+00
-2.625172793539041205e+00
-6.853644569558560162e-01
2.073546000000000833e-01
2.799937003253250012e-01
1.333499992483870855e-01
-1.257068836205175177e+00
3.397476585108969993e-01
-1.071309098840730556e+00
5.804755761291460758e-02
1.574487624126627017e-01
6.468308373878521589e-02
-2.991966697704088407e+00
5.239015666050680364e-01
-7.559612414734866448e-01
-9.125948477417089588e-02
3.490382432013365566e-02
-3.983831449821395587e-03
-7.842778169501228858e-01
-1.896143579694619552e+00
-2.244567338671562773e+00
-1.622987375817595557e-01
-1.599716349602682275e-01
-1.294094765940448886e-02
-2.757064096920839869e-01
4.871480477941560472e-01
-2.000989351283310125e+00
-1.952075765889470793e-01
-2.579021901061926414e-01
-2.246340448577454491e-02
8.447720235413774814e-01
-1.058757388666331734e+00
-2.004792829432318957e+00
-1.126574537686470118e-01
-2.998076511057201632e-01
-6.929792232006490305e-02
8.447720229544732895e-01
-1.058757393371895450e+00
-2.004792825117414079e+00
-1.126574536144272914e-01
-2.998076508716243094e-01
-6.929792225769720870e-02
-1.228506233719579344e+00
-4.115049378791866275e-01
-1.570271417332294472e+00
-1.116443297164437798e-02
-3.568365293538249272e-01
-9.333611613797954121e-02
-1.228506233719579344e+00
-4.115049378791866275e-01
-1.570271417332294472e+00
-4.433441207691772579e-02
-3.301918026594557465e-01
-1.030599091298167042e-01
1.120434490758814849e+00
-1.209586384471099896e+00
5.003903247934755605e-01
-4.099395742952417765e-02
-3.529930024477795358e-01
-1.495074685865298569e-01
1.120434490758814849e+00
-1.209586384471099896e+00
5.003903247934755605e-01
-1.994083881596733082e-02
-3.621157156161949886e-01
-1.866327083258275121e-01
1.231808458242863447e+00
-1.528929705401081307e+00
2.877236979665321326e-01
-1.703359321944244997e-02
-3.166801203503119000e-01
-1.398106046761899424e-01
1.231808458242863447e+00
-1.528929705401081307e+00
2.877236979665321326e-01
8.522919807261782055e-03
-3.189669365842199844e-01
-1.751146588065335685e-01
0.000000000000000000e+00
0.000000000000000000e+00
0.000000000000000000e+00
0.000000000000000000e+00
0.000000000000000000e+00
0.000000000000000000e+00
-2.040827656703519399e-01
-3.663073870451716839e-10
1.098922344732615696e-09
0.000000000000000000e+00
-0.000000000000000000e+00
0.000000000000000000e+00
-2.040827744057774618e-01
5.809047084876177713e-01
-1.033458640548235996e+00
0.000000000000000000e+00
0.000000000000000000e+00
0.000000000000000000e+00
6.283565940669125771e-01
1.265315141632807894e+00
-6.487531306475253778e-01
-1.667526793923688189e-01
1.400576875565170964e-01
1.116556725968699815e-01
4.003199341669522182e-01
1.300125606388455646e+00
-2.172489212790419399e-01
-3.335053587847376932e-01
2.801153751784947188e-01
2.233113452305351965e-01
-2.204938685781646091e-01
-5.481688727963669461e-01
-3.962235783389139177e-01
-3.874073925379994399e-01
2.991101223123890929e-01
2.376612371136580804e-01
-4.768768480332118975e-01
-4.060166450991978815e-01
-9.749261120002292724e-01
-4.210143518728708956e-01
3.100532435554066990e-01
2.412234936662669138e-01
-2.762388585620837667e+00
7.545670521167855416e-01
3.227109637424394051e-01
-4.428481435521847698e-01
2.072430677763656415e-01
2.947195194332923318e-01
-2.762388585620837667e+00
7.545670521167859857e-01
3.227109637424396271e-01
-4.428481435806915778e-01
2.072430679983314761e-01
2.947195186702726288e-01
-4.416399519687453257e+00
-1.808970918564776431e+00
-1.061781826956320840e+00
-4.426038295805316825e-01
1.735034928082398176e-01
3.757011552813761535e-01
-4.416399519687453257e+00
-1.808970918564776431e+00
-1.061781826956320840e+00
-3.968387182016027692e-01
1.660654310403850142e-01
1.980170268718515481e-01
-3.960777309976091232e+00
-1.452358114984189763e+00
1.858390205926381822e-01
-4.862241235663938843e-01
8.728957590553559909e-03
3.875917742137218180e-01
-3.960777309976091232e+00
-1.452358114984189763e+00
1.858390205926381822e-01
-5.278370105573868543e-01
1.087602812437261368e-01
2.824573741618783274e-01
-2.182881031007914530e+00
1.479534355639193555e+00
6.949923129529507193e-01
-4.906291894699488232e-01
4.323429418900866239e-02
2.692038104233966944e-01
-2.182881031007914530e+00
1.479534355639193555e+00
6.949923129529507193e-01
-5.412990384800188126e-01
-1.611031065065754442e-02
2.363921229543545222e-01
0.000000000000000000e+00
0.000000000000000000e+00
0.000000000000000000e+00
0.000000000000000000e+00
0.000000000000000000e+00
0.000000000000000000e+00
-2.082410471177182643e-01
-3.737710707451640548e-10
1.121313399573469256e-09
0.000000000000000000e+00
-0.000000000000000000e+00
0.000000000000000000e+00
-2.082410558468684725e-01
5.789946777963972391e-01
-1.033290413312403455e+00
0.000000000000000000e+00
0.000000000000000000e+00
0.000000000000000000e+00
6.307801685923530854e-01
1.267627995846207334e+00
-6.474211445967019696e-01
-1.663822881658720554e-01
1.399782645511368495e-01
1.119668701592652638e-01
4.071589867648127137e-01
1.301345381003008006e+00
-2.213597416743731949e-01
-3.327645763317440553e-01
2.799565291691181179e-01
2.239337403559862050e-01
-2.152869794968921835e-01
-5.509374968899732883e-01
-4.014698585697378808e-01
-3.875584594631767965e-01
2.993287301795748978e-01
2.370350493211106357e-01
-4.701625021119386627e-01
-4.092810853248097791e-01
-9.774591966341165117e-01
-4.216283470591037363e-01
3.104905761539459297e-01
2.399875093507554957e-01
-2.762338490259570900e+00
7.543112656228165847e-01
3.229986712904137081e-01
-4.434207430124013083e-01
2.077813653297914398e-01
2.934760896080362280e-01
-2.762338490259570456e+00
7.543112656228169177e-01
3.229986712904138191e-01
-4.434207430409692341e-01
2.077813655518850056e-01
2.934760888450545502e-01
-4.400586363727233774e+00
-1.785906175800440643e+00
-1.049176955032815828e+00
-4.431327715151583413e-01
1.741618481729284018e-01
3.744518260798328502e-01
-4.400586363727233774e+00
-1.785906175800440643e+00
-1.049176955032815828e+00
-3.978119563379515777e-01
1.661726350055162393e-01
1.979609345880736782e-01
-2.285934882850191308e+00
1.631845611309754585e+00
3.775245824440115472e-01
-4.867449095560912875e-01
9.362662489241807551e-03
3.863354501156655019e-01
-2.285934882850191308e+00
1.631845611309754585e+00
3.775245824440115472e-01
-5.438835206138241674e-01
-6.755514825126757161e-02
3.728339391596667829e-01
-2.182996265820567494e+00
1.479339117611619514e+00
6.954194022152253574e-01
-4.911594685355181733e-01
4.388784870707333752e-02
2.679534055534826265e-01
-2.182996265820567494e+00
1.479339117611619514e+00
6.954194022152253574e-01
-5.417958404424529917e-01
-1.540827461605770443e-02
2.351387674225673685e-01
