-2.221441471072811424e+00
nan
-2.221441467085554233e+00
2.610459999999999864e-02
2.799937000000000120e-01
-1.333499999999999686e-01
1.468966085372931163e+00
-1.017092025440141434e+00
-1.468966091457282408e+00
8.860460000000003333e-02
2.799937001121810543e-01
-1.333500001121810108e-01
-2.602418636284005160e-01
-3.050305308396966897e+00
-5.544334737064599006e-01
2.073546000000000833e-01
2.799937003253250012e-01
-1.333500007516129071e-01
-1.140095027757076052e+00
-6.421149989986242312e-01
-1.202551952330674689e+00
1.726275446522858581e-01
9.087931861178308313e-02
-2.044469926428424122e-01
-2.124392882157597473e+00
8.656451244808091028e-01
-1.531160608866461104e+00
1.379004893045716329e-01
-9.823506323124195361e-02
-2.755439841896534237e-01
-5.355843887536704262e-01
-1.180890443547988999e+00
-2.684410061712654727e+00
7.364248689328942166e-02
-2.505729621473474777e-01
-4.011119883942997899e-01
3.050105432187723009e-01
8.691261631589809467e-01
-1.562855852926569700e+00
4.685483174376477156e-02
-3.270869381478980209e-01
-4.658583821794159419e-01
-1.659401339552593058e+00
-2.880103981851092065e-01
2.405524940334787143e+00
1.439746171497311433e-01
-3.225295447979371621e-01
-5.020666678134084737e-01
-1.659401339964733380e+00
-2.880103909649284200e-01
2.405524942028388402e+00
1.439746172494061338e-01
-3.225295448773453644e-01
-5.020666675560496728e-01
5.548523289408145986e-01
-5.273632905049479430e-02
1.123811276840348095e+00
2.504693420209413990e-01
-3.483322528680924957e-01
-5.481541370172731131e-01
5.548523289408145986e-01
-5.273632905049479430e-02
1.123811276840348095e+00
2.706574147362875715e-01
-3.802202383898254379e-01
-5.700707796437258779e-01
-5.606108838706378439e-01
-2.711783862752792817e+00
-3.200448784443914868e-02
2.451750741432615621e-01
-2.851645701625427631e-01
-5.546046140236943200e-01
-5.606108838706378439e-01
-2.711783862752792817e+00
-3.200448784443914868e-02
2.521862291661099431e-01
-3.276675102251734861e-01
-5.616106768187318909e-01
1.351303776404729984e+00
-2.591319060258743701e+00
-8.784368593156909322e-01
2.606623832356783632e-01
-2.975172309164158535e-01
-5.146758191711612307e-01
1.351303776404729984e+00
-2.591319060258743701e+00
-8.784368593156909322e-01
3.016585738282924201e-01
-2.943996589822834298e-01
-5.293159771873703345e-01
-2.221441471072811424e+00
nan
-2.221441467085554233e+00
2.610459999999999864e-02
2.799937000000000120e-01
1.333500000000000241e-01
1.469423466372664189e+00
-1.016705427524594363e+00
-1.469423472460172242e+00
8.860460000000003333e-02
2.799937001121810543e-01
1.333499998878189818e-01
-2.606960684974692910e-01
-3.049979446069618572e+00
-5.553938523502826019e-01
2.073546000000000833e-01
2.799937003253250012e-01
1.333499992483870855e-01
-1.139962691007038176e+00
-6.407511554524357722e-01
-1.201925880078252407e+00
1.725641503958019740e-01
9.093557734193674635e-02
6.213447600846550012e-02
-2.126677418714465695e+00
8.641562833729863335e-01
-1.530632384724024853e+00
1.377737007916038370e-01
-9.812254577115761545e-02
-9.081046887121468902e-03
-5.361608788088625399e-01
-1.183283924542807508e+00
-2.683351761874663843e+00
7.349646764368177043e-02
-2.506981718865101127e-01
-1.343502195289007217e-01
3.036703272695520095e-01
8.678033862439177293e-01
-1.563040198406193015e+00
4.669706798336425990e-02
-3.273290640956610931e-01
-1.989533234564681008e-01
-1.659357988999723199e+00
-2.878618350630688383e-01
2.405471825385245843e+00
1.438166209739979995e-01
-3.227845206504097453e-01
-2.351638475036801068e-01
-1.659357989411370360e+00
-2.878618278430204458e-01
2.405471827078755620e+00
1.438166210736690487e-01
-3.227845207298216668e-01
-2.351638472463208895e-01
5.546384304805767052e-01
-5.079165044657495826e-02
1.116995916286357193e+00
2.503072466442337052e-01
-3.486015235528354128e-01
-2.812527831852890681e-01
5.546384304805767052e-01
-5.079165044657495826e-02
1.116995916286357193e+00
2.702338924072511528e-01
-3.806468604722828553e-01
-3.031791667212103691e-01
1.403672850841757302e+00
-2.482803817930573143e+00
-3.783895237874311812e-01
2.450204420752715995e-01
-2.854334110680800118e-01
-2.877051724267172816e-01
1.403672850841757302e+00
-2.482803817930573143e+00
-3.783895237874311812e-01
2.858456523151286510e-01
-2.821977240499358164e-01
-3.027907172628206411e-01
1.350708216642950932e+00
-2.591550449138280587e+00
-8.783744698792892436e-01
2.605071247428389358e-01
-2.977866549077703429e-01
-2.477763149976444645e-01
1.350708216642950932e+00
-2.591550449138280587e+00
-8.783744698792892436e-01
3.015021673668198954e-01
-2.946862783941893715e-01
-2.624233375736501617e-01
0.000000000000000000e+00
0.000000000000000000e+00
0.000000000000000000e+00
0.000000000000000000e+00
0.000000000000000000e+00
0.000000000000000000e+00
5.240604887187182426e-01
9.406341963546671346e-10
-2.821903060519716678e-09
0.000000000000000000e+00
-0.000000000000000000e+00
0.000000000000000000e+00
5.240604813544746943e-01
3.470675066926292018e-01
-9.231819091369567465e-01
0.000000000000000000e+00
0.000000000000000000e+00
0.000000000000000000e+00
6.887220114259802184e-01
1.243770758984047653e+00
-5.860689781855754621e-01
-1.992624316645979499e-01
6.931851304798057611e-02
-8.705474139754443286e-02
-1.654493720707871818e+00
1.362206307222851853e+00
2.434332937007614994e-01
-3.985248633291958442e-01
1.386370259154650064e-01
-1.741094828629459468e-01
-1.798876756683352340e+00
9.498029039443630639e-01
-1.055439068409933512e-01
-5.324902741535497697e-01
-8.475698573655195134e-02
1.654652704937709107e-01
-1.689097308137251119e+00
6.898826945341213213e-01
1.561972301654694917e-01
-6.020621709456143167e-01
-1.984004948160747461e-01
3.285474761334676863e-01
-2.687137537095138473e+00
6.430491708043676313e-01
5.282874833214333821e-01
-6.277534928212925580e-01
-2.443899711380394801e-01
2.538483360454826254e-01
-2.687137537095137585e+00
6.430491708043676313e-01
5.282874833214334931e-01
-6.277534926138479410e-01
-2.443899703938239854e-01
2.538483361947675987e-01
-4.170764353526221768e+00
3.484644886879951997e+00
-4.972752578346901764e+00
-6.437587539680493798e-01
-3.119735094362400263e-01
2.547024169360336820e-01
-4.170764353526221768e+00
3.484644886879951997e+00
-4.972752578346901764e+00
-8.787015328553792193e-01
-5.037729518987149602e-01
3.173514258923459952e-01
-3.557499718453473569e+00
8.793909121599534640e-01
-1.776496747002517473e+00
-6.812774239820827971e-01
-3.321037237854924107e-01
8.836664017539426486e-02
-3.557499718453473569e+00
8.793909121599534640e-01
-1.776496747002517473e+00
-7.629448266933673839e-01
-3.694830842971263962e-01
2.334052914708104609e-01
-2.356455460365435073e+00
1.949416568465383026e-01
1.358858985399530539e+00
-6.490754894989568813e-01
-2.166278087824257126e-01
1.116008373002586596e-01
-2.356455460365435073e+00
1.949416568465383026e-01
1.358858985399530539e+00
-6.561658067944570183e-01
-1.954186471264092173e-01
9.626255257446961200e-02
0.000000000000000000e+00
0.000000000000000000e+00
0.000000000000000000e+00
0.000000000000000000e+00
0.000000000000000000e+00
0.000000000000000000e+00
5.247190751103654183e-01
9.418162905872465121e-10
-2.825449343809933057e-09
0.000000000000000000e+00
-0.000000000000000000e+00
0.000000000000000000e+00
5.247190677276882820e-01
3.485416919855416351e-01
-9.252847530524501707e-01
0.000000000000000000e+00
0.000000000000000000e+00
0.000000000000000000e+00
6.902513996938280938e-01
1.248076833154735166e+00
-5.864425790877871858e-01
-1.997541776029219951e-01
6.955921553279538483e-02
-8.707647986820507557e-02
-1.657861342394676196e+00
1.365905112589154147e+00
2.478629392226414652e-01
-3.995083552058440457e-01
1.391184308849117979e-01
-1.741529598044693206e-01
-1.803823164754172925e+00
9.485381261023633215e-01
-1.039951956187262772e-01
-5.327963154243774424e-01
-8.449243176480177031e-02
1.665928739036684203e-01
-1.694127784688431504e+00
6.895449539167164410e-01
1.577121616607657095e-01
-6.020440671899567331e-01
-1.982379983342298924e-01
3.302417047407806283e-01
-2.687249473525520127e+00
6.430735236514567577e-01
5.279924558178402672e-01
-6.277295810959033773e-01
-2.442663185790603098e-01
2.555743697301180450e-01
-2.687249473525518795e+00
6.430735236514566466e-01
5.279924558178406002e-01
-6.277295808884736372e-01
-2.442663178348464248e-01
2.555743698794221697e-01
-4.178305579066212694e+00
3.499330898022282366e+00
-5.001486517294021716e+00
-6.437369726017131422e-01
-3.118925397556094881e-01
2.564697953020615984e-01
-4.178305579066212694e+00
3.499330898022282366e+00
-5.001486517294021716e+00
-8.807389645356100694e-01
-5.031705205311208795e-01
3.206350781231734337e-01
-2.335573476872201404e+00
5.475678453754700969e-01
1.459229621525341303e+00
-6.812386201273724629e-01
-3.320231122754145336e-01
9.012112232682142898e-02
-2.335573476872201404e+00
5.475678453754700969e-01
1.459229621525341303e+00
-6.942205897524537095e-01
-3.076831545917848021e-01
6.020936513974510518e-02
-2.356603433012698368e+00
1.949528561514249636e-01
1.358571207804983416e+00
-6.490390095328473219e-01
-2.165474595565426708e-01
1.133582947386568840e-01
-2.356603433012698368e+00
1.949528561514249636e-01
1.358571207804983416e+00
-6.561065706828598243e-01
-1.953699986708935243e-01
9.805983615552550658e-02
