-2.221441471072811424e+00
nan
-2.221441467085554233e+00
2.610459999999999864e-02
2.799937000000000120e-01
-1.333499999999999686e-01
1.422480808268891117e+00
-1.055434944557696042e+00
-1.422480814034112306e+00
8.860460000000003333e-02
2.799937001121810543e-01
-1.333500001121810108e-01
-1.282801227104528041e-01
3.093069435042471227e+00
4.581666407313204625e-01
2.073546000000000833e-01
2.799937003253250012e-01
-1.333500007516129071e-01
-9.323451075111447439e-01
-1.029589499804533403e+00
-1.272378702809293660e+00
2.243294984396069502e-01
8.447036868496624051e-02
-1.925739790646182892e-01
-1.496352293864173122e+00
9.253417315607855853e-01
-1.431441716483313753e+00
2.413043968792138172e-01
-1.110529630620597508e-01
-2.517979570254701427e-01
3.215359821314623529e-02
-5.726989897341391300e-01
-2.975375609977090718e+00
2.386077135288977580e-01
-1.884572923462594640e-01
-4.444233647653924590e-01
8.099631814836710797e-01
1.028585382844914076e+00
-1.373632424687259768e+00
2.429435234867141080e-01
-2.267237951165642640e-01
-5.407609899060401570e-01
-1.421893856239530685e+00
-9.451729720288193359e-01
1.662489419523130119e+00
3.457806212733199880e-01
-2.197608742430186557e-01
-5.525978624548519846e-01
-1.421893856344793594e+00
-9.451729665681521952e-01
1.662489423057162075e+00
3.457806213053209454e-01
-2.197608744981197348e-01
-5.525978623268921197e-01
6.472011381856918044e-01
-1.410630241290758757e+00
1.894891415101057852e+00
4.574859797757065971e-01
-2.287798822705917057e-01
-5.922404073128378910e-01
6.472011381856918044e-01
-1.410630241290758757e+00
1.894891415101057852e+00
5.008931231993790645e-01
-2.277105962494291314e-01
-5.878338608406362686e-01
8.499744899033216672e-02
-2.715661052295534006e+00
-1.346020934743924258e+00
4.589446050971857649e-01
-1.798806992544624284e-01
-5.514171740150376477e-01
8.499744899033216672e-02
-2.715661052295534006e+00
-1.346020934743924258e+00
4.834134350234411959e-01
-1.992846507360009900e-01
-5.819049445722969116e-01
-7.722150596317646221e-01
2.167915086319219586e+00
1.685067163112307531e+00
4.639290817710910453e-01
-2.194865661370291599e-01
-5.315857865253106329e-01
-7.722150596317646221e-01
2.167915086319219586e+00
1.685067163112307531e+00
5.045782085189660648e-01
-2.199533230478289136e-01
-5.474657033144948448e-01
-2.221441471072811424e+00
nan
-2.221441467085554233e+00
2.610459999999999864e-02
2.799937000000000120e-01
1.333500000000000241e-01
1.422685035337891035e+00
-1.055270531740447382e+00
-1.422685041104506665e+00
8.860460000000003333e-02
2.799937001121810543e-01
1.333499998878189818e-01
-1.282424509552396175e-01
3.092996923796114572e+00
4.586086767117678042e-01
2.073546000000001110e-01
2.799937003253250012e-01
1.333499992483870855e-01
-9.323237125945473824e-01
-1.029114060972443623e+00
-1.272145236489303555e+00
2.243249270404391038e-01
8.448697994890658203e-02
7.406989898027432906e-02
-1.497015161048173670e+00
9.252186807057708462e-01
-1.431433705767106934e+00
2.412952540808780966e-01
-1.110197405342799037e-01
1.478979906428452840e-02
3.165694926391351971e-02
-5.733310839961790473e-01
-2.975297222142785358e+00
2.385351880571925931e-01
-1.885100032178629315e-01
-1.778001571244383627e-01
8.096375232469621430e-01
1.028305613223393644e+00
-1.373818882224268290e+00
2.428392545306250483e-01
-2.268189295065499711e-01
-2.741223439683852514e-01
-1.421843978863155611e+00
-9.450981003905171152e-01
1.662495704077407987e+00
3.456758850208139222e-01
-2.198605083837152641e-01
-2.859659204933061583e-01
-1.421843978968209576e+00
-9.450980949299400136e-01
1.662495707611434614e+00
3.456758850528121596e-01
-2.198605086388175089e-01
-2.859659203653479587e-01
6.475296495793636531e-01
-1.410291594484678779e+00
1.894415930980514862e+00
4.573782711591383721e-01
-2.288844540249039827e-01
-3.256157164932244608e-01
6.475296495793636531e-01
-1.410291594484678779e+00
1.894415930980514862e+00
5.007881066558267369e-01
-2.278236303372496163e-01
-3.212337124010116174e-01
-9.289547166115862398e-01
2.493163734374908458e+00
1.300942589629253021e+00
4.588416817711787887e-01
-1.799852586075015304e-01
-2.847926693106432317e-01
-9.289547166115862398e-01
2.493163734374908458e+00
1.300942589629253021e+00
4.999606080562731814e-01
-1.842485254455845933e-01
-2.987855096812854772e-01
-7.718283634815569227e-01
2.168186479076428697e+00
1.685239372522857604e+00
4.638257242384490886e-01
-2.195913055860143070e-01
-2.649615323684433310e-01
-7.718283634815569227e-01
2.168186479076428697e+00
1.685239372522857604e+00
5.044691497704945071e-01
-2.200637142655660072e-01
-2.808558683303690184e-01
0.000000000000000000e+00
0.000000000000000000e+00
0.000000000000000000e+00
0.000000000000000000e+00
0.000000000000000000e+00
0.000000000000000000e+00
-4.715389402241160904e-02
-8.463634668816054355e-11
2.539090824851054262e-10
0.000000000000000000e+00
-0.000000000000000000e+00
0.000000000000000000e+00
-4.715389994253847000e-02
2.297863875454056459e-01
-7.586217853017577228e-01
-0.000000000000000000e+00
0.000000000000000000e+00
0.000000000000000000e+00
-1.276641357922738140e-01
1.157133882971343786e+00
-4.777284149789991496e-01
-1.619371229497695575e-01
-1.567016930714105333e-02
5.319087025213893594e-03
-1.393349538222441009e+00
1.051835200940937964e+00
-4.928664135028023030e-01
-3.238742458995390594e-01
-3.134033859767669516e-02
1.063817405545756760e-02
-1.421527360500126846e+00
1.300523848446436315e+00
1.332183333560370830e-01
-5.646344245198837708e-01
-2.984057568707837449e-01
1.213259269936688839e-01
-1.349104217791789795e+00
6.653407701539121311e-01
3.887804577153304852e-01
-6.848260037955647972e-01
-4.347747174774904688e-01
1.700839834198394074e-01
-2.672857976588286721e+00
5.757117097490332958e-01
5.411486669671266014e-01
-6.954086052576574639e-01
-4.107628382109634324e-01
9.226856365945501626e-02
-2.672857976588286721e+00
5.757117097490327406e-01
5.411486669671268235e-01
-6.954086050459419299e-01
-4.107628378516279821e-01
9.226856432288070564e-02
-2.660889831431661356e+00
2.550413253304955941e+00
-5.592293239511780811e-02
-7.133506583651640920e-01
-4.562725246002388158e-01
5.206500827532986597e-02
-2.660889831431661356e+00
2.550413253304955941e+00
-5.592293239511780811e-02
-7.020523462312843188e-01
-4.469746446477736446e-01
-6.148639790111709580e-02
-2.808553841172838794e+00
1.449402149103813819e+00
-1.238184840177032620e-01
-7.163099726307640136e-01
-3.463684867017658431e-01
-7.947531077569372493e-02
-2.808553841172838794e+00
1.449402149103813819e+00
-1.238184840177032620e-01
-7.629015806542367439e-01
-4.350247252363085848e-01
-6.044344298945753674e-02
-2.576442709025885236e+00
-3.809089693515740338e-01
8.160686053091187331e-01
-6.834601485647791019e-01
-2.906646615554233648e-01
2.351592485293041435e-02
-2.576442709025885236e+00
-3.809089693515740338e-01
8.160686053091187331e-01
-6.770304401660075522e-01
-2.984058812146828665e-01
4.020211426722242187e-02
0.000000000000000000e+00
0.000000000000000000e+00
0.000000000000000000e+00
0.000000000000000000e+00
0.000000000000000000e+00
0.000000000000000000e+00
-4.608522870116552733e-02
-8.271820333016747703e-11
2.481546514497327163e-10
0.000000000000000000e+00
-0.000000000000000000e+00
0.000000000000000000e+00
-4.608523462308006940e-02
2.300717865759140390e-01
-7.587804396942592344e-01
-0.000000000000000000e+00
0.000000000000000000e+00
0.000000000000000000e+00
-1.266953761245015742e-01
1.158741243862982051e+00
-4.771961643258846864e-01
-1.619853538274853288e-01
-1.560868954283529259e-02
5.105579617964865757e-03
-1.396429787226039609e+00
1.052974736532696465e+00
-4.918679630555187199e-01
-3.239707076549707132e-01
-3.121737906944292013e-02
1.021115924085016190e-02
-1.424335090779607293e+00
1.301349668354909062e+00
1.326344416855045338e-01
-5.648780436944460526e-01
-2.987981425589644746e-01
1.213271500662791019e-01
-1.351785679821726704e+00
6.652656017203425476e-01
3.888573955713086061e-01
-6.851458065491646821e-01
-4.354223458477466391e-01
1.702908025915667034e-01
-2.672856678865392244e+00
5.758755850306294111e-01
5.410036230688175518e-01
-6.957307641276511134e-01
-4.114435386902637881e-01
9.247083570160173627e-02
-2.672856678865391800e+00
5.758755850306288560e-01
5.410036230688178849e-01
-6.957307639159520107e-01
-4.114435383309389405e-01
9.247083636502645421e-02
-2.660788973796943679e+00
2.559191674802715699e+00
-5.867764711758827190e-02
-7.136821263091899237e-01
-4.569903651380301524e-01
5.226387211164643110e-02
-2.660788973796943679e+00
2.559191674802715699e+00
-5.867764711758827190e-02
-7.024054912794492900e-01
-4.478779639750443686e-01
-6.165284546728710957e-02
-2.550196074856791562e+00
-2.138599401071994421e-01
1.142062835259701314e+00
-7.166277720161529086e-01
-3.470845003812796925e-01
-7.927941139325045405e-02
-2.550196074856791562e+00
-2.138599401071994421e-01
1.142062835259701314e+00
-7.087663453999880625e-01
-3.358085894345995692e-01
-5.961355392410133680e-02
-2.576465177034259479e+00
-3.807487797243392369e-01
8.159190703101346642e-01
-6.837804895169319330e-01
-2.913823285235045968e-01
2.371168742506701843e-02
-2.576465177034259479e+00
-3.807487797243392369e-01
8.159190703101346642e-01
-6.773432932442738919e-01
-2.991717856671638476e-01
4.040376661240407952e-02
