-2.221441471072811424e+00
nan
-2.221441467085554233e+00
2.610459999999999864e-02
2.799937000000000120e-01
-1.333499999999999686e-01
1.437457913104227769e+00
-1.043284050161073395e+00
-1.437457918971905446e+00
8.860460000000003333e-02
2.799937001121810543e-01
-1.333500001121810108e-01
-1.091883538470249521e-01
-3.089842240117998351e+00
-4.909559565715354568e-01
2.073546000000000833e-01
2.799937003253250012e-01
-1.333500007516129071e-01
-1.087966387375427280e+00
-8.094931459634320259e-01
-1.222477782845840855e+00
1.928841550965422480e-01
8.557629763627375152e-02
-1.967335929181925902e-01
-1.868561645585977704e+00
9.251594494973232052e-01
-1.522532865577399974e+00
1.784137101930844127e-01
-1.088411051668290441e-01
-2.601171847349405541e-01
-3.437196311188314701e-01
-9.439776923637737127e-01
-2.809860450212407379e+00
1.328545325591718729e-01
-2.352527242841225275e-01
-4.183818803731844116e-01
4.966165322847964636e-01
9.431731886465098968e-01
-1.489535570157359157e+00
1.156373173681905508e-01
-2.985540415208461362e-01
-4.987595715390988893e-01
-1.593709613367254585e+00
-5.627754106796506450e-01
2.141783651115920950e+00
2.153757544970086868e-01
-2.907064513845168396e-01
-5.262317754578418327e-01
-1.593709613651648871e+00
-5.627754040810384328e-01
2.141783653556769362e+00
2.153757545722871092e-01
-2.907064515413432804e-01
-5.262317752293402817e-01
7.001089063765417730e-01
-5.386687320890448660e-01
1.620163974559308162e+00
3.236721480730967437e-01
-3.096905395862452615e-01
-5.714253205757858778e-01
7.001089063765417730e-01
-5.386687320890448660e-01
1.620163974559308162e+00
3.613818722370104042e-01
-3.211470064511907085e-01
-5.901727789385602385e-01
-2.576284306078425734e-01
-2.761832820083444329e+00
-5.254436776862445591e-01
3.221084515476703714e-01
-2.471207708573890105e-01
-5.594933065482289303e-01
-2.576284306078425734e-01
-2.761832820083444329e+00
-5.254436776862445591e-01
3.366947429852006901e-01
-2.829997134761760846e-01
-5.796100335003754322e-01
-1.173554070290123041e+00
2.559266015564051422e+00
1.218805312061769452e+00
3.338089126467201906e-01
-2.714849168786758749e-01
-5.240498131012923944e-01
-1.173554070290123041e+00
2.559266015564051422e+00
1.218805312061769452e+00
3.751807954865617467e-01
-2.706785739213432018e-01
-5.379227452330224146e-01
-2.221441471072811424e+00
nan
-2.221441467085554233e+00
2.610459999999999864e-02
2.799937000000000120e-01
1.333500000000000241e-01
1.437826594366036659e+00
-1.042982534270797901e+00
-1.437826600236240537e+00
8.860460000000003333e-02
2.799937001121810543e-01
1.333499998878189818e-01
-1.093781283191050668e-01
-3.089670761603167559e+00
-4.917501010836772268e-01
2.073546000000001110e-01
2.799937003253250012e-01
1.333499992483870855e-01
-1.087855914159399306e+00
-8.085540831611632839e-01
-1.222043449184872621e+00
1.928582651877880083e-01
8.561093678447337374e-02
6.986616260287847879e-02
-1.870141450360261359e+00
9.243746082983441692e-01
-1.522404402125676848e+00
1.783619303755759056e-01
-1.087718268706110991e-01
6.382326307142444088e-03
-3.444142071885396561e-01
-9.456284088716766512e-01
-2.809332477324428812e+00
1.327362597648661102e-01
-2.353749494070583592e-01
-1.517100439873924067e-01
4.957451281004500721e-01
9.423193977406183475e-01
-1.489787320020719230e+00
1.154848500839813497e-01
-2.987707504924860258e-01
-2.320058954914343829e-01
-1.593653854923527513e+00
-5.626525882695735392e-01
2.141760155474630611e+00
2.152226015522601399e-01
-2.909333185170984715e-01
-2.594834880366890251e-01
-1.593653855207537218e+00
-5.626525816710853389e-01
2.141760157915436835e+00
2.152226016275353981e-01
-2.909333186739280763e-01
-2.594834878081886398e-01
7.007039285734502077e-01
-5.371134072970190632e-01
1.616723593779616719e+00
3.235147778769401627e-01
-3.099287138241604844e-01
-3.046823872573389824e-01
7.007039285734502077e-01
-5.371134072970190632e-01
1.616723593779616719e+00
3.611467580166002889e-01
-3.214942605994492442e-01
-3.235188763985467064e-01
1.312507605015400980e+00
-2.668762160704488906e+00
-7.343830655558932774e-01
3.219577703649538769e-01
-2.473585784332339998e-01
-2.927514212809919081e-01
1.312507605015400980e+00
-2.668762160704488906e+00
-7.343830655558932774e-01
3.636598259833335733e-01
-2.472610152841197839e-01
-3.056227134944219381e-01
-1.173058960527618710e+00
2.559619192996647197e+00
1.218874467365068659e+00
3.336577358068994470e-01
-2.717232177088485523e-01
-2.573081032841330607e-01
-1.173058960527618710e+00
2.559619192996647197e+00
1.218874467365068659e+00
3.750262278004322658e-01
-2.709307074751069466e-01
-2.711919400132375424e-01
0.000000000000000000e+00
0.000000000000000000e+00
0.000000000000000000e+00
0.000000000000000000e+00
0.000000000000000000e+00
0.000000000000000000e+00
3.008723137856810226e-01
5.400345822198879396e-10
-1.620104017330655013e-09
0.000000000000000000e+00
-0.000000000000000000e+00
0.000000000000000000e+00
3.008723074182368395e-01
2.641858393956321160e-01
-8.103410184310061437e-01
0.000000000000000000e+00
0.000000000000000000e+00
0.000000000000000000e+00
3.680200281488171243e-01
1.166347836188689424e+00
-5.162198804420112808e-01
-1.742894435961950816e-01
3.079636268783316269e-02
-5.467192591606703095e-02
-1.598898977533764754e+00
1.178509154609754361e+00
-1.044757733042236403e-01
-3.485788871923901633e-01
6.159272527041165929e-02
-1.093438518664490294e-01
-1.602804963377195024e+00
1.164148292748271141e+00
-1.227106690373098163e-01
-5.483022315155050563e-01
-1.866967044508613116e-01
1.464674646066369545e-01
-1.474718809852313850e+00
7.052829315440626301e-01
2.112314316787206048e-01
-6.496415304504135069e-01
-3.134137308013436596e-01
2.679705217324322986e-01
-2.678056515938227911e+00
6.106022727712041576e-01
5.426817697243815353e-01
-6.706748646659254076e-01
-3.328596138002941629e-01
1.860537156205401832e-01
-2.678056515938227466e+00
6.106022727712037135e-01
5.426817697243822014e-01
-6.706748644412949822e-01
-3.328596131475021203e-01
1.860537159945652441e-01
-3.294981301816088948e+00
3.603493235809707151e+00
-2.527175409852470800e+00
-6.879678274476123123e-01
-3.951200032611130730e-01
1.707681526778410119e-01
-3.294981301816088948e+00
3.603493235809707151e+00
-2.527175409852470800e+00
-7.844766681913732942e-01
-5.521916156423920530e-01
7.263026083379919839e-02
-3.158391150639815237e+00
1.285059777988767582e+00
-1.008521026438170543e+00
-7.146375853886690610e-01
-3.640139849440781061e-01
4.157572485129629181e-03
-3.158391150639815237e+00
1.285059777988767582e+00
-1.008521026438170543e+00
-7.766734500970704502e-01
-4.422610589420795657e-01
9.873305091022815949e-02
-2.435890923589842938e+00
-7.941364204956746775e-02
1.224762309819619865e+00
-6.797737298543631290e-01
-2.627446794350722370e-01
6.226180435315623041e-02
-2.435890923589842938e+00
-7.941364204956746775e-02
1.224762309819619865e+00
-6.796596082508054026e-01
-2.458669061098202879e-01
6.358313275684876476e-02
0.000000000000000000e+00
0.000000000000000000e+00
0.000000000000000000e+00
0.000000000000000000e+00
0.000000000000000000e+00
0.000000000000000000e+00
3.022114181372345110e-01
5.424381355742691119e-10
-1.627314678598484728e-09
0.000000000000000000e+00
-0.000000000000000000e+00
0.000000000000000000e+00
3.022114117612780815e-01
2.649591022475011326e-01
-8.112849686953448325e-01
0.000000000000000000e+00
0.000000000000000000e+00
0.000000000000000000e+00
3.696504446412879896e-01
1.169255654393847044e+00
-5.159490386993956790e-01
-1.745204345989754269e-01
3.094619843098429801e-02
-5.490375353401643482e-02
-1.603221182314484849e+00
1.180975145975441398e+00
-1.013342126641582075e-01
-3.490408691979508538e-01
6.189239675626333897e-02
-1.098075071025553517e-01
-1.607819902212556329e+00
1.164075684580770487e+00
-1.227387318817046991e-01
-5.485732570271976138e-01
-1.869411986536296255e-01
1.470480837047435929e-01
-1.479446725297219656e+00
7.048579742949565574e-01
2.122456534117774796e-01
-6.498248255676113416e-01
-3.139250506195286894e-01
2.690590609408617384e-01
-2.678100307023890458e+00
6.106673033526823779e-01
5.424728150919615466e-01
-6.708560866582484739e-01
-3.334077806994506510e-01
1.871630484094702895e-01
-2.678100307023890458e+00
6.106673033526819339e-01
5.424728150919622127e-01
-6.708560864336350349e-01
-3.334077800466689889e-01
1.871630487835078127e-01
-3.298530649622778643e+00
3.621195862352421635e+00
-2.545492822354250784e+00
-6.881530909938259333e-01
-3.957094048361308736e-01
1.719041311229678182e-01
-3.298530649622778643e+00
3.621195862352421635e+00
-2.545492822354250784e+00
-7.858037238363132504e-01
-5.536340769361736136e-01
7.378067086703821165e-02
-2.404919744197037357e+00
2.270857633261483544e-01
1.424650564893257698e+00
-7.148098376608583715e-01
-3.646017154399306959e-01
5.285845900646152229e-03
-2.404919744197037357e+00
2.270857633261483544e-01
1.424650564893257698e+00
-7.178717182736372715e-01
-3.361452831234035266e-01
-4.418728775333918835e-03
-2.435965676429906246e+00
-7.935974950488761115e-02
1.224553079424402835e+00
-6.799486077813022833e-01
-2.633340414408267272e-01
6.339200747944317982e-02
-2.435965676429906246e+00
-7.935974950488761115e-02
1.224553079424402835e+00
-6.798172608235174552e-01
-2.464966769082578002e-01
6.474447291383089720e-02
