-0.269 7.974 -0.409
-0.464 7.502 0.074
-0.441 7.183 0.494
-0.389 6.975 0.909
-0.207 6.762 1.257
0.052 6.596 1.521
0.472 6.575 1.468
0.791 6.738 1.202
1.019 6.958 0.850
0.850 7.231 0.439
0.618 7.517 0.023
0.373 7.999 -0.408
-0.872 7.359 -0.493
-0.848 7.085 -0.041
-0.759 6.799 0.380
-0.651 6.575 0.803
-0.412 6.343 1.141
0.002 6.201 1.263
0.423 6.222 1.155
0.786 6.349 0.928
0.963 6.576 0.570
0.904 6.838 0.166
0.902 7.149 -0.236
0.925 7.465 -0.621
-1.316 6.811 -0.545
-1.186 6.609 -0.112
-1.012 6.358 0.285
-0.811 6.128 0.670
-0.467 5.916 0.927
-0.026 5.790 1.023
0.434 5.795 0.944
0.785 5.945 0.683
0.975 6.165 0.328
1.097 6.428 -0.051
1.205 6.713 -0.431
1.332 6.978 -0.807
-1.662 6.278 -0.575
-1.466 6.107 -0.168
-1.216 5.889 0.189
-0.913 5.681 0.494
-0.515 5.512 0.679
-0.060 5.423 0.724
0.388 5.440 0.625
0.780 5.546 0.409
1.051 5.737 0.102
1.245 5.990 -0.256
1.451 6.242 -0.605
1.615 6.478 -0.985
-1.922 5.746 -0.588
-1.674 5.587 -0.206
-1.381 5.390 0.132
-1.020 5.200 0.399
-0.581 5.049 0.548
-0.102 4.976 0.563
0.361 5.000 0.437
0.754 5.106 0.202
1.057 5.312 -0.128
1.352 5.529 -0.446
1.592 5.756 -0.796
1.777 5.975 -1.179
-2.109 5.226 -0.643
-1.815 5.074 -0.295
-1.474 4.899 0.002
-1.079 4.731 0.231
-0.622 4.605 0.347
-0.138 4.548 0.337
0.327 4.574 0.205
0.713 4.711 -0.064
1.081 4.872 -0.343
1.397 5.066 -0.658
1.645 5.279 -1.012
1.856 5.486 -1.390
-2.257 4.720 -0.715
-1.930 4.573 -0.397
-1.552 4.416 -0.142
-1.126 4.275 0.037
-0.659 4.174 0.117
-0.178 4.137 0.080
0.277 4.177 -0.071
0.700 4.283 -0.294
1.077 4.432 -0.568
1.387 4.618 -0.895
1.654 4.818 -1.244
1.895 5.014 -1.609
-2.373 4.224 -0.807
-2.014 4.081 -0.522
-1.613 3.939 -0.297
-1.170 3.815 -0.147
-0.696 3.731 -0.093
-0.216 3.709 -0.152
0.243 3.761 -0.315
0.670 3.858 -0.535
1.037 4.006 -0.820
1.353 4.184 -1.143
1.647 4.368 -1.479
1.909 4.556 -1.834
-2.461 3.743 -0.927
-2.080 3.605 -0.671
-1.660 3.474 -0.473
-1.207 3.365 -0.349
-0.729 3.297 -0.318
-0.251 3.291 -0.397
0.203 3.346 -0.567
0.622 3.445 -0.794
0.980 3.594 -1.085
1.321 3.755 -1.390
1.631 3.928 -1.716
1.900 4.115 -2.068
-2.534 3.272 -1.066
-2.137 3.139 -0.831
-1.707 3.016 -0.652
-1.246 2.921 -0.554
-0.766 2.868 -0.546
-0.291 2.872 -0.640
0.156 2.933 -0.820
0.561 3.042 -1.064
0.935 3.180 -1.343
1.290 3.329 -1.636
1.602 3.500 -1.961
1.874 3.689 -2.312
-2.600 2.812 -1.217
-2.190 2.683 -1.002
-1.752 2.570 -0.844
-1.285 2.487 -0.769
-0.806 2.448 -0.787
-0.336 2.464 -0.899
0.103 2.534 -1.092
0.514 2.637 -1.328
0.901 2.762 -1.592
1.253 2.912 -1.888
1.558 3.088 -2.218
1.817 3.283 -2.574
-2.660 2.356 -1.371
-2.241 2.232 -1.171
-1.795 2.124 -1.029
-1.322 2.050 -0.974
-0.842 2.020 -1.008
-0.375 2.044 -1.134
0.062 2.118 -1.333
0.466 2.229 -1.582
0.848 2.358 -1.851
1.186 2.517 -2.159
1.500 2.687 -2.482
1.855 2.843 -2.767
