tensor([[-3.1771e-03,  8.6208e-03, -1.7174e-04, -1.9037e-03,  1.0000e-02,
         -1.7967e-04],
        [-2.6887e-03,  3.8597e-03, -1.3729e-04, -1.2845e-03,  4.2213e-03,
         -1.3364e-04],
        [-1.2467e-03,  1.9081e-03, -8.1075e-05, -2.9784e-04,  1.7691e-03,
         -7.3131e-05],
        [-3.5978e-04,  6.2859e-04, -1.2131e-05, -6.1525e-05,  5.7306e-04,
         -4.6506e-05],
        [ 0.0000e+00,  0.0000e+00,  0.0000e+00,  0.0000e+00,  0.0000e+00,
          0.0000e+00],
        [ 0.0000e+00,  0.0000e+00,  0.0000e+00,  0.0000e+00,  0.0000e+00,
          0.0000e+00],
        [ 0.0000e+00,  0.0000e+00,  0.0000e+00,  0.0000e+00,  0.0000e+00,
          0.0000e+00],
        [ 0.0000e+00,  0.0000e+00,  0.0000e+00,  0.0000e+00,  0.0000e+00,
          0.0000e+00],
        [ 0.0000e+00,  0.0000e+00,  0.0000e+00,  0.0000e+00,  0.0000e+00,
          0.0000e+00],
        [ 0.0000e+00,  0.0000e+00,  0.0000e+00,  0.0000e+00,  0.0000e+00,
          0.0000e+00]], dtype=torch.float64, requires_grad=True)
