tensor([[-2.2135e-04, -1.9924e-04,  3.0055e-04, -2.9426e-04, -2.4121e-04,
          2.6600e-04],
        [-1.0723e-03,  2.6838e-04,  2.9680e-04,  4.9388e-04,  3.0520e-04,
          2.6302e-04],
        [-9.8783e-04,  2.6913e-04,  2.8719e-04,  4.2629e-04,  2.1836e-04,
          2.5548e-04],
        [-2.2251e-04, -6.5889e-04,  2.8282e-04, -3.4224e-04, -5.1103e-04,
          2.5157e-04],
        [-9.1224e-04, -3.2849e-05,  2.9566e-04,  3.2885e-04,  1.5318e-04,
          2.6243e-04],
        [-1.2725e-03,  3.7996e-04,  3.5078e-04,  7.5204e-04,  4.0112e-04,
          3.0615e-04],
        [-2.5872e-04, -3.7279e-04,  3.9050e-04, -2.6167e-04, -2.6368e-04,
          3.3964e-04],
        [-7.0110e-04,  1.2008e-04,  3.3577e-04,  1.7727e-04,  2.4897e-04,
          2.8965e-04],
        [-1.4579e-03,  8.1370e-04,  2.2529e-04,  1.0187e-03,  8.1748e-04,
          1.9950e-04],
        [-5.5689e-04,  2.9002e-04,  1.4013e-04,  1.7966e-04,  2.8819e-04,
          1.3165e-04]], dtype=torch.float64, requires_grad=True)
tensor([[-5.9922e-04,  1.6686e-04,  8.9061e-04, -6.8526e-04, -1.6506e-04,
          7.7912e-04],
        [-2.6995e-03,  1.1081e-03,  8.7802e-04,  1.1989e-03,  1.0650e-03,
          7.6913e-04],
        [-2.7295e-03,  1.2842e-03,  8.4735e-04,  1.2795e-03,  9.5826e-04,
          7.4503e-04],
        [-6.6157e-04, -1.3874e-03,  8.3898e-04, -7.9953e-04, -1.1804e-03,
          7.3708e-04],
        [-2.3956e-03,  5.6479e-05,  8.9185e-04,  8.6861e-04,  4.3385e-04,
          7.8045e-04],
        [-3.4950e-03,  1.2407e-03,  1.0338e-03,  2.1260e-03,  1.1868e-03,
          8.9330e-04],
        [-7.9642e-04, -8.6253e-04,  1.1295e-03, -5.7199e-04, -6.7026e-04,
          9.7516e-04],
        [-1.8136e-03,  3.1916e-04,  9.1541e-04,  4.2888e-04,  6.5357e-04,
          7.8902e-04],
        [-3.8304e-03,  2.2469e-03,  6.1921e-04,  2.6695e-03,  2.2432e-03,
          5.4761e-04],
        [-1.4588e-03,  7.9747e-04,  3.8544e-04,  4.4879e-04,  7.9347e-04,
          3.6149e-04]], dtype=torch.float64, requires_grad=True)
tensor([[-0.0009,  0.0022,  0.0017, -0.0012,  0.0013,  0.0015],
        [-0.0037,  0.0029,  0.0017,  0.0012,  0.0026,  0.0015],
        [-0.0046,  0.0038,  0.0016,  0.0021,  0.0030,  0.0014],
        [-0.0011, -0.0011,  0.0016, -0.0014, -0.0011,  0.0014],
        [-0.0038,  0.0005,  0.0018,  0.0012,  0.0011,  0.0015],
        [-0.0061,  0.0029,  0.0020,  0.0038,  0.0027,  0.0017],
        [-0.0015, -0.0010,  0.0022, -0.0009, -0.0008,  0.0019],
        [-0.0030,  0.0006,  0.0017,  0.0006,  0.0012,  0.0014],
        [-0.0066,  0.0042,  0.0011,  0.0046,  0.0042,  0.0010],
        [-0.0025,  0.0015,  0.0007,  0.0007,  0.0015,  0.0007]],
       dtype=torch.float64, requires_grad=True)
tensor([[-7.2713e-04,  6.1448e-03,  2.7442e-03, -2.0640e-03,  4.3022e-03,
          2.3474e-03],
        [-3.4706e-03,  5.7756e-03,  2.7083e-03,  7.3621e-05,  5.0288e-03,
          2.3189e-03],
        [-5.4574e-03,  7.7663e-03,  2.6459e-03,  2.1340e-03,  6.2339e-03,
          2.2693e-03],
        [-1.0902e-03,  7.7065e-04,  2.6437e-03, -2.2732e-03,  3.0398e-04,
          2.2649e-03],
        [-4.4049e-03,  1.4898e-03,  2.8445e-03,  6.8114e-04,  2.1511e-03,
          2.4264e-03],
        [-8.4129e-03,  5.4760e-03,  3.1660e-03,  4.9829e-03,  5.0165e-03,
          2.6807e-03],
        [-2.0638e-03, -3.8062e-04,  3.3843e-03, -1.3670e-03, -3.2659e-04,
          2.8675e-03],
        [-3.9034e-03,  9.6534e-04,  2.5382e-03,  4.0707e-04,  1.7306e-03,
          2.1687e-03],
        [-9.3155e-03,  6.6356e-03,  1.7180e-03,  6.3577e-03,  6.4836e-03,
          1.5055e-03],
        [-3.5544e-03,  2.3463e-03,  1.0832e-03,  8.5511e-04,  2.3167e-03,
          1.0102e-03]], dtype=torch.float64, requires_grad=True)
tensor([[-3.7796e-04,  1.0640e-02,  3.9094e-03, -3.0822e-03,  8.0524e-03,
          3.3110e-03],
        [-2.3647e-03,  9.1469e-03,  3.8509e-03, -1.7722e-03,  7.9097e-03,
          3.2647e-03],
        [-5.3459e-03,  1.2179e-02,  3.7817e-03,  1.2830e-03,  1.0000e-02,
          3.2091e-03],
        [-7.5894e-04,  4.1412e-03,  3.8154e-03, -3.3731e-03,  2.9959e-03,
          3.2326e-03],
        [-4.1290e-03,  3.0241e-03,  4.0692e-03, -5.3684e-04,  3.6369e-03,
          3.4367e-03],
        [-9.9857e-03,  8.6515e-03,  4.4449e-03,  5.5939e-03,  7.9005e-03,
          3.7330e-03],
        [-2.3712e-03,  9.6644e-04,  4.6673e-03, -2.0350e-03,  7.6979e-04,
          3.9256e-03],
        [-4.4540e-03,  1.3227e-03,  3.4526e-03, -7.4198e-05,  2.2858e-03,
          2.9335e-03],
        [-1.1833e-02,  9.3054e-03,  2.3154e-03,  7.9505e-03,  9.0306e-03,
          2.0177e-03],
        [-4.5733e-03,  3.3156e-03,  1.4641e-03,  9.0139e-04,  3.2533e-03,
          1.3618e-03]], dtype=torch.float64, requires_grad=True)
tensor([[ 0.0003,  0.0147,  0.0051, -0.0043,  0.0115,  0.0043],
        [-0.0011,  0.0128,  0.0050, -0.0036,  0.0110,  0.0042],
        [-0.0045,  0.0163,  0.0050, -0.0001,  0.0135,  0.0042],
        [-0.0003,  0.0083,  0.0050, -0.0044,  0.0064,  0.0042],
        [-0.0032,  0.0049,  0.0053, -0.0021,  0.0054,  0.0045],
        [-0.0108,  0.0119,  0.0057,  0.0057,  0.0109,  0.0048],
        [-0.0025,  0.0028,  0.0059, -0.0027,  0.0023,  0.0049],
        [-0.0047,  0.0015,  0.0043, -0.0008,  0.0027,  0.0037],
        [-0.0141,  0.0120,  0.0029,  0.0094,  0.0116,  0.0025],
        [-0.0056,  0.0043,  0.0018,  0.0009,  0.0042,  0.0017]],
       dtype=torch.float64, requires_grad=True)
tensor([[ 0.0010,  0.0179,  0.0062, -0.0055,  0.0143,  0.0052],
        [-0.0001,  0.0163,  0.0061, -0.0049,  0.0141,  0.0051],
        [-0.0034,  0.0197,  0.0060, -0.0016,  0.0165,  0.0050],
        [ 0.0002,  0.0128,  0.0061, -0.0052,  0.0102,  0.0051],
        [-0.0020,  0.0068,  0.0065, -0.0038,  0.0072,  0.0054],
        [-0.0111,  0.0149,  0.0069,  0.0054,  0.0138,  0.0057],
        [-0.0024,  0.0048,  0.0070, -0.0033,  0.0040,  0.0058],
        [-0.0046,  0.0014,  0.0051, -0.0015,  0.0029,  0.0043],
        [-0.0162,  0.0145,  0.0033,  0.0107,  0.0141,  0.0029],
        [-0.0066,  0.0054,  0.0021,  0.0008,  0.0052,  0.0020]],
       dtype=torch.float64, requires_grad=True)
tensor([[ 0.0017,  0.0199,  0.0069, -0.0065,  0.0162,  0.0058],
        [ 0.0002,  0.0193,  0.0068, -0.0055,  0.0169,  0.0057],
        [-0.0024,  0.0221,  0.0067, -0.0028,  0.0187,  0.0056],
        [ 0.0004,  0.0170,  0.0069, -0.0056,  0.0138,  0.0057],
        [-0.0009,  0.0088,  0.0073, -0.0051,  0.0091,  0.0061],
        [-0.0110,  0.0176,  0.0077,  0.0050,  0.0164,  0.0064],
        [-0.0025,  0.0069,  0.0077, -0.0037,  0.0059,  0.0064],
        [-0.0043,  0.0009,  0.0056, -0.0023,  0.0028,  0.0047],
        [-0.0181,  0.0167,  0.0037,  0.0120,  0.0164,  0.0032],
        [-0.0077,  0.0064,  0.0023,  0.0008,  0.0062,  0.0021]],
       dtype=torch.float64, requires_grad=True)
tensor([[ 2.3179e-03,  2.1610e-02,  7.2501e-03, -7.4091e-03,  1.8003e-02,
          6.0698e-03],
        [ 3.3053e-04,  2.1818e-02,  7.1476e-03, -5.8882e-03,  1.9245e-02,
          5.9895e-03],
        [-1.5249e-03,  2.3703e-02,  7.0464e-03, -3.9179e-03,  2.0362e-02,
          5.9120e-03],
        [ 5.7594e-04,  2.0410e-02,  7.1837e-03, -6.0263e-03,  1.6830e-02,
          6.0112e-03],
        [-4.1610e-05,  1.0955e-02,  7.6082e-03, -6.2372e-03,  1.0995e-02,
          6.3580e-03],
        [-1.0585e-02,  1.9771e-02,  8.0400e-03,  4.1974e-03,  1.8502e-02,
          6.6956e-03],
        [-2.5136e-03,  8.9672e-03,  8.0126e-03, -4.0274e-03,  7.7547e-03,
          6.6820e-03],
        [-3.8303e-03,  8.2105e-05,  5.8374e-03, -3.2673e-03,  2.4805e-03,
          4.9353e-03],
        [-1.9745e-02,  1.8590e-02,  3.8411e-03,  1.3033e-02,  1.8446e-02,
          3.3168e-03],
        [-8.7965e-03,  7.2674e-03,  2.3888e-03,  7.2181e-04,  7.0478e-03,
          2.2330e-03]], dtype=torch.float64, requires_grad=True)
tensor([[ 0.0030,  0.0231,  0.0072, -0.0085,  0.0195,  0.0061],
        [ 0.0007,  0.0239,  0.0071, -0.0066,  0.0212,  0.0060],
        [-0.0009,  0.0256,  0.0070, -0.0049,  0.0222,  0.0059],
        [ 0.0009,  0.0229,  0.0071, -0.0067,  0.0191,  0.0060],
        [ 0.0007,  0.0132,  0.0076, -0.0073,  0.0130,  0.0064],
        [-0.0098,  0.0214,  0.0081,  0.0030,  0.0202,  0.0067],
        [-0.0026,  0.0111,  0.0081, -0.0043,  0.0098,  0.0067],
        [-0.0033, -0.0009,  0.0059, -0.0043,  0.0021,  0.0050],
        [-0.0212,  0.0200,  0.0039,  0.0138,  0.0202,  0.0034],
        [-0.0099,  0.0081,  0.0024,  0.0006,  0.0078,  0.0023]],
       dtype=torch.float64, requires_grad=True)
tensor([[ 0.0036,  0.0243,  0.0070, -0.0097,  0.0208,  0.0059],
        [ 0.0011,  0.0255,  0.0069, -0.0076,  0.0228,  0.0058],
        [-0.0003,  0.0269,  0.0068, -0.0061,  0.0236,  0.0057],
        [ 0.0013,  0.0248,  0.0069, -0.0077,  0.0209,  0.0058],
        [ 0.0011,  0.0151,  0.0074, -0.0083,  0.0148,  0.0062],
        [-0.0091,  0.0228,  0.0079,  0.0017,  0.0215,  0.0066],
        [-0.0028,  0.0133,  0.0079, -0.0048,  0.0117,  0.0067],
        [-0.0028, -0.0019,  0.0058, -0.0055,  0.0016,  0.0050],
        [-0.0225,  0.0209,  0.0039,  0.0142,  0.0215,  0.0034],
        [-0.0110,  0.0088,  0.0023,  0.0005,  0.0085,  0.0022]],
       dtype=torch.float64, requires_grad=True)
tensor([[ 3.8468e-03,  2.4872e-02,  6.7994e-03, -1.0740e-02,  2.1501e-02,
          5.7745e-03],
        [ 1.1995e-03,  2.6365e-02,  6.6930e-03, -8.4719e-03,  2.3726e-02,
          5.6919e-03],
        [-9.1949e-06,  2.7572e-02,  6.5816e-03, -7.1401e-03,  2.4340e-02,
          5.6076e-03],
        [ 1.4263e-03,  2.5751e-02,  6.7320e-03, -8.5607e-03,  2.1931e-02,
          5.7151e-03],
        [ 1.2516e-03,  1.6246e-02,  7.2363e-03, -9.1558e-03,  1.5923e-02,
          6.1260e-03],
        [-8.7830e-03,  2.3446e-02,  7.7416e-03,  5.7552e-04,  2.2328e-02,
          6.5269e-03],
        [-3.1423e-03,  1.4547e-02,  7.8610e-03, -5.2822e-03,  1.2987e-02,
          6.6130e-03],
        [-2.6154e-03, -2.6483e-03,  5.6982e-03, -6.5447e-03,  1.2237e-03,
          4.8858e-03],
        [-2.3569e-02,  2.1416e-02,  3.8159e-03,  1.4296e-02,  2.2408e-02,
          3.3252e-03],
        [-1.1908e-02,  9.2757e-03,  2.2224e-03,  2.6123e-04,  9.0257e-03,
          2.1562e-03]], dtype=torch.float64, requires_grad=True)
tensor([[ 3.8535e-03,  2.5240e-02,  6.8333e-03, -1.1659e-02,  2.2007e-02,
          5.8086e-03],
        [ 1.1027e-03,  2.6933e-02,  6.7262e-03, -9.2740e-03,  2.4386e-02,
          5.7257e-03],
        [ 6.3962e-06,  2.7877e-02,  6.6086e-03, -8.0575e-03,  2.4809e-02,
          5.6368e-03],
        [ 1.3359e-03,  2.6258e-02,  6.7537e-03, -9.3685e-03,  2.2553e-02,
          5.7400e-03],
        [ 1.1626e-03,  1.6947e-02,  7.2478e-03, -9.9805e-03,  1.6673e-02,
          6.1435e-03],
        [-8.7203e-03,  2.3652e-02,  7.7508e-03, -4.3015e-04,  2.2724e-02,
          6.5443e-03],
        [-3.5159e-03,  1.5161e-02,  7.9242e-03, -5.9060e-03,  1.3692e-02,
          6.6698e-03],
        [-2.7153e-03, -3.6384e-03,  5.6484e-03, -7.4831e-03,  6.7703e-04,
          4.8567e-03],
        [-2.4748e-02,  2.1893e-02,  3.7347e-03,  1.4268e-02,  2.3176e-02,
          3.2666e-03],
        [-1.2732e-02,  9.4757e-03,  2.1122e-03, -1.3257e-04,  9.2634e-03,
          2.0832e-03]], dtype=torch.float64, requires_grad=True)
tensor([[ 0.0040,  0.0246,  0.0067, -0.0127,  0.0217,  0.0057],
        [ 0.0012,  0.0264,  0.0065, -0.0102,  0.0241,  0.0056],
        [ 0.0002,  0.0273,  0.0064, -0.0091,  0.0245,  0.0055],
        [ 0.0013,  0.0261,  0.0066, -0.0102,  0.0226,  0.0056],
        [ 0.0013,  0.0167,  0.0071, -0.0110,  0.0166,  0.0060],
        [-0.0087,  0.0234,  0.0076, -0.0014,  0.0227,  0.0064],
        [-0.0035,  0.0147,  0.0078, -0.0069,  0.0135,  0.0066],
        [-0.0031, -0.0044,  0.0056, -0.0081,  0.0003,  0.0048],
        [-0.0256,  0.0219,  0.0036,  0.0139,  0.0236,  0.0032],
        [-0.0134,  0.0094,  0.0020, -0.0007,  0.0093,  0.0020]],
       dtype=torch.float64, requires_grad=True)
tensor([[ 0.0044,  0.0235,  0.0063, -0.0139,  0.0209,  0.0054],
        [ 0.0014,  0.0258,  0.0062, -0.0112,  0.0238,  0.0053],
        [ 0.0006,  0.0262,  0.0061, -0.0103,  0.0238,  0.0052],
        [ 0.0014,  0.0258,  0.0062, -0.0110,  0.0224,  0.0053],
        [ 0.0020,  0.0156,  0.0067, -0.0125,  0.0158,  0.0057],
        [-0.0086,  0.0227,  0.0073, -0.0023,  0.0223,  0.0062],
        [-0.0028,  0.0134,  0.0076, -0.0084,  0.0125,  0.0065],
        [-0.0035, -0.0051,  0.0054, -0.0085, -0.0001,  0.0046],
        [-0.0260,  0.0213,  0.0035,  0.0132,  0.0235,  0.0031],
        [-0.0139,  0.0091,  0.0018, -0.0015,  0.0090,  0.0019]],
       dtype=torch.float64, requires_grad=True)
tensor([[ 0.0052,  0.0221,  0.0058, -0.0154,  0.0199,  0.0051],
        [ 0.0017,  0.0253,  0.0058, -0.0122,  0.0235,  0.0050],
        [ 0.0013,  0.0250,  0.0057, -0.0117,  0.0229,  0.0050],
        [ 0.0017,  0.0255,  0.0058, -0.0120,  0.0222,  0.0051],
        [ 0.0032,  0.0140,  0.0063, -0.0145,  0.0146,  0.0055],
        [-0.0082,  0.0219,  0.0069, -0.0034,  0.0217,  0.0059],
        [-0.0016,  0.0116,  0.0073, -0.0105,  0.0111,  0.0062],
        [-0.0038, -0.0058,  0.0051, -0.0090, -0.0006,  0.0045],
        [-0.0259,  0.0203,  0.0033,  0.0120,  0.0229,  0.0029],
        [-0.0143,  0.0086,  0.0017, -0.0024,  0.0087,  0.0018]],
       dtype=torch.float64, requires_grad=True)
tensor([[ 0.0052,  0.0210,  0.0055, -0.0167,  0.0193,  0.0048],
        [ 0.0013,  0.0249,  0.0055, -0.0131,  0.0234,  0.0048],
        [ 0.0012,  0.0240,  0.0054, -0.0129,  0.0223,  0.0047],
        [ 0.0013,  0.0251,  0.0055, -0.0129,  0.0221,  0.0048],
        [ 0.0035,  0.0126,  0.0060, -0.0160,  0.0136,  0.0053],
        [-0.0086,  0.0210,  0.0066, -0.0043,  0.0213,  0.0057],
        [-0.0012,  0.0101,  0.0071, -0.0121,  0.0101,  0.0061],
        [-0.0045, -0.0063,  0.0050, -0.0095, -0.0009,  0.0044],
        [-0.0262,  0.0197,  0.0031,  0.0111,  0.0226,  0.0028],
        [-0.0147,  0.0082,  0.0016, -0.0032,  0.0083,  0.0017]],
       dtype=torch.float64, requires_grad=True)
