1.000000000000000021e-03 1.000000000000000021e-03 -2.010000000000000120e-01 -1.000000000000000021e-03 -1.000000000000000021e-03 -2.010000000000000120e-01
-1.000000000000000021e-03 -1.000000000000000021e-03 -2.010000000000000120e-01 -1.000000000000000021e-03 1.000000000000000021e-03 -2.010000000000000120e-01
1.000000000000000021e-03 -1.000000000000000021e-03 -2.010000000000000120e-01 1.000000000000000021e-03 -1.000000000000000021e-03 -2.010000000000000120e-01
1.000000000000000021e-03 -1.000000000000000021e-03 -2.010000000000000120e-01 1.000000000000000021e-03 1.000000000000000021e-03 -2.010000000000000120e-01
-1.000000000000000021e-03 1.000000000000000021e-03 -1.990000000000000102e-01 1.000000000000000021e-03 1.000000000000000021e-03 -2.010000000000000120e-01
-1.000000000000000021e-03 1.000000000000000021e-03 -1.998598450114197345e-01 5.544982989464753787e-04 1.000000000000000021e-03 -1.990000000000000102e-01
-2.519326236576979261e-04 5.062720504226228850e-04 -2.003540744620855851e-01 2.802600365996770143e-04 4.586367878667966017e-04 -2.000982442890750224e-01
-3.342128233018434392e-04 6.153152957054920614e-04 -2.002909416432308298e-01 2.635148457712234676e-04 6.098602853308811474e-04 -2.003717602002809961e-01
-1.446584812230212124e-04 2.875989043237546809e-04 -2.000876663068547057e-01 1.344799720035983078e-04 2.870751673814062326e-04 -2.001124887892257731e-01
-2.390102893319155330e-05 4.184281477530977876e-05 -2.000158090432796465e-01 3.491283745914027729e-05 4.286821727130727251e-05 -2.000052423525299772e-01
