2.577525852700000147e-02 -1.929690869299999917e-02 -2.257752585269999779e-01 -2.577525852700000147e-02 -2.577525852700000147e-02 -2.257752585269999779e-01
-2.476988048887856023e-02 -2.388005401208882425e-02 -2.257752585269999779e-01 -2.577525852700000147e-02 -1.929690869299999917e-02 -2.257752585269999779e-01
1.394143894058540688e-02 -1.326825782565720611e-02 -2.257752585269999779e-01 1.425060724312646361e-02 8.395696898878295816e-03 -2.257752585269999779e-01
1.088513710580207849e-02 8.104711473865024163e-03 -2.257752585269999779e-01 2.577525852700000147e-02 2.577525852700000147e-02 -2.257752585269999779e-01
-2.577525852700000147e-02 2.577525852700000147e-02 -1.863302786944597833e-01 2.577525852700000147e-02 2.577525852700000147e-02 -2.257752585269999779e-01
-2.079151807099835839e-02 2.577525852700000147e-02 -2.107610395511230195e-01 1.216373056990634888e-02 2.552878987450767773e-02 -1.742247414730000443e-01
-1.051092673594460070e-02 1.723612182246523142e-02 -2.145632321317415270e-01 8.087788487370527885e-03 1.600851355109315921e-02 -2.077104371463993904e-01
-9.492752651796824981e-03 1.718078156427739131e-02 -2.093482384323159806e-01 7.510340476709306476e-03 1.636596894513213038e-02 -2.096122330124622346e-01
-4.039160601860186661e-03 8.076924191852475829e-03 -2.021614918901815661e-01 3.610204790538454247e-03 7.762795383278813487e-03 -2.013600554510886487e-01
-6.513563182992558381e-04 1.209046975339460534e-03 -2.003733081270217542e-01 6.952699168782644880e-04 1.027699456633904707e-03 -1.999343405200310897e-01
