2.904268096889999970e-02 -2.250783608509999978e-02 -2.290426809688999865e-01 -2.904268096889999970e-02 -2.904268096889999970e-02 -2.290426809688999865e-01
-2.801885184971423040e-02 -2.712356816691437189e-02 -2.290426809688999865e-01 -2.904268096889999970e-02 -2.250783608509999978e-02 -2.290426809688999865e-01
1.433531243185818399e-02 -1.227198768741853512e-02 -2.290426809688999865e-01 1.664934675087093724e-02 1.075619292789454888e-02 -2.290426809688999865e-01
1.060831238765288717e-02 1.110584516864464993e-02 -2.290426809688999865e-01 2.904268096889999970e-02 2.904268096889999970e-02 -2.290426809688999865e-01
-2.904268096889999970e-02 2.904268096889999970e-02 -1.839834813360869126e-01 2.904268096889999970e-02 2.904268096889999970e-02 -2.290426809688999865e-01
-2.350204549051923206e-02 2.904268096889999970e-02 -2.130228492283378350e-01 1.355786153517000645e-02 2.872517135186577336e-02 -1.709971557187484337e-01
-1.280824765008114000e-02 2.017275622732654650e-02 -2.171475143560659682e-01 9.342066852953056708e-03 1.861024475630021838e-02 -2.100305887331816723e-01
-1.105778574435948257e-02 1.981109698323955254e-02 -2.108896573951016540e-01 8.501740618816200357e-03 1.849240159420665122e-02 -2.111809579012672855e-01
-4.593548802265403665e-03 9.261922230421541780e-03 -2.025070807175726184e-01 4.048419076635422116e-03 8.712404036548888897e-03 -2.014135595686578906e-01
-7.284941209437284428e-04 1.383776294293166415e-03 -2.004262257898944688e-01 7.704406217765360229e-04 1.144988430643893587e-03 -1.999080317963597697e-01
