3.232987667823000039e-02 -2.575548525956999901e-02 -2.323298766782299907e-01 -3.232987667823000039e-02 -3.232987667823000039e-02 -2.323298766782299907e-01
-3.129313180229920111e-02 -3.039402807529225509e-02 -2.323298766782299907e-01 -3.232987667823000039e-02 -2.575548525956999901e-02 -2.323298766782299907e-01
1.442089500172559144e-02 -1.057459859065146626e-02 -2.323298766782299907e-01 1.905651802050266005e-02 1.340854014820592501e-02 -2.323298766782299907e-01
1.030834021769171105e-02 1.420663875499038852e-02 -2.323298766782299907e-01 3.232987667823000039e-02 3.232987667823000039e-02 -2.323298766782299907e-01
-3.232987667823000039e-02 3.232987667823000039e-02 -1.813407231852258994e-01 3.232987667823000039e-02 3.232987667823000039e-02 -2.317854740825384396e-01
-2.639941468418384451e-02 3.232987667823000039e-02 -2.151773110926444854e-01 1.553375321085456728e-02 3.196263838601644258e-02 -1.677378456907723248e-01
-1.541637228997671735e-02 2.322840031072946620e-02 -2.199565119130930668e-01 1.106942118437095543e-02 2.143145659994516103e-02 -2.126546948439292928e-01
-1.277420833302237227e-02 2.265231777651306386e-02 -2.125592521448777250e-01 9.520953372293696274e-03 2.069115575812590160e-02 -2.128729227630330179e-01
-5.202952464458736499e-03 1.056205891252303894e-02 -2.028902125890271746e-01 4.516638867214590840e-03 9.715776617137149296e-03 -2.014806085157960502e-01
-8.074988229169645241e-04 1.566702375547635853e-03 -2.004814832508718392e-01 8.453704014940604562e-04 1.256899744588358542e-03 -1.998797083531992369e-01
