3.563091367476099725e-02 -2.902883968169900006e-02 -2.356309136747609945e-01 -3.563091367476099725e-02 -3.563091367476099725e-02 -2.356309136747609945e-01
-3.458512776910867975e-02 -3.368335001115677074e-02 -2.356309136747609945e-01 -3.563091367476099725e-02 -2.902883968169900006e-02 -2.356309136747609945e-01
1.463148534331315531e-02 -8.386426222914517351e-03 -2.356309136747609945e-01 2.174153790924486518e-02 1.626518320242388918e-02 -2.356309136747609945e-01
1.036177037060878083e-02 1.737719426543240381e-02 -2.340485281894002234e-01 3.563091367476099725e-02 3.563091367476099725e-02 -2.356309136747609945e-01
-3.563091367476099725e-02 3.563091367476099725e-02 -1.784907924796231837e-01 3.563091367476099725e-02 3.563091367476099725e-02 -2.327054292620853448e-01
-2.942757311974907378e-02 3.563091367476099725e-02 -2.168421170354737915e-01 1.694394758059290448e-02 3.522886530992190568e-02 -1.648892693965142153e-01
-1.819509912451722569e-02 2.636735116911151020e-02 -2.229228102030120506e-01 1.252172862277081342e-02 2.440630489049662108e-02 -2.154915691214526197e-01
-1.453491293523371218e-02 2.564117233180452163e-02 -2.142053596440461893e-01 1.054341137877748760e-02 2.294622095030961206e-02 -2.146044120994185234e-01
-5.802422167420160856e-03 1.185051442243558080e-02 -2.032759320109340795e-01 4.984325563461021284e-03 1.070110800475231570e-02 -2.015574389101637831e-01
-8.862933312806624275e-04 1.748332134313820927e-03 -2.005359640697102208e-01 9.169361500029015160e-04 1.359493758483406754e-03 -1.998529654976477221e-01
