3.894163957233269524e-02 -3.232018777718929925e-02 -2.389416395723326925e-01 -3.894163957233269524e-02 -3.894163957233269524e-02 -2.389416395723326925e-01
-3.788952494587531639e-02 -3.698587536626193190e-02 -2.389416395723326925e-01 -3.894163957233269524e-02 -3.232018777718929925e-02 -2.389416395723326925e-01
1.454782440671066428e-02 -5.854705565498653959e-03 -2.389416395723326925e-01 2.462105183136440931e-02 1.926483334037646517e-02 -2.389416395723326925e-01
9.613255140024767192e-03 2.059658312274181488e-02 -2.353708081430562205e-01 3.894163957233269524e-02 3.894163957233269524e-02 -2.389416395723326925e-01
-3.894163957233269524e-02 3.894163957233269524e-02 -1.754958409857012847e-01 3.894163957233269524e-02 3.894163957233269524e-02 -2.323493978877681776e-01
-3.254728402464473341e-02 3.894163957233269524e-02 -2.187916275748616191e-01 1.864004315151928173e-02 3.851522415665573074e-02 -1.624083026725019474e-01
-2.113071965458836188e-02 2.956461676997894014e-02 -2.259992190059553208e-01 1.412577194489686438e-02 2.748869869388264123e-02 -2.184773811157189605e-01
-1.631776779092940916e-02 2.872327298263412099e-02 -2.157918072297390910e-01 1.156932061839915579e-02 2.516238246273250212e-02 -2.162393035986186207e-01
-6.387434238693751390e-03 1.312817234440396240e-02 -2.036424993018265128e-01 5.438263771041179293e-03 1.167946563442546874e-02 -2.016144065918275829e-01
-9.621272099027590322e-04 1.920537224782308807e-03 -2.005914598775514757e-01 9.864610407936081835e-04 1.459377873461916277e-03 -1.998246607080822190e-01
