4.025914770063288711e-02 -3.362413144403250675e-02 -2.402591477006328913e-01 -4.025914770063288711e-02 -4.025914770063288711e-02 -2.402591477006328913e-01
-4.120260296961195806e-02 -3.829764311483554312e-02 -2.402591477006328913e-01 -4.025914770063288711e-02 -3.362413144403250675e-02 -2.402591477006328913e-01
1.348926175108892088e-02 -3.082501105307549217e-03 -2.402591477006328913e-01 2.763671157684809143e-02 2.236458843694326751e-02 -2.402591477006328913e-01
8.089294478615957976e-03 2.385015532285840456e-02 -2.352964041106154203e-01 4.225914770063288889e-02 4.225914770063288889e-02 -2.422591477006328931e-01
-4.225914770063288889e-02 4.225914770063288889e-02 -1.727004216921197710e-01 4.225914770063288889e-02 4.225914770063288889e-02 -2.311001759257461652e-01
-3.573108165807169223e-02 4.225914770063288889e-02 -2.206274026591835691e-01 2.044643682507393118e-02 4.181567534936941194e-02 -1.610832713261103888e-01
-2.416004995461598637e-02 3.265922134728069942e-02 -2.291527051680156135e-01 1.585580365564806526e-02 3.043185356981182449e-02 -2.209794773921546773e-01
-1.812860945427760898e-02 3.188074343821484247e-02 -2.173002993663749327e-01 1.266774372091992659e-02 2.746584270860182031e-02 -2.177951814945257303e-01
-6.993974556397133252e-03 1.448539616140801997e-02 -2.040108425715274898e-01 5.913329777514467027e-03 1.270187077005319534e-02 -2.016804173852299042e-01
-1.040059118769555034e-03 2.090916248281225829e-03 -2.006462746199249303e-01 1.054949776515725539e-03 1.556505655516393898e-03 -1.997895697371752932e-01
