4.018140339044302262e-02 -3.553689201082275290e-02 -2.421814033904430286e-01 -4.018140339044302262e-02 -4.218140339044301745e-02 -2.421814033904430286e-01
-4.452175758622761020e-02 -4.021588053883707464e-02 -2.421814033904430286e-01 -4.018140339044302262e-02 -3.353689201082275112e-02 -2.421814033904430286e-01
1.374826789215370139e-02 -2.141957983173776222e-03 -2.411941093876634190e-01 3.074767339868666668e-02 2.553441700454002830e-02 -2.421814033904430286e-01
6.022522015629791503e-03 2.712765586294001510e-02 -2.342443212879068704e-01 4.558140339044302464e-02 4.358140339044302286e-02 -2.455814033904430149e-01
-4.558140339044302464e-02 4.558140339044302464e-02 -1.712146001049174859e-01 4.558140339044302464e-02 4.558140339044302464e-02 -2.312257205523307602e-01
-3.895974000147056637e-02 4.358140339044302286e-02 -2.229124452182089378e-01 2.271091239656218563e-02 4.512599118426898620e-02 -1.611557493836363042e-01
-2.701888955656107927e-02 3.556558495335149922e-02 -2.317935749663542211e-01 1.806682585317390816e-02 3.349206198296224984e-02 -2.217309447856596893e-01
-1.993037942918366237e-02 3.509097275712134978e-02 -2.188398035292836441e-01 1.371283673318553394e-02 2.970270798091087169e-02 -2.194277246369962520e-01
-7.622183633683132266e-03 1.589219587611800585e-02 -2.043571232460147102e-01 6.388300507148106898e-03 1.372846839347729130e-02 -2.017007675546111378e-01
-1.124573630255080352e-03 2.268205257567074140e-03 -2.006950659916439395e-01 1.126833325978578593e-03 1.658847205963894346e-03 -1.997392016186519126e-01
