4.112698237331011836e-02 -3.787582440757592678e-02 -2.445269823733101089e-01 -4.112698237331011836e-02 -4.452698237331011166e-02 -2.445269823733101089e-01
-4.702331437883151138e-02 -4.255864673563814621e-02 -2.445269823733101089e-01 -3.943839502190132906e-02 -3.447582440757592653e-02 -2.445269823733101089e-01
1.492957219089904690e-02 -1.413868173547474117e-03 -2.428485825685847976e-01 3.297398371430240727e-02 2.864573399960822567e-02 -2.445269823733101089e-01
3.575781291539474951e-03 3.042190624099714441e-02 -2.325078633120108706e-01 4.869984109324079768e-02 4.550698237331011337e-02 -2.489069823733101039e-01
-4.890698237331012055e-02 4.890698237331012055e-02 -1.705456797010623526e-01 4.890698237331012055e-02 4.890698237331012055e-02 -2.303136017909399869e-01
-4.221980084184977916e-02 4.550698237331011337e-02 -2.255119750095266884e-01 2.529604529660396325e-02 4.844321226869868768e-02 -1.622064840239044459e-01
-2.976581600259478946e-02 3.860003947760105858e-02 -2.345278827825779955e-01 2.008940433410827051e-02 3.663420787216754848e-02 -2.221324579915943676e-01
-2.173406789527325411e-02 3.833813328035590162e-02 -2.203432415280704160e-01 1.476502320403067121e-02 3.186057720686635147e-02 -2.211644586791455258e-01
-8.289400676026308437e-03 1.739293899647497560e-02 -2.047152645184466824e-01 6.873223756005397526e-03 1.479456743040421900e-02 -2.016979329191198322e-01
-1.206871870604777058e-03 2.454014980723200588e-03 -2.007470265571604240e-01 1.199449165687032888e-03 1.754602134364090238e-03 -1.997007700777442274e-01
