4.278888766131708210e-02 -4.051307708530314799e-02 -2.471688876613170605e-01 -4.278888766131708210e-02 -4.716888766131707711e-02 -2.471688876613170605e-01
-4.975060380674325294e-02 -4.519858307339889858e-02 -2.471688876613170605e-01 -3.791828916392214061e-02 -3.413307708530314427e-02 -2.471688876613170605e-01
1.675648520002078964e-02 -1.904205306809062708e-03 -2.450067137952297580e-01 3.542073592980365254e-02 3.182365589615596124e-02 -2.471688876613170605e-01
1.178173508998816427e-03 3.372788150563713061e-02 -2.302923427288836866e-01 5.096281496417481155e-02 4.785488766131707622e-02 -2.522348876613170754e-01
-5.223488766131708511e-02 5.223488766131708511e-02 -1.700121526187348131e-01 5.223488766131708511e-02 5.223488766131708511e-02 -2.286751186579664419e-01
-4.550184343011522831e-02 4.785488766131707622e-02 -2.283316458634491175e-01 2.810563832663320882e-02 5.176526702779948169e-02 -1.639419982720921320e-01
-3.197066233390451900e-02 4.110988723150158647e-02 -2.372314441058943069e-01 2.158845908888384554e-02 3.918882932235068922e-02 -2.224686610314972057e-01
-2.332783426300305205e-02 4.135655197961718432e-02 -2.217237270718104836e-01 1.577230384363382740e-02 3.383711722969088426e-02 -2.228089104088072370e-01
-8.943766725148237159e-03 1.887434297753866688e-02 -2.050719190632816491e-01 7.352295013125694119e-03 1.585174805338550319e-02 -2.016616522991768190e-01
-1.291439527463392970e-03 2.653172785720282756e-03 -2.007937859973583095e-01 1.270405031211164788e-03 1.842428877087948181e-03 -1.996705217862591031e-01
