4.495222136292195692e-02 -4.335915395971220304e-02 -2.500182213629219552e-01 -4.495222136292195692e-02 -5.001822136292195103e-02 -2.500182213629219552e-01
-5.255505092278397322e-02 -4.804653850983141988e-02 -2.500182213629219552e-01 -3.585421506333671265e-02 -3.289315395971219996e-02 -2.500182213629219552e-01
1.703532430640600920e-02 -1.554867754510790359e-03 -2.475174056538812228e-01 3.813346248065452304e-02 3.504820122373937530e-02 -2.500182213629219552e-01
-1.500151938779644648e-03 3.704206419088511976e-02 -2.277414783206946625e-01 5.354689667382862145e-02 5.049842136292195111e-02 -2.555644213629219563e-01
-5.556442136292195910e-02 5.556442136292195910e-02 -1.693387348558034744e-01 5.556442136292195910e-02 5.556442136292195910e-02 -2.265281804648849595e-01
-4.879927324190104498e-02 5.049842136292195111e-02 -2.313054154611948188e-01 3.107235344765367849e-02 5.509070535917003769e-02 -1.661568582458235188e-01
-3.374799788882516111e-02 4.308096026403996498e-02 -2.397493056414467805e-01 2.268703929429038632e-02 4.119586309026047194e-02 -2.228584244098772149e-01
-2.471212043035400652e-02 4.407863100927515015e-02 -2.229311984926150847e-01 1.666955646727501933e-02 3.557701272174147722e-02 -2.241282766767135337e-01
-9.548876848557706284e-03 2.028597790828319536e-02 -2.054139832346259520e-01 7.810872581956320761e-03 1.682408237030212639e-02 -2.016422582385518913e-01
-1.375657789843940867e-03 2.863613754282381442e-03 -2.008334891589414473e-01 1.340159898355260028e-03 1.925391318051638666e-03 -1.996472748007477316e-01
