2.700000000000000143e-03 6.999999999999999929e-04 -2.027000000000000191e-01 -2.700000000000000143e-03 -2.700000000000000143e-03 -2.027000000000000191e-01
-2.700000000000000143e-03 -2.107530358452196131e-03 -2.027000000000000191e-01 -2.700000000000000143e-03 6.999999999999999929e-04 -2.027000000000000191e-01
2.700000000000000143e-03 -2.700000000000000143e-03 -2.027000000000000191e-01 2.700000000000000143e-03 -6.999999999999999929e-04 -2.027000000000000191e-01
2.700000000000000143e-03 -2.700000000000000143e-03 -2.027000000000000191e-01 2.700000000000000143e-03 2.700000000000000143e-03 -2.027000000000000191e-01
-2.700000000000000143e-03 2.700000000000000143e-03 -1.973000000000000032e-01 2.700000000000000143e-03 2.700000000000000143e-03 -2.027000000000000191e-01
-2.700000000000000143e-03 2.700000000000000143e-03 -2.004848885111058521e-01 1.942647108209008197e-03 2.700000000000000143e-03 -1.973000000000000032e-01
-9.926056106128674800e-04 8.241241330758459962e-04 -2.016019265855454878e-01 1.199113260359833000e-03 1.185008166275068999e-03 -2.005409487208719421e-01
-9.167623145438210048e-04 1.761722688139557343e-03 -2.008589544779408598e-01 8.534155558730039315e-04 1.836353007996800908e-03 -2.003897113869778646e-01
-3.927363720780176768e-04 7.959177516431832850e-04 -2.002211045721461469e-01 3.739306602851313866e-04 7.801124272576842166e-04 -2.002459474730469147e-01
-6.599451691216910688e-05 1.156369431381788987e-04 -2.000409437925137479e-01 8.439881435055866701e-05 1.024094728747226027e-04 -2.000077855477173649e-01
