4.746655495404537156e-02 -4.635140777179853899e-02 -2.530127549540453491e-01 -4.746655495404537156e-02 -5.301275495404536575e-02 -2.530127549540453491e-01
-5.551816390401247830e-02 -5.104010731533418360e-02 -2.530127549540453491e-01 -3.340936319292690804e-02 -3.102520777179853737e-02 -2.530127549540453491e-01
1.823051168087566273e-02 -2.310331467901999801e-03 -2.502748899549372408e-01 4.089632021863589401e-02 3.830538295304776464e-02 -2.530127549540453491e-01
-3.808285806778191791e-03 4.036199207055871790e-02 -2.249558732349623280e-01 5.456125052325246083e-02 5.230484235019279560e-02 -2.588950949540453905e-01
-5.889509495404537248e-02 5.889509495404537248e-02 -1.689254618306951228e-01 5.889509495404537248e-02 5.889509495404537248e-02 -2.241764495448260175e-01
-5.210747411015111130e-02 5.334889495404536441e-02 -2.343870541796168050e-01 3.414905403236800918e-02 5.841851219112942362e-02 -1.687072602274354849e-01
-3.499044051326902910e-02 4.450699530847340019e-02 -2.420011383893634627e-01 2.343518322186586428e-02 4.270435035199973695e-02 -2.232454537963250996e-01
-2.590682746133416217e-02 4.645559958129843320e-02 -2.240278132315087212e-01 1.747244732425449684e-02 3.714724940469420894e-02 -2.252527385786693981e-01
-1.009255358167099846e-02 2.162197642075549056e-02 -2.057382776655478362e-01 8.269040896358140560e-03 1.774897813114633544e-02 -2.016281582978987075e-01
-1.453946185911630289e-03 3.076077449635191904e-03 -2.008710835262147998e-01 1.404282199577019377e-03 2.002046311926611224e-03 -1.996291715573996761e-01
