4.983119145075061429e-02 -4.944598544025897296e-02 -2.561089284678317313e-01 -4.980719461615345373e-02 -5.610892846783175486e-02 -2.561089284678317313e-01
-5.859234299087243136e-02 -5.413560547918611771e-02 -2.561089284678317313e-01 -3.069796688364004669e-02 -2.871764544025897509e-02 -2.561089284678317313e-01
1.962389621047178415e-02 -3.839156067275846171e-03 -2.532051289656764848e-01 4.383032063522285943e-02 4.158541016356363806e-02 -2.561089284678317313e-01
-6.423979514377175203e-03 4.368594158633023333e-02 -2.220059496749496875e-01 5.532031087468323310e-02 5.401354437187710217e-02 -2.622265664678317676e-01
-6.222656646783176343e-02 6.222656646783176343e-02 -1.682698687099472012e-01 6.217959596506373449e-02 6.222656646783176343e-02 -2.229410706230553485e-01
-5.542321471792616139e-02 5.634422646783175670e-02 -2.375442012825121907e-01 3.717471231877699650e-02 6.174797697350099118e-02 -1.714294892458114172e-01
-3.614744066086743313e-02 4.610346751575877811e-02 -2.440271836450350895e-01 2.412497673751467370e-02 4.418145095179633330e-02 -2.239072865599340822e-01
-2.704807371911401026e-02 4.871749243158347148e-02 -2.250009750721929935e-01 1.826737171477198218e-02 3.870704000154276403e-02 -2.263536668919333694e-01
-1.060445482141426921e-02 2.285697168849362693e-02 -2.060375113052291263e-01 8.696201238220712879e-03 1.860477071387653739e-02 -2.016316494521550595e-01
-1.534451716975379501e-03 3.278214209477156756e-03 -2.009104530477311690e-01 1.471153852664665437e-03 2.077713490800841938e-03 -1.996183142735988014e-01
