5.048643699844428817e-02 -5.261218980818127555e-02 -2.592762499274822163e-01 -5.126297378765113516e-02 -5.927624992748222604e-02 -2.592762499274822163e-01
-6.174426835167439592e-02 -5.730245419388247524e-02 -2.592762499274822163e-01 -2.779998946713924460e-02 -2.610235180818128164e-02 -2.592762499274822163e-01
2.133739155580638772e-02 -5.909333286837539084e-03 -2.562562962731939620e-01 4.688412092683373611e-02 4.488142921092475035e-02 -2.592762499274822163e-01
-8.978122258829735261e-03 4.701270624737029225e-02 -2.189410031829408521e-01 5.685165312068477667e-02 5.620963578705611557e-02 -2.655585965274822602e-01
-6.555859652748223521e-02 6.555859652748223521e-02 -1.671514651355128500e-01 6.513451790941357511e-02 6.555859652748223521e-02 -2.230763053778158922e-01
-5.874423314336869179e-02 5.944095852748222664e-02 -2.407542042545389727e-01 3.954759800700201333e-02 6.507860232116109700e-02 -1.735652111350141358e-01
-3.696696737888242185e-02 4.796926616191431181e-02 -2.455922792095449059e-01 2.447976467069358161e-02 4.553385707318741149e-02 -2.247480985358903949e-01
-2.805864138217997392e-02 5.076195471118809255e-02 -2.258060884626421627e-01 1.898612688767523787e-02 4.020296997246716048e-02 -2.273367515485347212e-01
-1.108071064257895588e-02 2.398649444850601414e-02 -2.062977732602219727e-01 9.097040160156690675e-03 1.941092232001579918e-02 -2.016297401745645868e-01
-1.618304083549054273e-03 3.476629205593134275e-03 -2.009504332998791054e-01 1.536651941803656102e-03 2.160543790035340545e-03 -1.996059723539715391e-01
