4.994510888182986108e-02 -5.582853286572688617e-02 -2.624933749492375235e-01 -5.128201920769951544e-02 -6.249337494923755398e-02 -2.624933749492375235e-01
-6.495061610423577547e-02 -6.051924829416992224e-02 -2.624933749492375235e-01 -2.477140527558868363e-02 -2.496697067685278368e-02 -2.624933749492375235e-01
2.311655999038778400e-02 -8.358457340530724838e-03 -2.593921133884561914e-01 5.002178113096134721e-02 4.818864254407752984e-02 -2.624933749492375235e-01
-1.137550116144672892e-02 5.034144151009833229e-02 -2.157955406385346775e-01 5.892359269288585666e-02 5.874689977768142446e-02 -2.688910175692376114e-01
-6.889101756923757258e-02 6.889101756923757258e-02 -1.656551167595073093e-01 6.820296327045846652e-02 6.889101756923757258e-02 -2.241709697061482764e-01
-6.206894604117846326e-02 6.260867096923755648e-02 -2.438435372123962663e-01 4.165725625228053342e-02 6.841004006452316988e-02 -1.750599930151695571e-01
-3.785292073801004714e-02 4.993635692630566530e-02 -2.471381901141601611e-01 2.482940283116111257e-02 4.683918924300216335e-02 -2.255595083778873799e-01
-2.907082778953634303e-02 5.278539105785776120e-02 -2.265633078597188155e-01 1.970091113707419378e-02 4.168200532735501923e-02 -2.282703219218120694e-01
-1.154026270956616008e-02 2.506803462056661144e-02 -2.065549252335823760e-01 9.466749679681630419e-03 2.015119003790159444e-02 -2.016466987877029715e-01
-1.702206678511961188e-03 3.680153825897859460e-03 -2.009907831781238829e-01 1.601795743074357729e-03 2.233816268459466476e-03 -1.996053068915091822e-01
