5.056617920019976231e-02 -5.907997300600881241e-02 -2.657453624644662282e-01 -5.229535100173338114e-02 -6.574536246446628651e-02 -2.657453624644662282e-01
-6.819505953102873719e-02 -6.177100416437113911e-02 -2.657453624644662282e-01 -2.365139634150328907e-02 -2.473862775007385634e-02 -2.657453624644662282e-01
2.536197789459476368e-02 -1.052682070186884179e-02 -2.605871853691397177e-01 5.321814327385067378e-02 5.122697874301453125e-02 -2.657453624644662282e-01
-1.321980589572454255e-02 5.367155619400796468e-02 -2.125937168574503489e-01 6.137395039342661424e-02 6.152298457111914087e-02 -2.722237122984663693e-01
-7.222371229846630269e-02 7.222371229846630269e-02 -1.639783056760420743e-01 7.135087502318988861e-02 7.222371229846630269e-02 -2.259372347359809297e-01
-6.528164526071300600e-02 6.582606967846628410e-02 -2.466921247509425430e-01 4.357047571660051938e-02 7.174204648487661484e-02 -1.757624479159377029e-01
-3.871271913437566992e-02 5.189110555407318998e-02 -2.487870347140702376e-01 2.507810733220609822e-02 4.803043463578168110e-02 -2.263104777861672801e-01
-3.011330150770456099e-02 5.488661669320624853e-02 -2.273783369683917699e-01 2.042924414621879320e-02 4.321994114154520394e-02 -2.291474942372372925e-01
-1.199864793242734484e-02 2.619058749896579705e-02 -2.068296387781609902e-01 9.846972799508817500e-03 2.088844803158921085e-02 -2.016420631362095262e-01
-1.784525714290892190e-03 3.895907442240463970e-03 -2.010260812443018519e-01 1.666511978174613651e-03 2.299734434562670463e-03 -1.996035852411063849e-01
