5.200092842305869406e-02 -6.235598110420616236e-02 -2.690217537251263225e-01 -5.400468325755708454e-02 -6.902175372512639462e-02 -2.690217537251263225e-01
-7.015965474779149724e-02 -6.364723327351198834e-02 -2.690217537251263225e-01 -2.375311717813679072e-02 -2.557878770132860496e-02 -2.690217537251263225e-01
2.695521861879359923e-02 -1.304467505480552333e-02 -2.616871406338413530e-01 5.609384822551993083e-02 5.235381408227043204e-02 -2.690217537251263225e-01
-1.551081920971901160e-02 5.700263647274470685e-02 -2.093524402106913263e-01 6.408920078380514473e-02 6.446624392652554325e-02 -2.755565986089265063e-01
-7.555659860892641189e-02 7.555659860892641189e-02 -1.638045379176164273e-01 7.455441325010188358e-02 7.555659860892641189e-02 -2.281736202568638017e-01
-6.804389116081581423e-02 6.884185392106058343e-02 -2.492159177104797119e-01 4.521037947749859814e-02 7.507445097912403276e-02 -1.752541663464753929e-01
-3.971594886928648399e-02 5.392267987738498525e-02 -2.506624580901140042e-01 2.547148241992779755e-02 4.934482674405633179e-02 -2.269767412118290917e-01
-3.129414945279584276e-02 5.717193569043825530e-02 -2.282706750616027847e-01 2.115694483996241604e-02 4.489980479084736825e-02 -2.298975845320442024e-01
-1.247543283672004205e-02 2.743368060691321608e-02 -2.071042664239617359e-01 1.026081961571201871e-02 2.163546742062884970e-02 -2.017023302242822724e-01
-1.864069949507245715e-03 4.119562255659586607e-03 -2.010611048619162233e-01 1.731624000704113384e-03 2.359043464854881488e-03 -1.996058239146990265e-01
