5.200525287905994470e-02 -6.564918677294430405e-02 -2.723152276075884171e-01 -5.525636775634756165e-02 -7.231522760758847534e-02 -2.723152276075884171e-01
-7.253487139952542739e-02 -6.396059364991057983e-02 -2.723152276075884171e-01 -2.482432176378024380e-02 -2.716689966720692989e-02 -2.723152276075884171e-01
2.838878237590472184e-02 -1.555380683877691760e-02 -2.634571093191325208e-01 5.805974375797020443e-02 5.214259881974956518e-02 -2.723152276075884171e-01
-1.726894837079102560e-02 6.033439266786042726e-02 -2.060835465579600179e-01 6.698987605707011628e-02 6.752652547531001748e-02 -2.788896190262485919e-01
-7.856266363579823830e-02 7.888961902624848366e-02 -1.626829004867184625e-01 7.779689000894028650e-02 7.888961902624848366e-02 -2.307390901214818046e-01
-6.897746329088777495e-02 6.995290289087659208e-02 -2.510108335519933287e-01 4.733615033845432751e-02 7.840713412509722757e-02 -1.752711833230442273e-01
-4.038080881705913283e-02 5.543979596120036935e-02 -2.523652231630121867e-01 2.580495049772424387e-02 5.082883277714968923e-02 -2.273260513840797414e-01
-3.232381397854112992e-02 5.922947199192738627e-02 -2.291423360376419749e-01 2.178214879766162196e-02 4.637869777821728573e-02 -2.304882554449684817e-01
-1.291569787131715934e-02 2.864776843175753304e-02 -2.073755723400280415e-01 1.066036163423947358e-02 2.233722015572180489e-02 -2.017200268978292244e-01
-1.941012316016907510e-03 4.348240093447146466e-03 -2.010949367445631630e-01 1.796438332333611830e-03 2.413288730105715880e-03 -1.996133044164309367e-01
