5.100827999826081788e-02 -6.895443074106100134e-02 -2.756206593253118786e-01 -5.713254690550089582e-02 -7.562065932531192303e-02 -2.756206593253118786e-01
-7.519752305573917939e-02 -6.317994591338960131e-02 -2.756206593253118786e-01 -2.634134542549460001e-02 -2.927857804332175892e-02 -2.756206593253118786e-01
3.008888420678026976e-02 -1.831019908755689499e-02 -2.656960873988363225e-01 5.947472260421591411e-02 5.099474813598495887e-02 -2.756206593253118786e-01
-1.949963878354143629e-02 6.366662200444142550e-02 -2.027953210010480789e-01 7.002034874835559586e-02 7.066872255945914894e-02 -2.822227333183740527e-01
-8.166690915460851630e-02 8.222273331837394450e-02 -1.624122588099251030e-01 8.106662374012715833e-02 8.222273331837394450e-02 -2.335349190267144159e-01
-6.863096378193815628e-02 7.000464085742209852e-02 -2.521377840754502331e-01 4.982418994112333688e-02 8.174001232727845512e-02 -1.757925848783240264e-01
-4.080188363747548619e-02 5.668729444865776984e-02 -2.538992310645832862e-01 2.605586588971280093e-02 5.245207168603999853e-02 -2.277780613998778014e-01
-3.321110495267960011e-02 6.113149318100054297e-02 -2.299389709446902352e-01 2.234029334189537724e-02 4.772913536737310308e-02 -2.309777740408828772e-01
-1.332486289570457803e-02 2.981431023752479162e-02 -2.076369936417251372e-01 1.104286076335267430e-02 2.300157166894430810e-02 -2.017081221446109518e-01
-2.013514631862509466e-03 4.572579025391706325e-03 -2.011276365354671414e-01 1.858248696858100365e-03 2.462944115168087637e-03 -1.996224053826138323e-01
