4.931039898170143376e-02 -7.226810151874268895e-02 -2.789344615277182804e-01 -5.857006718693717751e-02 -7.893446152771833868e-02 -2.789344615277182804e-01
-7.806137921508880806e-02 -6.330098924651293701e-02 -2.789344615277182804e-01 -2.640326198869464777e-02 -3.175675290660213979e-02 -2.789344615277182804e-01
3.227895548839315037e-02 -2.123967366170287710e-02 -2.675465076550297416e-01 6.094313099329310562e-02 4.919125265734973496e-02 -2.789344615277182804e-01
-2.206112207246672258e-02 6.699918254004812168e-02 -1.994935631112097207e-01 7.314167963225542968e-02 7.386826051836353768e-02 -2.855559133228618984e-01
-8.483988101777571733e-02 8.555591332286176243e-02 -1.623674226526473641e-01 8.435543735195796811e-02 8.555591332286176243e-02 -2.364919992603772281e-01
-6.808781371002224636e-02 7.045060120524702929e-02 -2.531099569723377907e-01 5.169099252923136517e-02 8.468718217890695843e-02 -1.765703230594432016e-01
-4.131597860633186292e-02 5.821909845649197307e-02 -2.555534045962894463e-01 2.625979165593747555e-02 5.417455585441188770e-02 -2.281880151375993981e-01
-3.418621068401022506e-02 6.326078477663316102e-02 -2.307974626839007781e-01 2.303672901183359198e-02 4.936055933686810115e-02 -2.315027336828402726e-01
-1.376172637619576394e-02 3.104173681843308899e-02 -2.079200795753178843e-01 1.147358844702260801e-02 2.374177609163420979e-02 -2.016875020022690645e-01
-2.082984595691017311e-03 4.794188386239380331e-03 -2.011574577899571115e-01 1.919140212902185633e-03 2.510812996129455250e-03 -1.996351274262936071e-01
