4.712188227010986191e-02 -7.558767106311986561e-02 -2.822541230694027847e-01 -5.857633138394257449e-02 -8.225412306940282914e-02 -2.822541230694027847e-01
-8.106607852663354208e-02 -6.280714949515565915e-02 -2.822541230694027847e-01 -2.564072395803390636e-02 -3.449147531089840485e-02 -2.822541230694027847e-01
3.410032533849375463e-02 -2.417755438373093285e-02 -2.694945305129735069e-01 6.245203104359752649e-02 4.692880582230507525e-02 -2.822541230694027847e-01
-2.485416037471442283e-02 7.033197491497281129e-02 -1.961823325883228775e-01 7.632661125098531840e-02 7.710793708959660930e-02 -2.888891393260033524e-01
-8.806096132199275894e-02 8.888913932600323031e-02 -1.627332863647856231e-01 8.765760688023953306e-02 8.888913932600323031e-02 -2.395619554239412086e-01
-6.703310393875117068e-02 6.985975129089037894e-02 -2.542000406385808708e-01 5.399775434090698517e-02 8.775020107504691302e-02 -1.777448606759433614e-01
-4.180193408877117683e-02 5.959467823886910320e-02 -2.571174664028244017e-01 2.650272932647739638e-02 5.583426679851463681e-02 -2.283889108702565895e-01
-3.509412809599384703e-02 6.528905023752054615e-02 -2.315764224889556855e-01 2.368127851386316041e-02 5.088984005933717275e-02 -2.318595180127933086e-01
-1.418378360128969701e-02 3.225445296335439915e-02 -2.081916286573562702e-01 1.189812583669195081e-02 2.444985532208343235e-02 -2.016624269597216967e-01
-2.157466795044466704e-03 5.022602921878824289e-03 -2.011802260683415722e-01 1.978917046357713851e-03 2.558014177896637039e-03 -1.996433894464358372e-01
