4.890000000000000249e-03 -5.100000000000000366e-04 -2.048900000000000166e-01 -4.890000000000000249e-03 -4.890000000000000249e-03 -2.048900000000000166e-01
-4.569935507499239477e-03 -3.882801609368733385e-03 -2.048900000000000166e-01 -4.890000000000000249e-03 -5.100000000000000366e-04 -2.048900000000000166e-01
4.890000000000000249e-03 -4.890000000000000249e-03 -2.048900000000000166e-01 2.890000000000000208e-03 -4.582864248822837982e-05 -2.048900000000000166e-01
4.890000000000000249e-03 -2.890000000000000208e-03 -2.048900000000000166e-01 4.890000000000000249e-03 4.890000000000000249e-03 -2.048900000000000166e-01
-4.890000000000000249e-03 4.890000000000000249e-03 -1.958631532374564832e-01 4.890000000000000249e-03 4.890000000000000249e-03 -2.048900000000000166e-01
-4.598518291891116536e-03 4.890000000000000249e-03 -2.008440803490857407e-01 3.255112948641750766e-03 4.890000000000000249e-03 -1.951100000000000056e-01
-1.676262010077948002e-03 1.544088720542151219e-03 -2.027805786108837771e-01 1.962995380067228922e-03 2.055728042553346419e-03 -2.009088631916906287e-01
-1.617322421480688706e-03 3.132364383747839823e-03 -2.015701209551202799e-01 1.469072488503277629e-03 3.215154602328902916e-03 -2.009133182349731594e-01
-7.022908698822165514e-04 1.431039878698474278e-03 -2.003649695158949695e-01 6.731075010306618832e-04 1.425998981665898896e-03 -2.003705339244223060e-01
-1.193277875963776605e-04 2.093229790895852172e-04 -2.000745525438844541e-01 1.462149511886159155e-04 1.895504289384972966e-04 -2.000099084305164143e-01
