4.458992057199576142e-02 -7.891136974418389016e-02 -2.855778861485819276e-01 -5.868871620085108071e-02 -8.557788614858197196e-02 -2.855778861485819276e-01
-8.416936804471486511e-02 -6.346146166920556275e-02 -2.855778861485819276e-01 -2.537126653251221137e-02 -3.740578099390579059e-02 -2.855778861485819276e-01
3.637528423356417573e-02 -2.665599205250650597e-02 -2.714114654404554128e-01 6.380214817822404960e-02 4.434509303777381395e-02 -2.855778861485819276e-01
-2.780928718628781354e-02 7.366492957742008796e-02 -1.928644712223020752e-01 7.955606338409623723e-02 8.037571068945975616e-02 -2.922223975282023933e-01
-9.131571753494469035e-02 9.222239752820225733e-02 -1.634040830557334789e-01 9.096912555003662526e-02 9.222239752820225733e-02 -2.427109247384360013e-01
-6.529480709886141543e-02 6.844615635084072558e-02 -2.553249902898608314e-01 5.595006007328305608e-02 9.089431430234487519e-02 -1.789260296458456134e-01
-4.201627188600865620e-02 6.100898853506535324e-02 -2.586605531298055705e-01 2.661981517089367574e-02 5.762838583506545848e-02 -2.284536097134886867e-01
-3.604755520120337536e-02 6.740190453663372216e-02 -2.323956749852292836e-01 2.438436855196545253e-02 5.253943664987469064e-02 -2.322138348557578058e-01
-1.461897011878830407e-02 3.352668137617444144e-02 -2.084870130447173953e-01 1.235026655843379610e-02 2.518614462875646068e-02 -2.016313673482245938e-01
-2.228695996453947288e-03 5.246387333120544096e-03 -2.012034280371285677e-01 2.037502742124109190e-03 2.604333675887283549e-03 -1.996526580445273924e-01
