4.181754738331588950e-02 -8.223795882092871379e-02 -2.889045203040073173e-01 -5.806240229003646613e-02 -8.890452030400737560e-02 -2.889045203040073173e-01
-8.734167070737178240e-02 -6.491948019104049061e-02 -2.889045203040073173e-01 -2.418264633464702398e-02 -4.044579497201095802e-02 -2.889045203040073173e-01
3.809769004976027579e-02 -2.748813727568716683e-02 -2.722680259369877342e-01 6.574723017246261736e-02 4.162904711103646016e-02 -2.889045203040073173e-01
-3.087787595438918828e-02 7.699799784113318946e-02 -1.895419682660875182e-01 8.281667987727388269e-02 8.366315220936396124e-02 -2.955556782697417173e-01
-9.459404688401103212e-02 9.555567826974158130e-02 -1.632270872190815791e-01 9.428718861889459624e-02 9.555567826974158130e-02 -2.459152032585823489e-01
-6.504014967465092389e-02 6.787700686014214169e-02 -2.561739650531262846e-01 5.798835380408641493e-02 9.369977969515184968e-02 -1.787528479247771918e-01
-4.276249339792782822e-02 6.181206223454570325e-02 -2.604985862349207815e-01 2.762108091776579663e-02 5.929405505292575929e-02 -2.289652777626050295e-01
-3.704035786069190955e-02 6.943962414950780038e-02 -2.332060224444214847e-01 2.519252802543537131e-02 5.430923685756516850e-02 -2.327224678715609230e-01
-1.507317231362957470e-02 3.476581450198558410e-02 -2.087705756239095767e-01 1.278070497794899819e-02 2.592687059820887596e-02 -2.016210945116058417e-01
-2.306592057121869405e-03 5.469976366659544398e-03 -2.012228710632710527e-01 2.096970593688132593e-03 2.655909602068387901e-03 -1.996565514355634341e-01
