3.887688615123997826e-02 -8.556657117465009399e-02 -2.922331642128050966e-01 -5.662398255246623574e-02 -9.223316421280515487e-02 -2.922331642128050966e-01
-9.056228257123162539e-02 -6.694009315632494517e-02 -2.922331642128050966e-01 -2.235061219614139366e-02 -4.357380475668457681e-02 -2.922331642128050966e-01
3.960283529471052971e-02 -2.907063893191362894e-02 -2.738372199732241330e-01 6.810878756842961290e-02 3.872781496232031301e-02 -2.922331642128050966e-01
-3.402588809206014836e-02 8.033114562573236139e-02 -1.862162161967373386e-01 8.609911142249823679e-02 8.696436127329690291e-02 -2.988889747888192616e-01
-9.788887742835747363e-02 9.888897478881911174e-02 -1.629411029514407916e-01 9.760983276709517265e-02 9.888897478881911174e-02 -2.491581982226847847e-01
-6.486848097561945248e-02 6.731952107891220338e-02 -2.572702349158835777e-01 5.966194533003147532e-02 9.627883781997267909e-02 -1.789761251440455392e-01
-4.337977365045345840e-02 6.277733800920688723e-02 -2.618746909003079049e-01 2.846143203132054517e-02 6.086344056373602096e-02 -2.293360744511496463e-01
-3.791865467395000300e-02 7.131834017106444823e-02 -2.338497131611134150e-01 2.599807467222317592e-02 5.601168856296014076e-02 -2.331612439061815090e-01
-1.550074280600821294e-02 3.588682565746339342e-02 -2.090535413294444256e-01 1.317622908588607887e-02 2.662136583308365861e-02 -2.016119149600174576e-01
-2.383150630913051082e-03 5.687215265131512903e-03 -2.012470608919509629e-01 2.153562798258481809e-03 2.707440607869568243e-03 -1.996617970748860438e-01
