3.581842328878684367e-02 -8.889659982225506241e-02 -2.955632149489635374e-01 -5.461708873616707288e-02 -9.556321494896359570e-02 -2.955632149489635374e-01
-9.381671087593351777e-02 -6.935452223202405453e-02 -2.955632149489635374e-01 -2.006818829918745328e-02 -4.676341160595610946e-02 -2.955632149489635374e-01
4.120200495643224631e-02 -3.020760986019317695e-02 -2.739356557985895835e-01 7.071856290494073216e-02 3.569695245821900842e-02 -2.955632149489635374e-01
-3.722949658842981957e-02 8.366434907495177986e-02 -1.828881897481922092e-01 8.939681350415527861e-02 9.027520761804996852e-02 -3.022222823521735213e-01
-1.011952588093999877e-01 1.022222823521733853e-01 -1.630410731356563281e-01 1.009356836708355798e-01 1.022222823521733853e-01 -2.524282946975565101e-01
-6.470933090520970821e-02 6.727206572553344477e-02 -2.581932289105921541e-01 6.067812852053521000e-02 9.847840207375967159e-02 -1.793386288898751457e-01
-4.390995182952221743e-02 6.411265872348645423e-02 -2.629103294404125934e-01 2.934740283245244885e-02 6.290638829587827385e-02 -2.298282928683123560e-01
-3.873746857463399723e-02 7.304972298539641473e-02 -2.344179783046966836e-01 2.683262879294392653e-02 5.775222887505471192e-02 -2.335422773631899984e-01
-1.590161815890198810e-02 3.690029023826656845e-02 -2.093254000184677499e-01 1.353871607547567357e-02 2.727178298135725723e-02 -2.016205049293992857e-01
-2.460290056475817472e-03 5.892257301056890058e-03 -2.012748372566743604e-01 2.210668262391959123e-03 2.763241493568633928e-03 -1.996655983303171900e-01
