3.267749928506964718e-02 -9.222761987557853702e-02 -2.988942504642744247e-01 -5.221226306475765938e-02 -9.889425046427451071e-02 -2.988942504642744247e-01
-9.709481068922484748e-02 -7.204462258501342919e-02 -2.988942504642744247e-01 -1.747049157131969413e-02 -4.999613640044617974e-02 -2.988942504642744247e-01
4.267232953429830195e-02 -3.129063850552789988e-02 -2.730915292641079017e-01 7.332438972189404824e-02 3.324938126225505941e-02 -2.988942504642744247e-01
-4.047202253588858684e-02 8.699759148940537645e-02 -1.795585712342106233e-01 9.270520496131520738e-02 9.359280005937710423e-02 -3.055555976465215151e-01
-1.045097257761297416e-01 1.055555976465213791e-01 -1.630481083944789467e-01 1.042637793034538601e-01 1.055555976465213791e-01 -2.557173622299667159e-01
-6.453270702935197389e-02 6.716493148459939944e-02 -2.590794742600047718e-01 6.145488746051275958e-02 1.002592809608333357e-01 -1.796337802021751306e-01
-4.438549130149681970e-02 6.537857038175243218e-02 -2.637457710395180732e-01 3.025589943857764225e-02 6.492278072928739374e-02 -2.303206762711209610e-01
-3.950266239077695335e-02 7.464591063305718588e-02 -2.348982967232532137e-01 2.769258925403938684e-02 5.944906652853365614e-02 -2.338381784155327825e-01
-1.629368451084286379e-02 3.784692725533620600e-02 -2.095938673517797890e-01 1.388561785379056890e-02 2.789881302118558601e-02 -2.016592207088919453e-01
-2.543416343715596516e-03 6.096144158586122921e-03 -2.013077887104824104e-01 2.272574720544262572e-03 2.824113566090578117e-03 -1.996697651751555558e-01
