2.947885248246761083e-02 -9.555933391290497014e-02 -3.022259753249920688e-01 -4.952888509477106765e-02 -1.002259753249921531e-01 -3.022259753249920688e-01
-1.003894805585287681e-01 -7.492769283210599929e-02 -3.022259753249920688e-01 -1.465210386181226357e-02 -5.174382868179962930e-02 -3.022259753249920688e-01
4.470155673880454178e-02 -3.304875855726220613e-02 -2.715006406899707070e-01 7.614846849376136206e-02 3.053608142508029352e-02 -3.022259753249920688e-01
-4.374179069910972412e-02 9.033086117952289495e-02 -1.762278382744235095e-01 9.548627493447252312e-02 9.691511476830610983e-02 -3.088889183525651005e-01
-1.078298526528405771e-01 1.088889183525649645e-01 -1.628857762722392133e-01 1.075934462462866531e-01 1.088889183525649645e-01 -2.590197095026538499e-01
-6.540907031625156631e-02 6.719717450268526682e-02 -2.606998460045936161e-01 6.195597826353425874e-02 1.023248721403606509e-01 -1.789062627322296206e-01
-4.498238924795507770e-02 6.716575925064031949e-02 -2.640373400854801322e-01 3.189184706286527643e-02 6.733425543267378133e-02 -2.307816651934860575e-01
-4.043717471486080184e-02 7.607738435317616676e-02 -2.354564130456100746e-01 2.873164921034758804e-02 6.140211805461349287e-02 -2.342079848295053057e-01
-1.668253725263556947e-02 3.873620593348438973e-02 -2.098602040624661935e-01 1.421529875673212089e-02 2.850826261133770564e-02 -2.016972814455808838e-01
-2.626350821991834793e-03 6.292529540589550385e-03 -2.013413733507934955e-01 2.337091071206324165e-03 2.884094273211069460e-03 -1.996788872620452737e-01
