2.652593561260496377e-02 -9.889153373903347699e-02 -3.055581827274944096e-01 -4.665052051578045395e-02 -1.021581827274944954e-01 -3.055581827274944096e-01
-1.036957494670415203e-01 -7.794584200507079230e-02 -3.055581827274944096e-01 -1.167923246515706164e-02 -5.396721327874704627e-02 -3.055581827274944096e-01
4.712201578195891055e-02 -3.509422904749449207e-02 -2.693870186880746864e-01 7.850933969866827344e-02 2.763677153905795547e-02 -3.055581827274944096e-01
-4.703062841336452110e-02 9.366414996260515047e-02 -1.728963252025725317e-01 9.817898414167461341e-02 1.002407350645564132e-01 -3.122222428467956168e-01
-1.111539414665381614e-01 1.122222428467954808e-01 -1.637721437866714036e-01 1.109242131062696118e-01 1.122222428467954808e-01 -2.623313525935348500e-01
-6.591772467840753547e-02 6.750181249228963398e-02 -2.617086859879373395e-01 6.200921210585864235e-02 1.042712774764740780e-01 -1.777460827787585573e-01
-4.583817002425172316e-02 6.926084828785904202e-02 -2.641034457875735542e-01 3.403701039986661847e-02 7.002228772504424936e-02 -2.320099651712412558e-01
-4.140367712581349835e-02 7.760278674219489581e-02 -2.360237761523049371e-01 2.992682889610646588e-02 6.366218714082542973e-02 -2.347257960286728840e-01
-1.705966526735471986e-02 3.954944474090713036e-02 -2.101229457292569935e-01 1.456042764089061393e-02 2.915934063064449036e-02 -2.017356803397584164e-01
-2.709791903706430458e-03 6.473689881883728722e-03 -2.013858853484555844e-01 2.406278082673693388e-03 2.948227837311859917e-03 -1.996911206062261246e-01
