2.345889380370111063e-02 -1.022240736173234271e-01 -3.088907279092460434e-01 -4.363566531048702207e-02 -1.045107279092461344e-01 -3.088907279092460434e-01
-1.070101377030004408e-01 -8.105854642614615524e-02 -3.088907279092460434e-01 -1.011635367788334301e-02 -5.652358249661023487e-02 -3.088907279092460434e-01
4.981633711216696542e-02 -3.588201965078774425e-02 -2.669490989121837132e-01 8.116194954210310952e-02 2.630350198660526620e-02 -3.088907279092460434e-01
-5.033281481334287571e-02 9.699745211076273022e-02 -1.695642660522768408e-01 1.010638805867160733e-01 1.035686692719316182e-01 -3.155555699927569679e-01
-1.144808036361264630e-01 1.155555699927568458e-01 -1.644425546400037352e-01 1.142557499082576811e-01 1.155555699927568458e-01 -2.656495027571515455e-01
-6.610444484388830477e-02 6.758794816119217952e-02 -2.624194745720052069e-01 6.247245387933843958e-02 1.060949719452549816e-01 -1.771332070616429000e-01
-4.670104651286176300e-02 7.126431562446639001e-02 -2.640574319043726970e-01 3.627511409679248094e-02 7.290391032970357232e-02 -2.331434845133469880e-01
-4.230303623091707238e-02 7.896419130790226226e-02 -2.365954760584650096e-01 3.116636850484026319e-02 6.596690605337894586e-02 -2.351584697299475002e-01
-1.742420346193150962e-02 4.027758711836879751e-02 -2.103873598613081874e-01 1.490587669820595158e-02 2.981267476629196819e-02 -2.017853565521032788e-01
-2.800691290124684377e-03 6.648541550216805276e-03 -2.014420259364766708e-01 2.481609386851255095e-03 3.020307379829435118e-03 -1.997036280001841246e-01
