2.231196453746841363e-02 -1.055568515321263917e-01 -3.122235095364722102e-01 -4.052526666678162026e-02 -1.071575095364722813e-01 -3.122235095364722102e-01
-1.083302094681716926e-01 -8.423743952089890463e-02 -3.122235095364722102e-01 -1.002233852679173913e-02 -5.931304094911446501e-02 -3.122235095364722102e-01
5.157652633245941171e-02 -3.543347307309302474e-02 -2.642425550690600256e-01 8.201877643250748973e-02 2.437021329988838317e-02 -3.122235095364722102e-01
-5.364434529332772622e-02 1.003307636144730314e-01 -1.682318246470698719e-01 1.040833080982450920e-01 1.068982232170942598e-01 -3.187050846804895810e-01
-1.178096071548382778e-01 1.188888989949297981e-01 -1.650803070071852063e-01 1.175878256696493290e-01 1.188888989949297981e-01 -2.689722078716832443e-01
-6.565987466886354096e-02 6.705944068607136432e-02 -2.629194374839454729e-01 6.353130547407129236e-02 1.083715580734016110e-01 -1.772748342785230302e-01
-4.743472201442184427e-02 7.293110954549374136e-02 -2.640402531082560178e-01 3.813503047167190324e-02 7.553244552017997215e-02 -2.341435246331141085e-01
-4.306156644493956687e-02 8.023342117411431940e-02 -2.370804780513068866e-01 3.238874018618343592e-02 6.810323655377578667e-02 -2.356199635651433921e-01
-1.779136360009872173e-02 4.094799246798016407e-02 -2.106726593561489558e-01 1.525112777639218119e-02 3.048015049558692319e-02 -2.018720045572720834e-01
-2.889531083987492612e-03 6.806595191565939680e-03 -2.015001641826398848e-01 2.556188252757876297e-03 3.093149677604712690e-03 -1.997265613292561193e-01
