2.050911405110552449e-02 -1.088897960724884706e-01 -3.155564566755305056e-01 -3.734798761618784296e-02 -1.100102566755305905e-01 -3.155564566755305056e-01
-1.102542597037915600e-01 -8.746266468722582732e-02 -3.155564566755305056e-01 -9.300546610918407689e-03 -6.226566186586742629e-02 -3.155564566755305056e-01
5.180865878666412322e-02 -3.411949046870672159e-02 -2.613479743788734155e-01 8.361855525579056647e-02 2.401691121918656663e-02 -3.155564566755305056e-01
-5.696241662931712108e-02 1.036640816670702514e-01 -1.662991156634249790e-01 1.071969073563154018e-01 1.102289109787081139e-01 -3.219097449619023887e-01
-1.211397696179365435e-01 1.222222292964508655e-01 -1.647046762696899036e-01 1.209202787026234793e-01 1.222222292964508655e-01 -2.722981014518554010e-01
-6.611333101108500532e-02 6.642757053423951896e-02 -2.624901265810707374e-01 6.527250159038427979e-02 1.109651683631042579e-01 -1.781042783718296829e-01
-4.894829486551389996e-02 7.323816436984442735e-02 -2.641120980464314316e-01 4.043697193408749696e-02 7.761591940974377213e-02 -2.345754128367460445e-01
-4.384082473735088220e-02 8.122935217324546431e-02 -2.375246444841143112e-01 3.357678859406477978e-02 7.039706025038930393e-02 -2.359284306665467013e-01
-1.815805569060824701e-02 4.156308099540863971e-02 -2.109611540581769196e-01 1.559312642599930930e-02 3.116271925389439354e-02 -2.020021504657871225e-01
-2.975955722321490127e-03 6.950683760328470358e-03 -2.015558023644711816e-01 2.629679981387210864e-03 3.168898491084201369e-03 -1.997585670795968826e-01
