7.422999999999999911e-03 -2.357000000000000154e-03 -2.074230000000000240e-01 -7.422999999999999911e-03 -7.422999999999999911e-03 -2.074230000000000240e-01
-6.878890362748707292e-03 -6.125491485010309094e-03 -2.074230000000000240e-01 -7.422999999999999911e-03 -2.357000000000000154e-03 -2.074230000000000240e-01
7.422999999999999911e-03 -7.070322585079980536e-03 -2.074230000000000240e-01 3.828349680213675305e-03 1.412091307770011817e-03 -2.074230000000000240e-01
7.422999999999999911e-03 -3.590452863060866317e-03 -2.074230000000000240e-01 7.422999999999999911e-03 7.422999999999999911e-03 -2.074230000000000240e-01
-7.422999999999999911e-03 7.422999999999999911e-03 -1.938573605036760239e-01 7.422999999999999911e-03 7.422999999999999911e-03 -2.074230000000000240e-01
-6.927481096214898118e-03 7.422999999999999911e-03 -2.019034402064172062e-01 4.988692987248902720e-03 7.422999999999999911e-03 -1.925769999999999982e-01
-2.776895039559073176e-03 3.048063931768564810e-03 -2.042094251659896109e-01 3.013374860505273027e-03 3.665231955948140656e-03 -2.013181830325013189e-01
-2.407907503000631961e-03 4.548729780409542164e-03 -2.024502102265113013e-01 2.118888621410399895e-03 4.592439258627736658e-03 -2.015794938467652120e-01
-1.075224536453753873e-03 2.184883668756401696e-03 -2.005748418085013529e-01 1.037478819710521347e-03 2.198912998360096332e-03 -2.004904765608887529e-01
-1.780889436549442989e-04 3.154163691483848780e-04 -2.001141751438500760e-01 2.187954732763414654e-04 2.898607311906909682e-04 -2.000000410979292931e-01
