1.824711871065150259e-02 -1.122228572507419225e-01 -3.188895196728713244e-01 -3.412389228077220005e-02 -1.130071796728714106e-01 -3.188895196728713244e-01
-1.126010948687254654e-01 -9.072032230365467687e-02 -3.188895196728713244e-01 -8.960005670793880564e-03 -6.533249650759449800e-02 -3.188895196728713244e-01
5.121583017686522771e-02 -3.219970264563630502e-02 -2.590132538704211229e-01 8.573840043208871831e-02 2.476959976269529559e-02 -3.188895196728713244e-01
-6.028506656450970114e-02 1.069974043038883077e-01 -1.639462193748735530e-01 1.103764268369646223e-01 1.135603924118378100e-01 -3.251530071588913939e-01
-1.244708833421053346e-01 1.255555605075156234e-01 -1.643696216245233988e-01 1.242529958257053840e-01 1.255555605075156234e-01 -2.756262269579759505e-01
-6.622587335809811127e-02 6.585867671297170045e-02 -2.621696903844105697e-01 6.707626410485571788e-02 1.136850890034108996e-01 -1.790666372853343402e-01
-5.020989575032574342e-02 7.398335008048537165e-02 -2.639866132309504621e-01 4.258802416590382750e-02 8.001988433174007931e-02 -2.351257530593199863e-01
-4.454309022843207927e-02 8.219581043458792924e-02 -2.378982813557476150e-01 3.482186254983623414e-02 7.268361300364718780e-02 -2.363112291488280448e-01
-1.853257296604617077e-02 4.214400684075583076e-02 -2.112635698274014373e-01 1.592504709208888286e-02 3.184772737709354318e-02 -2.021649767848384682e-01
-3.070571591392682025e-03 7.094702824410046779e-03 -2.016195418363344316e-01 2.708067064843013971e-03 3.251034174753912598e-03 -1.997969891173077273e-01
