1.766372197233368954e-02 -1.155560000755193328e-01 -3.222226637710098873e-01 -3.286702554598124743e-02 -1.161050257710099787e-01 -3.222226637710098873e-01
-1.132438794841792024e-01 -9.400068263515487521e-02 -3.222226637710098873e-01 -9.721627012706710730e-03 -6.847928075680345672e-02 -3.221059975106511652e-01
5.180085015000600313e-02 -3.185585116948701223e-02 -2.579671011797818880e-01 8.622229205549741815e-02 2.429648174315140324e-02 -3.202226637710098855e-01
-6.161092151914450421e-02 1.083307301496609365e-01 -1.632991919728875585e-01 1.116020904734190827e-01 1.148924294150285991e-01 -3.284232906967836652e-01
-1.258026629490234805e-01 1.288888923552609367e-01 -1.651350833729068324e-01 1.255858978118627178e-01 1.268888923552609349e-01 -2.789559148122603416e-01
-6.631846534961848005e-02 6.552659408089769877e-02 -2.619935060721208520e-01 6.878320890170995516e-02 1.165890334516255511e-01 -1.803361529938296570e-01
-5.124221966292059893e-02 7.483113604297304822e-02 -2.637815441933336058e-01 4.451230568585080871e-02 8.231846486625693515e-02 -2.357406689868007665e-01
-4.513080093761123734e-02 8.306122795751295917e-02 -2.381904989343998080e-01 3.604713866474729134e-02 7.481276313190721172e-02 -2.367599870474987600e-01
-1.888909036541546599e-02 4.266333687934603658e-02 -2.115537611778958993e-01 1.624583444808081617e-02 3.249639617765752442e-02 -2.023554773812202556e-01
-3.159878882635950518e-03 7.223482891039145933e-03 -2.016792459786853897e-01 2.783376380275121454e-03 3.327419144731762462e-03 -1.998515463908570877e-01
