1.625534425551121778e-02 -1.188892000528635196e-01 -3.255558646397068712e-01 -3.098721883162757970e-02 -1.192735180397069827e-01 -3.255558646397068712e-01
-1.146938287149968233e-01 -9.729693486720500384e-02 -3.255558646397068712e-01 -9.501186922187881620e-03 -7.168202973124972177e-02 -3.253575319970970492e-01
5.253561594668729878e-02 -3.061515513618250778e-02 -2.562347942963343894e-01 8.756101619188351448e-02 2.438155339772989788e-02 -3.221558646397068570e-01
-6.353901998738886725e-02 1.102640582417017817e-01 -1.618462727914973531e-01 1.134600550189372031e-01 1.168248553172621523e-01 -3.317124891733082559e-01
-1.277349086738661932e-01 1.322222246486826625e-01 -1.660596480675848030e-01 1.275189292021728649e-01 1.288222246486826483e-01 -2.822866963102593774e-01
-6.660951887036538344e-02 6.589619881852111505e-02 -2.617818882887320564e-01 7.021434982904373179e-02 1.194186450284107914e-01 -1.812184764283729932e-01
-5.219373489105027381e-02 7.591555410217766531e-02 -2.635505085800741720e-01 4.659819919537883104e-02 8.492747124041873097e-02 -2.364238152601851883e-01
-4.566615792995631223e-02 8.390077368474294084e-02 -2.384551465179237939e-01 3.728143069192926817e-02 7.698730677740879547e-02 -2.372198058227676654e-01
-1.923788086208326129e-02 4.315278389730779762e-02 -2.118445734105957878e-01 1.656399670238485958e-02 3.314308337952497768e-02 -2.025307239800092918e-01
-3.254945442076021597e-03 7.353663339233576859e-03 -2.017459907421203513e-01 2.868440625699450030e-03 3.406554965882378425e-03 -1.999005133024704117e-01
