1.626947985373548844e-02 -1.202224400370044549e-01 -3.268891052477947978e-01 -2.867135413158001384e-02 -1.204914626277948791e-01 -3.288891052477947441e-01
-1.167087931765691533e-01 -9.860431142964010132e-02 -3.286584015365450195e-01 -8.346878858824700875e-03 -7.292395401336210226e-02 -3.286336061376091688e-01
5.404995200436420871e-02 -2.874666791286935655e-02 -2.560221794779211635e-01 8.949812308735377586e-02 2.544110355593484293e-02 -3.225091052477947473e-01
-6.588868891515992088e-02 1.126173879061303784e-01 -1.618292293645242075e-01 1.157606302007998800e-01 1.191775534488256350e-01 -3.330149281068754963e-01
-1.300874806812560847e-01 1.355555572540778630e-01 -1.677068433538593806e-01 1.298720511753899687e-01 1.311755572540778680e-01 -2.836182433588587126e-01
-6.726253722868086316e-02 6.678222556188198600e-02 -2.613561746543517361e-01 7.161318617572484668e-02 1.222743036189201937e-01 -1.812233400334360700e-01
-5.307340335011353355e-02 7.710835097928298021e-02 -2.632622143055679542e-01 4.879583434802538949e-02 8.775377570233199032e-02 -2.371130770578081526e-01
-4.616360456484467495e-02 8.467997383425328317e-02 -2.387048451561048223e-01 3.851487931213341820e-02 7.917463257466328397e-02 -2.377021334526253082e-01
-1.956637418471628143e-02 4.359471240817087284e-02 -2.121173706727238206e-01 1.687338111808101351e-02 3.378723482613353590e-02 -2.027152643198960047e-01
-3.348896518047980025e-03 7.474338874463267932e-03 -2.018114667219461089e-01 2.953058147275154036e-03 3.489616266641871849e-03 -1.999563645629726383e-01
