1.593053861702489749e-02 -1.221557080259031147e-01 -3.288223736734563474e-01 -2.613175299646981059e-02 -1.223440238394564034e-01 -3.322223736734562505e-01
-1.186367330235663653e-01 -1.005194750233446704e-01 -3.318301773643317354e-01 -7.683955863146292413e-03 -7.479330101084077920e-02 -3.319268580359676646e-01
5.469098561464078717e-02 -2.643872685655014945e-02 -2.568733491050319007e-01 9.131547623858875251e-02 2.718278866667830571e-02 -3.237563736734562769e-01
-6.853345716459965931e-02 1.152647186712303928e-01 -1.611356879570257916e-01 1.183710328281037533e-01 1.218244421409200723e-01 -3.349266353603725377e-01
-1.318185125260305235e-01 1.388888900778545155e-01 -1.689388332541365279e-01 1.325192365566419395e-01 1.338228900778545005e-01 -2.855503262928782426e-01
-6.788277670414374909e-02 6.767001517516152420e-02 -2.608994050654814822e-01 7.310734356173016757e-02 1.252732646322767818e-01 -1.818580891366364527e-01
-5.381450695805487655e-02 7.835266578049643327e-02 -2.629122541235732191e-01 5.096696452776829783e-02 9.065292855624146329e-02 -2.378316530690052499e-01
-4.664203419366635961e-02 8.532610294781498017e-02 -2.389144349328868600e-01 3.970481033360552525e-02 8.127591432669185878e-02 -2.381790086609938406e-01
-1.988711258839625032e-02 4.397437340436920195e-02 -2.123726757920843811e-01 1.719067525505232202e-02 3.441629975203257252e-02 -2.029013058665203595e-01
-3.449079914174822074e-03 7.577306659665558955e-03 -2.018802885741378117e-01 3.040177397707223735e-03 3.574638743560937422e-03 -2.000127637837100236e-01
