1.542997380195962678e-02 -1.245089956181321678e-01 -3.311756615714194218e-01 -2.335403220189266951e-02 -1.246408166876194767e-01 -3.355556615714193058e-01
-1.209862909164644146e-01 -1.028600895389378683e-01 -3.350504204437824152e-01 -6.393742447207251267e-03 -7.710184390907584562e-02 -3.352321343648185792e-01
5.413970914183439259e-02 -2.382316811712670637e-02 -2.565027127597822032e-01 9.358762344445323289e-02 2.940196824419872776e-02 -3.256294615714193652e-01
-7.138479493920747709e-02 1.181178502068004066e-01 -1.600564669784982352e-01 1.211983146672164641e-01 1.246772642253861779e-01 -3.372648304378204620e-01
-1.334179015871477803e-01 1.422222230544981647e-01 -1.699078800505998132e-01 1.353722663235183143e-01 1.366760230544981636e-01 -2.879027843466919201e-01
-6.853276007445149864e-02 6.854934605535085990e-02 -2.604911609843993392e-01 7.470366143591619656e-02 1.283725373416264026e-01 -1.828262890847676403e-01
-5.447959395415181982e-02 7.972503117157242469e-02 -2.624875163981477688e-01 5.333774232219557626e-02 9.368233555397809109e-02 -2.385893333180164055e-01
-4.708698100480189497e-02 8.589768053708818352e-02 -2.390733663684069532e-01 4.093612653797950446e-02 8.345408972525272806e-02 -2.386766408789761096e-01
-2.020517208097659390e-02 4.432410748192225358e-02 -2.126203247645842564e-01 1.751831943041407338e-02 3.505422070747173796e-02 -2.030890498252753418e-01
-3.550748198813311572e-03 7.672318465315200453e-03 -2.019522959982017474e-01 3.135386216505866609e-03 3.665393844616984722e-03 -2.000629208949762095e-01
