1.407957843141393640e-02 -1.271562969326925086e-01 -3.338229630999935971e-01 -2.100338152972725664e-02 -1.272485716813336332e-01 -3.388889630999934455e-01
-1.236309814414930514e-01 -1.054985196998531050e-01 -3.383045905993978808e-01 -5.678999483176657218e-03 -7.971782393784039578e-02 -3.385458277950142425e-01
5.275381561086991272e-02 -2.099227699953029602e-02 -2.572432673181074270e-01 9.617812648855837698e-02 3.195539394846302200e-02 -3.279406230999935001e-01
-7.438073138143294627e-02 1.211150422816994199e-01 -1.585876455640166105e-01 1.241774119545953625e-01 1.276742396845124417e-01 -3.399015669920339988e-01
-1.351045987033633600e-01 1.455555561381487173e-01 -1.704915906976939843e-01 1.383693871603317860e-01 1.396732161381487314e-01 -2.905495049843614952e-01
-6.920272728376225535e-02 6.953552021876931166e-02 -2.600839309843230307e-01 7.634922811665457998e-02 1.315420282381711270e-01 -1.839576228922096546e-01
-5.504805389630583468e-02 8.109828964633541970e-02 -2.620588547132447488e-01 5.575879573207350587e-02 9.680292045239373422e-02 -2.394012711975671559e-01
-4.749200630717168720e-02 8.640636285702546493e-02 -2.391952965318887847e-01 4.210795843254275250e-02 8.557864778259319238e-02 -2.392078843428196988e-01
-2.049930455086975897e-02 4.463147459920373261e-02 -2.128418949248600811e-01 1.784127799593724500e-02 3.567779599221200526e-02 -2.032968022901078253e-01
-3.650193256528851474e-03 7.756558716786635457e-03 -2.020127433279932383e-01 3.226217395499760519e-03 3.760696037066330912e-03 -2.001144390520931127e-01
