1.403189647956900807e-02 -1.300094078528847563e-01 -3.366760741699955095e-01 -1.901694086589907073e-02 -1.300740001769335463e-01 -3.422222741699953441e-01
-1.252073791808073489e-01 -1.083454208124937646e-01 -3.415825097083287076e-01 -5.152803367488296808e-03 -8.254900995797558039e-02 -3.418654131961512133e-01
5.078369013919478009e-02 -1.801065321721280824e-02 -2.587616555089350956e-01 9.878399952985235377e-02 3.474279194144803268e-02 -3.305584361699954177e-01
-7.747788689099077697e-02 1.242130767341287217e-01 -1.567307511253291930e-01 1.272627800557605826e-01 1.307721225059008396e-01 -3.427472825799834921e-01
-1.365673838460025602e-01 1.488888892967041022e-01 -1.719001881506599105e-01 1.413125974193223944e-01 1.427712512967041214e-01 -2.934022094307301987e-01
-7.009796805078118143e-02 7.046992655713386899e-02 -2.599022882839907567e-01 7.743025658094909724e-02 1.344842666071696669e-01 -1.848157986550975074e-01
-5.543679555808832954e-02 8.305957057866951432e-02 -2.612947195944960166e-01 5.820794561975364129e-02 9.998732988128468391e-02 -2.407219855179830170e-01
-4.755896589341550296e-02 8.677333649927047865e-02 -2.390130667779317153e-01 4.365720773740516814e-02 8.806583842273152385e-02 -2.402331380959293050e-01
-2.066878649659860401e-02 4.479736981250229122e-02 -2.129366301960301244e-01 1.826064890026365267e-02 3.658216035099752517e-02 -2.035544348637742251e-01
-3.728750324287471735e-03 7.817843041009242544e-03 -2.020531255530906567e-01 3.294772664314694465e-03 3.866913133076680352e-03 -2.001554329037090740e-01
