1.445551284901136144e-02 -1.330065854970193251e-01 -3.396732519189968325e-01 -1.813678474814624589e-02 -1.330518001238534809e-01 -3.455555919189966518e-01
-1.265659314735595731e-01 -1.113382515913422244e-01 -3.448770530845802762e-01 -3.904318589670221010e-03 -8.553084017207021605e-02 -3.451891229769470937e-01
4.923256635037075862e-02 -1.492351656959056694e-02 -2.608245272425144812e-01 1.015109380425539276e-01 3.769397053653753688e-02 -3.333909053189967331e-01
-8.064589574768125935e-02 1.273817008508292270e-01 -1.544309250182479831e-01 1.292202033421132601e-01 1.339406404808727025e-01 -3.457392834915481439e-01
-1.373742903124350601e-01 1.522222225076928781e-01 -1.723978446871397563e-01 1.443728446006158350e-01 1.459017176957935480e-01 -2.963991025431882975e-01
-7.172463658769442918e-02 7.079204958655779811e-02 -2.604018338192050086e-01 7.848661486341224069e-02 1.372752906499869197e-01 -1.864165216891190135e-01
-5.591669833753706159e-02 8.518888948183588050e-02 -2.604175407512550611e-01 6.092235054112973835e-02 1.032164164815083524e-01 -2.424251427470179576e-01
-4.713667263775700444e-02 8.688580488929711909e-02 -2.384106312640520697e-01 4.574168225080885858e-02 9.080687187082835121e-02 -2.415580994796433512e-01
-2.083848077622943093e-02 4.493407958814130826e-02 -2.130015613192378088e-01 1.871141770318272488e-02 3.774442402853874640e-02 -2.038434538184580314e-01
-3.797930337908078397e-03 7.857891339002148062e-03 -2.020895626414313251e-01 3.356512010550623606e-03 4.003716771247533765e-03 -2.001943338963470820e-01
