1.575204430762100830e-02 -1.361046098479135324e-01 -3.427712763432977927e-01 -1.821440713040192727e-02 -1.361362600866974359e-01 -3.488889143432976070e-01
-1.265169180784861402e-01 -1.144332331365361527e-01 -3.481832334479563751e-01 -2.030379245197567670e-03 -8.661812132193645597e-02 -3.485157198235042109e-01
4.854770667798206929e-02 -1.176252091625499749e-02 -2.632685374560200242e-01 1.044197950014450343e-01 4.075979555310019209e-02 -3.363736337232976492e-01
-8.386350194736459651e-02 1.305997377325195941e-01 -1.518210467432911381e-01 1.295903996425601390e-01 1.371586030633530073e-01 -3.488336841296433843e-01
-1.389391248389378053e-01 1.555555557553850166e-01 -1.729152432508746229e-01 1.458092886417122758e-01 1.470930441751561457e-01 -2.994969277219089454e-01
-7.386330456353371043e-02 7.201753570715455077e-02 -2.611512343474660658e-01 7.912064168502157269e-02 1.393719068544345685e-01 -1.885370278129340493e-01
-5.574838725790423610e-02 8.659496996628522625e-02 -2.594360193283291038e-01 6.382243398609301066e-02 1.064767771016649212e-01 -2.446173528073424253e-01
-4.584106735879605460e-02 8.603497975557479471e-02 -2.371380272387716148e-01 4.820081441019144486e-02 9.372559528449612987e-02 -2.433176651554299907e-01
-2.093131271219816902e-02 4.499980144951960803e-02 -2.129717884958806096e-01 1.920732877974164546e-02 3.915335988748806784e-02 -2.041788777644243380e-01
-3.861678741501180668e-03 7.885612380812999367e-03 -2.021233387899230849e-01 3.412929374599681879e-03 4.161376633414267702e-03 -2.002331633476701067e-01
