1.019609999999999961e-02 -4.649900000000000214e-03 -2.101961000000000246e-01 -1.019609999999999961e-02 -1.019609999999999961e-02 -2.101961000000000246e-01
-9.495158761423334176e-03 -8.695374397959412457e-03 -2.101961000000000246e-01 -1.019609999999999961e-02 -4.649900000000000214e-03 -2.101961000000000246e-01
9.595844097047421389e-03 -9.478023101091919908e-03 -2.101961000000000246e-01 5.485194456363248067e-03 2.684426971091689006e-03 -2.101961000000000246e-01
9.024167639285256282e-03 -3.080769867203472789e-03 -2.101961000000000246e-01 1.019609999999999961e-02 1.019609999999999961e-02 -2.101961000000000246e-01
-1.019609999999999961e-02 1.019609999999999961e-02 -1.920011846658453980e-01 1.019609999999999961e-02 1.019609999999999961e-02 -2.101961000000000246e-01
-9.361250482839615292e-03 1.019609999999999961e-02 -2.032608688552269283e-01 6.743236323354911098e-03 1.019609999999999961e-02 -1.898038999999999976e-01
-3.906971391489240733e-03 5.017202329411375034e-03 -2.057268587520652281e-01 4.019852324998046678e-03 5.639318110543719946e-03 -2.018171544362521996e-01
-3.354924454406593964e-03 6.320901772114299877e-03 -2.034872366816478928e-01 2.896708122133850784e-03 6.336242638080316625e-03 -2.025847517349031179e-01
-1.521548136725161529e-03 3.081430993094262227e-03 -2.008166724580047469e-01 1.442518664225616188e-03 3.093521704426596599e-03 -2.006420100111584726e-01
-2.470380192077787480e-04 4.417776668010449576e-04 -2.001530997114990551e-01 2.943767516456314258e-04 4.054338166097739616e-04 -1.999752384874780298e-01
