1.765961632864776129e-02 -1.392732268935394646e-01 -3.459398934403084547e-01 -1.926874279798090547e-02 -1.392953820606881998e-01 -3.522222400403082765e-01
-1.254826087019347280e-01 -1.175997202181719020e-01 -3.514975597023196618e-01 -8.247358128815345966e-04 -8.837921812684282341e-02 -3.518443376160941827e-01
4.872252161390837333e-02 -8.549823958920099373e-03 -2.659793446054738997e-01 1.074559948726688113e-01 4.390587306469404677e-02 -3.394615436063083136e-01
-8.711582628714292786e-02 1.338523635497028408e-01 -1.489941319508213402e-01 1.303207469915007299e-01 1.404111768710892272e-01 -3.519997645763100480e-01
-1.410345090074897334e-01 1.588888890287695199e-01 -1.730199706278801597e-01 1.467876553514165794e-01 1.472095043503447998e-01 -3.026654053470134165e-01
-7.636037214662119710e-02 7.387537599157227575e-02 -2.621907078316590978e-01 7.914987540648729669e-02 1.404569117879043982e-01 -1.910213820996045919e-01
-5.536119052064145118e-02 8.799452019641738898e-02 -2.580134037080109577e-01 6.685249239756729800e-02 1.097590295357745160e-01 -2.467585962114421660e-01
-4.417015553357971774e-02 8.492179299786138669e-02 -2.359156307494453264e-01 5.092220692175925684e-02 9.676870167406358136e-02 -2.451173526888451304e-01
-2.098736421242956493e-02 4.502467613741487767e-02 -2.128936536450154182e-01 1.969583564699624659e-02 4.067003775619698613e-02 -2.045165201482964379e-01
-3.917371805034065672e-03 7.903904428062333634e-03 -2.021480138069835786e-01 3.457799081147995557e-03 4.321247920575962964e-03 -2.002728496340953068e-01
