1.999491674336648789e-02 -1.424912588254776125e-01 -3.491579254082158856e-01 -2.100677776528618937e-02 -1.425067674424817243e-01 -3.555555680282157516e-01
-1.237585921383487497e-01 -1.208162611753169219e-01 -3.548175880803739468e-01 -9.807854102603116939e-04 -9.061198589027727457e-02 -3.551743700709071860e-01
4.984489206905678288e-02 -5.300936088785670672e-03 -2.669111722958455446e-01 1.085813347825254488e-01 4.710812732280974385e-02 -3.426230805244157573e-01
-9.039245332498775654e-02 1.371292016217311172e-01 -1.476789119074912726e-01 1.304050984536149482e-01 1.436879785365045847e-01 -3.552160208889767468e-01
-1.435012779254760673e-01 1.622222223201386648e-01 -1.730661595914606277e-01 1.466519300867156761e-01 1.469610217404173358e-01 -3.058833396845865304e-01
-7.891522072366544127e-02 7.617586419066468828e-02 -2.638127996111212514e-01 7.898913013714059517e-02 1.413175812623148342e-01 -1.937604301002739671e-01
-5.474781026898031117e-02 8.932912196762998747e-02 -2.568653811462641712e-01 6.997353328559929864e-02 1.130566062396512333e-01 -2.492574665943119716e-01
-4.200051725592828661e-02 8.347835328304145652e-02 -2.341432851414592398e-01 5.382718167985672125e-02 9.989887614676079552e-02 -2.469021162120775270e-01
-2.096141230973866745e-02 4.497389688532727609e-02 -2.127619141026798610e-01 2.011520316494952096e-02 4.213004087615753596e-02 -2.048097931316963938e-01
-3.958303808991091820e-03 7.917736549309144917e-03 -2.021640297926256269e-01 3.488600126596598343e-03 4.441813536492579713e-03 -2.003033873440323298e-01
