2.062962703366959596e-02 -1.457438811778343224e-01 -3.524105477857510937e-01 -2.195803232607545716e-02 -1.457547372097371952e-01 -3.588888976197509573e-01
-1.235517805438385575e-01 -1.240678398453184395e-01 -3.581416079450119305e-01 -9.002012842545554095e-05 -9.317492332468139959e-02 -3.585053927892762893e-01
5.131561011696795377e-02 -2.026714579691570126e-03 -2.685634516791056692e-01 1.103690727194251014e-01 5.034970530349073409e-02 -3.458361563670909744e-01
-9.368609225147914166e-02 1.404229882721509115e-01 -1.457582578771602355e-01 1.308309782331923132e-01 1.469817397022953331e-01 -3.584674003078434090e-01
-1.460592244458904787e-01 1.655555556240970727e-01 -1.734000794607885032e-01 1.461356998751960345e-01 1.464542945108721628e-01 -3.090476940716672671e-01
-8.170361472759640753e-02 7.878620593002937100e-02 -2.652712235144815134e-01 7.869462802830259895e-02 1.418893690508850891e-01 -1.966777637007425250e-01
-5.429663605994257403e-02 9.098445557649671722e-02 -2.555669881256376064e-01 7.315826190722170275e-02 1.163649099323649377e-01 -2.518550393960193867e-01
-3.982410578313858723e-02 8.236767766031100058e-02 -2.323518581749244860e-01 5.686066401052494723e-02 1.030899982776488366e-01 -2.489420723872711183e-01
-2.098879101930328436e-02 4.497492564325052816e-02 -2.126731900751969995e-01 2.060239344001079179e-02 4.373579495933067884e-02 -2.051139972480260087e-01
-4.001037231960117603e-03 7.921655678314765137e-03 -2.021854114160079874e-01 3.530515752932830795e-03 4.596692948038326974e-03 -2.003257466365985229e-01
