2.148334998666289603e-02 -1.490207168244840064e-01 -3.556873834500257625e-01 -2.167711606975135027e-02 -1.490283160468160173e-01 -3.622222283338256132e-01
-1.233842890543852128e-01 -1.273439449143194957e-01 -3.614684218502585145e-01 1.533515568858943726e-03 -9.396897952876429039e-02 -3.618371086921346458e-01
5.226052829425316404e-02 1.265240476674300233e-03 -2.702700371677820290e-01 1.126204892752548509e-01 5.361880988996742953e-02 -3.490853094569636439e-01
-9.699163950002311074e-02 1.437286389274447795e-01 -1.434138000559285198e-01 1.311759798067457239e-01 1.502873725183488662e-01 -3.617433659010500513e-01
-1.488497870101805620e-01 1.688888889368679591e-01 -1.746338233693180142e-01 1.447743387271323012e-01 1.450995854501905269e-01 -3.118981358326399222e-01
-8.465549053034808480e-02 8.161344514758464563e-02 -2.668426287426517440e-01 7.800499188524133432e-02 1.422393064397253770e-01 -1.997198972210705303e-01
-5.298081411361615922e-02 9.228569014657900249e-02 -2.540084631365757128e-01 7.638757194235738790e-02 1.196807225172645262e-01 -2.546733403572146170e-01
-3.730061775218580095e-02 8.095797605274955566e-02 -2.302489497460578904e-01 5.998410164199270700e-02 1.063237837692704718e-01 -2.513277067615594662e-01
-2.103863691405524414e-02 4.500364368454544406e-02 -2.126055489976749757e-01 2.113170989415136258e-02 4.541982823928315816e-02 -2.054099343940870570e-01
-4.046992988238245700e-03 7.920256500527838445e-03 -2.022122344549562301e-01 3.579533421978100659e-03 4.774300426944580802e-03 -2.003524337868280158e-01
