2.308095605375820591e-02 -1.523145017771387888e-01 -3.589811684150180371e-01 -2.248047469032447496e-02 -1.523198212327712131e-01 -3.655555598336778789e-01
-1.231855388713939820e-01 -1.306372184626202471e-01 -3.647971915839311463e-01 3.669990556958023249e-03 -9.352481887162231167e-02 -3.651693098241354796e-01
5.212120136609965648e-02 4.569609016130410026e-03 -2.724646470098554540e-01 1.151964808643356764e-01 5.690718310050111445e-02 -3.523597166198744746e-01
-1.003055225740038942e-01 1.470425943861504714e-01 -1.407726795810663178e-01 1.307348454761505518e-01 1.536013154895863320e-01 -3.650365418162947462e-01
-1.518031808051836240e-01 1.722222222558075777e-01 -1.759398887168910630e-01 1.432971505137812240e-01 1.431512891077133809e-01 -3.148934450653207984e-01
-8.772180359227425839e-02 8.459251259987334015e-02 -2.681145132881895266e-01 7.762987237404886387e-02 1.429411760982756407e-01 -2.028493906853001127e-01
-5.127988752309652065e-02 9.346601826593610440e-02 -2.519174956442323809e-01 7.964808896695235729e-02 1.230017913266942403e-01 -2.576461510300512847e-01
-3.489783910573035497e-02 7.975298400894818840e-02 -2.284430164381345829e-01 6.317050798402014389e-02 1.095874336134056160e-01 -2.538753741922853413e-01
-2.109506685397387338e-02 4.503202931745546589e-02 -2.125464612203168402e-01 2.169705610491901374e-02 4.714356028948448601e-02 -2.056904147716229758e-01
-4.093685635628016052e-03 7.910661575231009782e-03 -2.022397129331646171e-01 3.634275718594283649e-03 4.966802783393278395e-03 -2.003820443110431171e-01
