2.519928030072492164e-02 -1.556201512439971402e-01 -3.622868178905125913e-01 -2.404282572472566173e-02 -1.556238748629398538e-01 -3.688888918835744324e-01
-1.220464137433001223e-01 -1.339425099464307545e-01 -3.681273303975020061e-01 5.181423229885798003e-03 -9.332809909061613729e-02 -3.685018506165360641e-01
5.212368794458061699e-02 7.882666993749686685e-03 -2.750008738993068858e-01 1.167850275053514963e-01 6.020904434787469062e-02 -3.556518016339120791e-01
-1.036252407257904351e-01 1.503623632072444705e-01 -1.379238952486627756e-01 1.296725427739731096e-01 1.569210755694525616e-01 -3.683417649569660224e-01
-1.537491231844532458e-01 1.749176644809276593e-01 -1.774290583911675157e-01 1.421848092806914654e-01 1.420959414792071773e-01 -3.179901615281974236e-01
-9.086822273562257524e-02 8.767785981647542581e-02 -2.690068610326866727e-01 7.762021714956297835e-02 1.442913593307119657e-01 -2.060400361102608380e-01
-4.996053600622653995e-02 9.510249916669204218e-02 -2.500060282260410105e-01 8.293045088416883814e-02 1.263265394932950314e-01 -2.607271185010369141e-01
-3.286020439169481250e-02 7.904029291214631492e-02 -2.267584736151217750e-01 6.640099242343934505e-02 1.128719885043002191e-01 -2.564306934497513346e-01
-2.114511805656330706e-02 4.506316093935219813e-02 -2.124748448434580217e-01 2.229443251994039921e-02 4.891982716229897193e-02 -2.059864285212656965e-01
-4.138186052448494627e-03 7.900002895053964691e-03 -2.022581065728604466e-01 3.681628249197721643e-03 5.157966409219011047e-03 -2.004159498572606057e-01
