2.768210727360162493e-02 -1.589341058707979815e-01 -3.656007725233588190e-01 -2.613647144880649337e-02 -1.589367124040579060e-01 -3.722222243185020485e-01
-1.221940242374622981e-01 -1.372562139850981300e-01 -3.714584275670015923e-01 6.741363325057463801e-03 -9.385716991896697614e-02 -3.718346291712164575e-01
5.112542854951729332e-02 1.120180757808317967e-02 -2.777762327219228666e-01 1.188970101540625657e-01 6.352034722103619413e-02 -3.589562611437384088e-01
-1.069490434320410216e-01 1.536862013820102513e-01 -1.352467996092023561e-01 1.293166409019023133e-01 1.602449076253589233e-01 -3.716554211554359277e-01
-1.556141106185459366e-01 1.776216041302494386e-01 -1.787539617155867455e-01 1.412442943167528941e-01 1.414780391773602375e-01 -3.205769113782689916e-01
-9.367382667420968978e-02 9.029535525668670737e-02 -2.699300952472786785e-01 7.736711521095979149e-02 1.452659098584983266e-01 -2.086639025276196546e-01
-4.908139571636467580e-02 9.674417432462120714e-02 -2.484679774935331376e-01 8.556216295272553451e-02 1.294297883706149732e-01 -2.630154603986665784e-01
-3.125456080214199239e-02 7.851585839749884721e-02 -2.254427819995410698e-01 6.901726190393470128e-02 1.158521897772713805e-01 -2.583991213511813156e-01
-2.117620709865736250e-02 4.506540307526195333e-02 -2.124107138497596803e-01 2.280049367486281300e-02 5.042562827019900218e-02 -2.062548097064807739e-01
-4.180756778751680211e-03 7.881475695047754360e-03 -2.022745662888468243e-01 3.727773842424342288e-03 5.350165325605477952e-03 -2.004602597081208137e-01
