3.042008615461531604e-02 -1.622538741095585768e-01 -3.689205407663511682e-01 -2.860202345566307397e-02 -1.622556986828405379e-01 -3.755555570229513473e-01
-1.232973515833758194e-01 -1.405758068121652771e-01 -3.747901955856512979e-01 8.345955991786073794e-03 -9.463680424849005290e-02 -3.751675741594927560e-01
4.942664697297296378e-02 1.452520598711662565e-02 -2.807189838977540708e-01 1.213753980081603151e-01 6.683825923224924470e-02 -3.622693828006168237e-01
-1.102757053264164233e-01 1.570128881043462987e-01 -1.323728326615800643e-01 1.295920376694105203e-01 1.635715900644933718e-01 -3.749749804943648401e-01
-1.572273387308064652e-01 1.799885892634198181e-01 -1.798427755762769531e-01 1.405527837778222100e-01 1.412820049224700614e-01 -3.231535771147801550e-01
-9.621578047844284165e-02 9.275037012398079650e-02 -2.704620068781550812e-01 7.719834614990091215e-02 1.464447727519110898e-01 -2.110584879424625970e-01
-4.831496869789435322e-02 9.817907225195271481e-02 -2.471187076009987438e-01 8.811679497755728341e-02 1.326020625847389167e-01 -2.647683297670665459e-01
-3.006275584180844243e-02 7.818348212261189145e-02 -2.244509352600744245e-01 7.117737223708002492e-02 1.187052039695374733e-01 -2.599751402598616812e-01
-2.119580388295387238e-02 4.505240290939066528e-02 -2.123536924907150070e-01 2.324253500011278645e-02 5.175106295243335486e-02 -2.065031066691910278e-01
-4.220726373702412930e-03 7.859389728588701135e-03 -2.022876383776643638e-01 3.770912091697145498e-03 5.538027621131696478e-03 -2.005094763295507954e-01
