3.333667137132489966e-02 -1.655777118766909861e-01 -3.722443785364458191e-01 -3.132790986046268128e-02 -1.655789890779883755e-01 -3.788888899160658963e-01
-1.250696807255152754e-01 -1.438995217911122892e-01 -3.781224331987060872e-01 9.684035717207129315e-03 -9.499390241314006889e-02 -3.785006356512861658e-01
4.723749986939193568e-02 1.785158487344003578e-02 -2.837789097208359146e-01 1.241102695060287420e-01 7.016079764009838793e-02 -3.655885679604317096e-01
-1.136043686524792068e-01 1.603415688099815439e-01 -1.293610557982444453e-01 1.299830269618878209e-01 1.669002677718874894e-01 -3.782986720316151019e-01
-1.586325241436581102e-01 1.825676975702981153e-01 -1.805595454193834881e-01 1.397405018219148032e-01 1.410947501491867095e-01 -3.255293533744069157e-01
-9.864165059828559901e-02 9.498930091187192393e-02 -2.709518198008116219e-01 7.676461229263641106e-02 1.474836800174427198e-01 -2.133575784955922261e-01
-4.756811966924529012e-02 9.955345911803391290e-02 -2.460351419056254763e-01 9.045338834197343136e-02 1.357651105721090490e-01 -2.659363249970096432e-01
-2.911375717280437897e-02 7.796163803397390679e-02 -2.236376040060787385e-01 7.299916202034956170e-02 1.214637279400817699e-01 -2.612904935970218889e-01
-2.120005029237445604e-02 4.503611983062427021e-02 -2.122917750515254665e-01 2.362844123935219781e-02 5.292336849256950443e-02 -2.067373156860729255e-01
-4.258027291704312781e-03 7.838773102549514288e-03 -2.022945245609291953e-01 3.807042596412176221e-03 5.718161373751492679e-03 -2.005607685646500493e-01
