3.637828102302161082e-02 -1.689043983136836735e-01 -3.755710649755120700e-01 -3.423603034382240867e-02 -1.689052923545918683e-01 -3.822222229412460814e-01
-1.273103111250128983e-01 -1.472261222763751876e-01 -3.814549995278444516e-01 1.116006172791525995e-02 -9.446459006636721834e-02 -3.818337786955415258e-01
4.470509689688521165e-02 2.118005009386642393e-02 -2.869208577969932228e-01 1.270246795545366403e-01 7.348657452559279046e-02 -3.689119975723021416e-01
-1.159167469950589252e-01 1.636716453039262220e-01 -1.262528119939095306e-01 1.303591451076465679e-01 1.702303421670633699e-01 -3.816252561076902694e-01
-1.604977261907324648e-01 1.853730733851129131e-01 -1.802181860909453093e-01 1.385257873344703516e-01 1.410071328108285504e-01 -3.281923967561456434e-01
-1.010424610712952476e-01 9.755655246339571540e-02 -2.710671155988306213e-01 7.746099859255126119e-02 1.492109151033148562e-01 -2.159669418827829812e-01
-4.604532534919094505e-02 9.991146843722149840e-02 -2.444849532319427476e-01 9.308900369706472888e-02 1.389792441632681230e-01 -2.677539216579697956e-01
-2.796809722877408380e-02 7.776084062109470119e-02 -2.225576907367407264e-01 7.514279950588388657e-02 1.243946947194627811e-01 -2.628863064125232518e-01
-2.119416928979048209e-02 4.501553307601758452e-02 -2.122128356918211167e-01 2.401564482591726779e-02 5.412757175308273438e-02 -2.069582702362448567e-01
-4.294543268484912746e-03 7.821243855683184323e-03 -2.022987113996982667e-01 3.838760591562107981e-03 5.892180772003888234e-03 -2.006135944858838949e-01
