1.313726999999999950e-02 -7.254929999999999712e-03 -2.131372700000000175e-01 -1.313726999999999950e-02 -1.313726999999999950e-02 -2.131372700000000175e-01
-1.232654664049557224e-02 -1.149429243702378492e-02 -2.131372700000000175e-01 -1.313726999999999950e-02 -7.254929999999999712e-03 -2.131372700000000175e-01
1.087298245962308244e-02 -1.156734064064724073e-02 -2.131372700000000175e-01 7.447733311352224168e-03 3.451105723616466111e-03 -2.131372700000000175e-01
9.741906402418525415e-03 -1.723991770103297126e-03 -2.131372700000000175e-01 1.313726999999999950e-02 1.313726999999999950e-02 -2.131372700000000175e-01
-1.313726999999999950e-02 1.313726999999999950e-02 -1.912370926635594548e-01 1.313726999999999950e-02 1.313726999999999950e-02 -2.131372700000000175e-01
-1.182123855189387562e-02 1.313726999999999950e-02 -2.045816058781990132e-01 8.482591604616174230e-03 1.313726999999999950e-02 -1.868627300000000047e-01
-5.076160562913486357e-03 7.188585837598409842e-03 -2.072929309770359385e-01 5.005347377836794238e-03 7.675189420353951096e-03 -2.025361141080145311e-01
-4.458672499415613361e-03 8.321673542510470492e-03 -2.046048100635304845e-01 3.788441714234130637e-03 8.299399619816631019e-03 -2.038549941547708744e-01
-1.998391829561495421e-03 4.014766787673496214e-03 -2.010678261297336455e-01 1.875376587498587102e-03 4.035266074156354695e-03 -2.008079522938979178e-01
-3.209216904903476782e-04 5.775568705287295167e-04 -2.001941407168209008e-01 3.755669590912566924e-04 5.293880728083795451e-04 -1.999769002537929996e-01
