3.950740777920930952e-02 -1.722330788195785556e-01 -3.788997454828584299e-01 -3.727171468217421735e-02 -1.722337046482143030e-01 -3.855555560588722064e-01
-1.298787524046612352e-01 -1.505547426160592228e-01 -3.847877959582413077e-01 1.119327993541095051e-02 -9.309407142362623178e-02 -3.851669788265202898e-01
4.193241481613050464e-02 2.450997574816489444e-02 -2.901202214503033061e-01 1.300647665884921700e-01 7.681461834543887313e-02 -3.722383983006114505e-01
-1.185354118348647262e-01 1.670026988496874920e-01 -1.230770413308750755e-01 1.303691659401358394e-01 1.735613942436864954e-01 -3.849538649609429153e-01
-1.615531418281385689e-01 1.868095299387234065e-01 -1.803830313200861235e-01 1.369113368694792332e-01 1.401674399952880790e-01 -3.308358214390624275e-01
-1.035971062055568298e-01 1.003536285494623648e-01 -2.710324352889281752e-01 7.754561721018175813e-02 1.511306840389043393e-01 -2.187934962538164996e-01
-4.440205406475666167e-02 1.010124850722078221e-01 -2.429082388858926356e-01 9.593393444562864358e-02 1.422291376770794813e-01 -2.698219369625466380e-01
-2.691092192387812415e-02 7.794786596397051959e-02 -2.216131816030426083e-01 7.715053953943326603e-02 1.274463714650294899e-01 -2.646234267979175603e-01
-2.112575263988092367e-02 4.503924587900642873e-02 -2.120854327749694124e-01 2.432112512256765294e-02 5.532680614640160532e-02 -2.072518624431043399e-01
-4.327408484186963562e-03 7.808062343580624183e-03 -2.022969414804596799e-01 3.863708181380647467e-03 6.051812094227489690e-03 -2.006630417266648814e-01
