4.069779650854069702e-02 -1.755631551737049656e-01 -3.822298218380009160e-01 -3.839669371902048461e-02 -1.755635932537500110e-01 -3.888888892412105114e-01
-1.320163644654455126e-01 -1.538847768538380567e-01 -3.881207534595191300e-01 1.221653268065793323e-02 -9.182847737545217492e-02 -3.885002189182054089e-01
3.899153735960220885e-02 2.784092370617382434e-02 -2.933597760076203653e-01 1.331928275122610528e-01 8.014424901933112078e-02 -3.755668788104279399e-01
-1.213684772227287822e-01 1.703344363317203791e-01 -1.198540018667509643e-01 1.294616698841967450e-01 1.768931306973226814e-01 -3.882838911582197627e-01
-1.629048040727388291e-01 1.888150495262507500e-01 -1.806512262742714092e-01 1.350635785656129351e-01 1.389593686510672554e-01 -3.336862187171041882e-01
-1.056685398285484023e-01 1.033115818097090216e-01 -2.706078800245845239e-01 7.860063412236845126e-02 1.534745222938169729e-01 -2.217720843135399522e-01
-4.225176416565266241e-02 1.016598433477839541e-01 -2.411242816093191188e-01 9.892538596962338615e-02 1.455040631367474357e-01 -2.722695476757504007e-01
-2.593820189114345864e-02 7.810448780827661253e-02 -2.206823536634836547e-01 7.913693750475730981e-02 1.305825451869261911e-01 -2.663195380505445353e-01
-2.106557731969388794e-02 4.504237501812020927e-02 -2.119829510090798785e-01 2.462834066754625989e-02 5.642650571421773537e-02 -2.074968950411462676e-01
-4.363866236840522987e-03 7.789623915153907376e-03 -2.023027576861832488e-01 3.900419811200449716e-03 6.230880962453193804e-03 -2.007114245151051524e-01
