4.253106861907266639e-02 -1.788942086215934701e-01 -3.855608752866006572e-01 -4.018417904481286912e-02 -1.788945152776250103e-01 -3.922222224688473036e-01
-1.345126929079945022e-01 -1.572158008202832191e-01 -3.914538237104135954e-01 1.362648118438624691e-02 -9.134807577296956416e-02 -3.918334869823850153e-01
3.593292314003240090e-02 3.117258727678007615e-02 -2.966274641977423299e-01 1.363824701588992605e-01 8.347499049105569502e-02 -3.788968151672995055e-01
-1.243516229942336210e-01 1.736666525691434038e-01 -1.170886294341717954e-01 1.289156773512572518e-01 1.802253462148680208e-01 -3.916149094963135568e-01
-1.639428578870478492e-01 1.903342615095991452e-01 -1.811891201307762878e-01 1.336096930123239213e-01 1.382538961580415671e-01 -3.359071838207858263e-01
-1.074316684384425818e-01 1.057361757339530112e-01 -2.702239122445907471e-01 7.917298158187065227e-02 1.553512969126203958e-01 -2.240636870612940645e-01
-4.053004571691563862e-02 1.023018348043181203e-01 -2.396806177141295735e-01 1.013987879419584459e-01 1.485108177933751050e-01 -2.740483638145927436e-01
-2.519525999281367959e-02 7.826996879836264909e-02 -2.199934874074756241e-01 8.069882451953887259e-02 1.333338656369013331e-01 -2.676877131226924056e-01
-2.099104613782915713e-02 4.504852496385023525e-02 -2.118899846487008187e-01 2.490815243100364534e-02 5.744413337623929805e-02 -2.077531225335306209e-01
-4.401634938879668210e-03 7.767921526029293589e-03 -2.023119463924249739e-01 3.937728516203871029e-03 6.415869457899348906e-03 -2.007665888457574599e-01
