4.481435909644504445e-02 -1.822259460351154103e-01 -3.888926127006204769e-01 -4.243541877286753639e-02 -1.822261606943375023e-01 -3.955555557281930645e-01
-1.365532115572586080e-01 -1.601141782839401728e-01 -3.947869728860396998e-01 1.361344513699606559e-02 -9.001179465123172740e-02 -3.951667746273107573e-01
3.279189318633353445e-02 3.450475177620445505e-02 -2.999148459308276782e-01 1.396152200115459985e-01 8.680650952126289788e-02 -3.822277706171096079e-01
-1.271202922767345478e-01 1.769992039353395219e-01 -1.144086798409892775e-01 1.285502294484297814e-01 1.835578970771497564e-01 -3.949466223329792247e-01
-1.653787488838334985e-01 1.923977098979430256e-01 -1.819265513245312826e-01 1.326470101960235959e-01 1.387600654129235722e-01 -3.383769279473460845e-01
-1.091870271419103505e-01 1.081272703092555770e-01 -2.699430648250327192e-01 7.966018395491898663e-02 1.574780960543686326e-01 -2.262065244760539662e-01
-3.907248682264852918e-02 1.030042033063377355e-01 -2.384435446851165541e-01 1.037887232446633168e-01 1.516155460530144716e-01 -2.755367944021290261e-01
-2.461272339235199766e-02 7.844845198638682182e-02 -2.194509248113933886e-01 8.205570252652852337e-02 1.359732447999216776e-01 -2.688544486718941751e-01
-2.092304112462550769e-02 4.505101212397605998e-02 -2.118074019671775665e-01 2.518354761665196964e-02 5.840839358422553196e-02 -2.079661099949847991e-01
-4.436645971223692093e-03 7.744429305686670144e-03 -2.023200348573533369e-01 3.978287595438503681e-03 6.613193901723956637e-03 -2.008060562211448907e-01
