4.741266243060571206e-02 -1.855581622245807694e-01 -3.922248288904343627e-01 -4.501128658250580505e-02 -1.855583124860362421e-01 -3.988888890097350703e-01
-1.381526664993160125e-01 -1.631430425085000357e-01 -3.981201773089779739e-01 1.388166920207834117e-02 -8.847438812146331266e-02 -3.985000759787587499e-01
2.989114024069385381e-02 3.783726692580152012e-02 -3.032160131439874395e-01 1.428781449083987298e-01 9.013857284240793522e-02 -3.855594394319766804e-01
-1.290777842785014728e-01 1.803319898916768138e-01 -1.115327151257615168e-01 1.284155000427819049e-01 1.868906826807469612e-01 -3.982788213186451709e-01
-1.667682097907747241e-01 1.946103652234027204e-01 -1.826376607727306922e-01 1.317115834105016814e-01 1.398269553208633387e-01 -3.410147628086603322e-01
-1.105793360615438259e-01 1.107247568051411835e-01 -2.694747280632014408e-01 8.086301529055502091e-02 1.599668554535924048e-01 -2.287065106663858927e-01
-3.759753285487394542e-02 1.035107586206175795e-01 -2.371973762981179068e-01 1.064616779565567273e-01 1.547888558347620402e-01 -2.771970260194236424e-01
-2.416990818891161588e-02 7.862282073031480467e-02 -2.190157651049664256e-01 8.319015677107066686e-02 1.383058950085288563e-01 -2.697802206456572649e-01
-2.083870895543347979e-02 4.508261590800071578e-02 -2.117336943531130389e-01 2.546054736113911518e-02 5.924872908884894901e-02 -2.081454298710770923e-01
-4.464298113014357645e-03 7.718024026551974573e-03 -2.023206630967889219e-01 4.018150345405076783e-03 6.810298709463519402e-03 -2.008383795055762866e-01
