5.023147476451817611e-02 -1.888907135572065188e-01 -3.955573802233040559e-01 -4.581439404925259640e-02 -1.873841121125701670e-01 -4.022222223068144809e-01
-1.382722849587562086e-01 -1.662632474656919324e-01 -4.014534204050347888e-01 1.506942604763593374e-02 -8.639820355062542701e-02 -4.018333869247723289e-01
2.860213033893177492e-02 4.117002753051946656e-02 -3.065268301931992623e-01 1.446093655357560681e-01 9.347101716720947195e-02 -3.888916076023836155e-01
-1.314480286797383157e-01 1.836649400611129190e-01 -1.099850357586068389e-01 1.273211894588283932e-01 1.883606932559195035e-01 -3.996113606086113546e-01
-1.687408324256335912e-01 1.971592239512245104e-01 -1.841354373864702854e-01 1.300567846606363320e-01 1.395737782564211715e-01 -3.418612472115802881e-01
-1.125539523052872665e-01 1.135429973522611019e-01 -2.701468923299195635e-01 8.070499722550024402e-02 1.607089870330490333e-01 -2.314565009996182310e-01
-3.739838494185260959e-02 1.048653473406134795e-01 -2.353250584272188473e-01 1.073327462548821221e-01 1.580101726819853336e-01 -2.775667695083157693e-01
-2.285993754650334636e-02 7.774487885106438900e-02 -2.187221592043629148e-01 8.498427474225016265e-02 1.409387501545538712e-01 -2.708689903171369040e-01
-2.074871519995322849e-02 4.509778810391276704e-02 -2.116565453201071367e-01 2.573626436717399088e-02 6.004901577352054348e-02 -2.082877738704649317e-01
-4.490370209828280224e-03 7.693041546774023916e-03 -2.023189408573540793e-01 4.056131893707275865e-03 7.007937882602260915e-03 -2.008675122295012772e-01
