5.120464339825690075e-02 -1.922234994900445526e-01 -3.988901661563128420e-01 -4.737656927597534706e-02 -1.896621718511438959e-01 -4.055555556147700802e-01
-1.381281986550757790e-01 -1.687173532572008028e-01 -4.047866905722745656e-01 1.597713812690479407e-02 -8.428105644300104560e-02 -4.051667045869818407e-01
2.673404536567625112e-02 4.450295995382202996e-02 -3.089347500096142896e-01 1.468212199749062141e-01 9.680372819457054578e-02 -3.922241253216684487e-01
-1.337341908758357401e-01 1.869980051797181797e-01 -1.079016602015985676e-01 1.275551720500609221e-01 1.903897006585402729e-01 -4.015441381115876784e-01
-1.711216682700347769e-01 1.986239319282869786e-01 -1.861838810160879876e-01 1.287118908135738704e-01 1.403965543113116499e-01 -3.434537862936242747e-01
-1.135563662083126507e-01 1.165157657352450526e-01 -2.698879944403249076e-01 8.159438457996190386e-02 1.622284791386686686e-01 -2.343814942328808770e-01
-3.627446084376997198e-02 1.053951371827153427e-01 -2.333728228119722747e-01 1.089424940637098993e-01 1.612650944750416426e-01 -2.788255899505402979e-01
-2.176553106127234252e-02 7.714588369701015635e-02 -2.183805465272479762e-01 8.658840788877314454e-02 1.436015968180926472e-01 -2.718461388902353448e-01
-2.064019095284978442e-02 4.512419743666146871e-02 -2.115820984994533360e-01 2.602126271907578142e-02 6.079581329707885173e-02 -2.084193177949594522e-01
-4.512340586588987554e-03 7.662823301679857341e-03 -2.023130057427052764e-01 4.097708229684542472e-03 7.212450239226565231e-03 -2.008951303719122838e-01
