5.248583967048700560e-02 -1.955564496430311772e-01 -4.022231163094189821e-01 -4.919211341427083550e-02 -1.922568136681455098e-01 -4.088888889303389784e-01
-1.390273382424994653e-01 -1.705336086457227840e-01 -4.081199796893423826e-01 1.761253658239299649e-02 -8.179905346766397356e-02 -4.085000269505285053e-01
2.442638588439738703e-02 4.783601265013382592e-02 -3.116202938811047929e-01 1.493695180823113033e-01 1.001366259137232984e-01 -3.955568877251678384e-01
-1.363345044131039352e-01 1.903311507627418742e-01 -1.054432973116927741e-01 1.280047574918375952e-01 1.928100058403748041e-01 -4.038970823636711116e-01
-1.736360041944427779e-01 1.999544697726461928e-01 -1.886177915568203745e-01 1.280366341530697616e-01 1.419724975497349828e-01 -3.455193328238215233e-01
-1.142937733844022752e-01 1.194152347778213025e-01 -2.694275524691672197e-01 8.315618089356736908e-02 1.642921236126024254e-01 -2.369024648370476882e-01
-3.510048294000327196e-02 1.057714943651732464e-01 -2.317004356748660343e-01 1.109324741399144859e-01 1.645435397301810432e-01 -2.802498520784466596e-01
-2.098230698637621947e-02 7.677287809383034900e-02 -2.180945958807549157e-01 8.786728426632653410e-02 1.458812166209332573e-01 -2.726267818273228616e-01
-2.052132491230201569e-02 4.515482987086466560e-02 -2.115031458633852834e-01 2.630610665432837891e-02 6.149583457394276753e-02 -2.085331326924905193e-01
-4.530764930784596592e-03 7.627713472377015483e-03 -2.023036343679432691e-01 4.140428427782490671e-03 7.421555956437081263e-03 -2.009207088239700623e-01
