5.353947893002959646e-02 -1.988895147501218152e-01 -4.055561814165932755e-01 -5.099763173587076176e-02 -1.950730629400466432e-01 -4.122222222512372247e-01
-1.406567359536960438e-01 -1.714073418285248507e-01 -4.114532820712898387e-01 1.975731550123473873e-02 -7.938917217777692603e-02 -4.118333526050111937e-01
2.181102424750218025e-02 5.116914953755208328e-02 -3.145001745911481517e-01 1.521533267574948778e-01 1.034696543171302191e-01 -3.988898214076174176e-01
-1.389933971833028359e-01 1.936643526708584639e-01 -1.030172459924964534e-01 1.290890104441536901e-01 1.955042194676589740e-01 -4.065441433401295046e-01
-1.758695125988121166e-01 2.016775362490550727e-01 -1.906694501126330321e-01 1.277252696350550665e-01 1.440756578166313140e-01 -3.476599002198649813e-01
-1.149415877177757256e-01 1.219486496088236088e-01 -2.688893333913470185e-01 8.463019954799144706e-02 1.666481689033113833e-01 -2.388040000733666623e-01
-3.413231355340705375e-02 1.060251959559675855e-01 -2.304071603957036363e-01 1.127140479122878680e-01 1.675865549760356399e-01 -2.814705897264511703e-01
-2.045203590901546395e-02 7.657155557211278718e-02 -2.178979689151899213e-01 8.887007104067275176e-02 1.478139851842508457e-01 -2.732653014782429612e-01
-2.041087396037352675e-02 4.522283178358632583e-02 -2.114376072326659695e-01 2.659570376731080349e-02 6.216437064266421009e-02 -2.086335569073951290e-01
-4.540415140634575068e-03 7.597552157463625944e-03 -2.022828102324572275e-01 4.200148917535340143e-03 7.638097827095496201e-03 -2.009215469838701862e-01
