5.469421998092674486e-02 -2.022226603250852628e-01 -4.088893269916152873e-01 -5.208916442989582063e-02 -1.980444374303774457e-01 -4.155555555758659869e-01
-1.427973143515336441e-01 -1.720643502109744094e-01 -4.147865937386530644e-01 2.225866074442395606e-02 -7.695653743696063975e-02 -4.151666805631490376e-01
1.898027110167553599e-02 5.450234535874486086e-02 -3.172789303967899488e-01 1.551019928301233808e-01 1.068027741995150603e-01 -4.022228749853321017e-01
-1.416813380640227771e-01 1.969975940065400721e-01 -1.007429725068805515e-01 1.299809092938229715e-01 1.983901690067579049e-01 -4.093970860236503806e-01
-1.777050262087313537e-01 2.036495019273504015e-01 -1.925783547554235919e-01 1.274923099923616909e-01 1.465478700034587578e-01 -3.496580134162839970e-01
-1.154289017413987622e-01 1.241998897135947744e-01 -2.683005604312902470e-01 8.625789719447805870e-02 1.692974006068076465e-01 -2.407671573544059029e-01
-3.310837071136309151e-02 1.060774885987861155e-01 -2.292224016955746457e-01 1.145205557230069282e-01 1.707166656481338696e-01 -2.826467417610062371e-01
-2.006610611341637374e-02 7.641618496004372318e-02 -2.177222533748294775e-01 8.960870505847955136e-02 1.493753498101937638e-01 -2.737815654844636959e-01
-2.033401488154786690e-02 4.527066082839613370e-02 -2.113901516491979715e-01 2.679737998110656716e-02 6.264097748771506324e-02 -2.087079900531575716e-01
-4.547170287529559742e-03 7.576439237024253440e-03 -2.022682333376169816e-01 4.241953260362334686e-03 7.789677136556386917e-03 -2.009221336958002813e-01
