1.619608900000000032e-02 -1.007845099999999869e-02 -2.161960890000000080e-01 -1.619608900000000032e-02 -1.619608900000000032e-02 -2.161960890000000080e-01
-1.530851815584613994e-02 -1.445353506436884532e-02 -2.161960890000000080e-01 -1.619608900000000032e-02 -1.007845099999999869e-02 -2.161960890000000080e-01
1.231832799376992443e-02 -1.390212479613566615e-02 -2.161960890000000080e-01 9.514430736506204050e-03 4.607107092622922395e-03 -2.161960890000000080e-01
1.040960748319893353e-02 2.257528978668256643e-04 -2.161960890000000080e-01 1.619608900000000032e-02 1.619608900000000032e-02 -2.161960890000000080e-01
-1.619608900000000032e-02 1.619608900000000032e-02 -1.900314046852370764e-01 1.619608900000000032e-02 1.619608900000000032e-02 -2.161960890000000080e-01
-1.421813921507811100e-02 1.619608900000000032e-02 -2.060365497214746711e-01 1.000690216647265318e-02 1.619608900000000032e-02 -1.838039110000000143e-01
-6.273789556149921356e-03 9.495663304675300287e-03 -2.089015284734805356e-01 5.890645938479106836e-03 9.711764985038853770e-03 -2.034195745995427129e-01
-5.638908639420564008e-03 1.037961777024462746e-02 -2.057595112508918689e-01 4.700706159560799277e-03 1.027447942264326022e-02 -2.052018897191170976e-01
-2.494581553583046646e-03 4.963329415182553099e-03 -2.013218987176564334e-01 2.310298528407973753e-03 4.977240767428092391e-03 -2.009378524197177329e-01
-4.048835706495329772e-04 7.263502777794356938e-04 -2.002367433937077001e-01 4.565752098784996963e-04 6.627870761500198517e-04 -1.999644886623482276e-01
