5.450253871655474924e-02 -2.055558622275596714e-01 -4.122225288941306909e-01 -5.185323731571336164e-02 -2.011243995736090029e-01 -4.188888889031061047e-01
-1.452957192300199651e-01 -1.715242560786890968e-01 -4.181199119058073288e-01 2.375518282200702463e-02 -7.425369311838923847e-02 -4.185000101338455236e-01
1.675064640008867151e-02 5.783558243357980744e-02 -3.202240594607392299e-01 1.581660590809633171e-01 1.101359581171844487e-01 -4.035560124897323853e-01
-1.445628966805267424e-01 2.003308629415171960e-01 -9.852770506280839058e-02 1.315868477816100890e-01 2.014103336841271408e-01 -4.123941459021149836e-01
-1.796145772985359435e-01 2.060298779021571269e-01 -1.937974709946335694e-01 1.281966378611754387e-01 1.490995954847962601e-01 -3.515123872736573007e-01
-1.163950509444406922e-01 1.266169996273583398e-01 -2.679476634494221132e-01 8.806072422372654418e-02 1.721518627992550399e-01 -2.428700760389422009e-01
-3.231122253554909868e-02 1.061990895732740914e-01 -2.283442403095414519e-01 1.161945873970741672e-01 1.737230931966591008e-01 -2.837745761695184554e-01
-1.977531903584487175e-02 7.637273832687156705e-02 -2.176095504369693900e-01 9.028089972682548647e-02 1.508253610432899183e-01 -2.742377945835384190e-01
-2.026348952404753365e-02 4.534059147419701452e-02 -2.113629546817755167e-01 2.702932833008662300e-02 6.315969748626258651e-02 -2.087862849797334219e-01
-4.560784037600528612e-03 7.551629715951012692e-03 -2.022556944123240219e-01 4.285100006248669137e-03 7.951091632610969226e-03 -2.009285003196974173e-01
