5.336836183149435558e-02 -2.088891035592917722e-01 -4.155557702258914632e-01 -5.068808833578564155e-02 -2.042803730738710910e-01 -4.222222222321742047e-01
-1.480446026449603880e-01 -1.701461901860893688e-01 -4.214532346228153092e-01 2.580274827631517248e-02 -7.136170209538926501e-02 -4.218333408333330703e-01
1.515009790440094775e-02 6.116884838596426538e-02 -3.232856498055037275e-01 1.613109054565512734e-01 1.134691868595530256e-01 -4.037333176243084187e-01
-1.469974120179573240e-01 2.036641511960011752e-01 -9.597701785195787705e-02 1.332557544604710265e-01 2.045244489582856151e-01 -4.154920878170402232e-01
-1.812636800532368697e-01 2.082780869176565630e-01 -1.950390752280733442e-01 1.288723489543753820e-01 1.518858033217325154e-01 -3.537659922680871372e-01
-1.169566455597071120e-01 1.286540387655805417e-01 -2.673902156059436708e-01 8.976479585131418026e-02 1.750212797766960982e-01 -2.446846068364963989e-01
-3.163216590518554139e-02 1.063913228301679309e-01 -2.276253891122502204e-01 1.176232858489119903e-01 1.765199903864570208e-01 -2.849183774007876813e-01
-1.953818698092783454e-02 7.639173631412066179e-02 -2.175349922131471492e-01 9.088319567248280550e-02 1.522341096158765228e-01 -2.746639437537433670e-01
-2.019243437058466234e-02 4.539451164803914862e-02 -2.113355247943480841e-01 2.726310962734743507e-02 6.374438137593728404e-02 -2.088922902325664188e-01
-4.579959485616017650e-03 7.522714198046541630e-03 -2.022476023417861535e-01 4.332309295261369507e-03 8.126504741671876364e-03 -2.009431105463251321e-01
