1.933726230000000143e-02 -1.305491569999999921e-02 -2.193372623000000021e-01 -1.933726230000000143e-02 -1.933726230000000143e-02 -2.193372623000000021e-01
-1.839589821659153718e-02 -1.752500490351038831e-02 -2.193372623000000021e-01 -1.933726230000000143e-02 -1.305491569999999921e-02 -2.193372623000000021e-01
1.312574278453140786e-02 -1.453647370497756358e-02 -2.193372623000000021e-01 1.082640895095176095e-02 5.104180063515787076e-03 -2.193372623000000021e-01
1.032624752359917811e-02 2.590574165445911747e-03 -2.193372623000000021e-01 1.933726230000000143e-02 1.933726230000000143e-02 -2.193372623000000021e-01
-1.933726230000000143e-02 1.933726230000000143e-02 -1.895742695296309954e-01 1.933726230000000143e-02 1.933726230000000143e-02 -2.193372623000000021e-01
-1.628560661551777672e-02 1.933726230000000143e-02 -2.078119039362961162e-01 1.121906903277223103e-02 1.933726230000000143e-02 -1.806627377000000201e-01
-7.438588870572933505e-03 1.194575756070148827e-02 -2.104953142106159303e-01 6.693975725712007427e-03 1.188005834935438459e-02 -2.045588908249098004e-01
-6.831229868248623466e-03 1.254236461149284276e-02 -2.068878387571015387e-01 5.634142708655085971e-03 1.229762811369588919e-02 -2.065515320953445200e-01
-2.994825810026185888e-03 5.944955372805599790e-03 -2.015844837379196230e-01 2.743697762051655522e-03 5.901383590921389574e-03 -2.010992126874722730e-01
-4.894042879442812985e-04 8.817651248584862465e-04 -2.002798516560578279e-01 5.394759156714576918e-04 7.868876790265277171e-04 -1.999583704862610556e-01
