2.253608361000000032e-02 -1.613844098999999907e-02 -2.225360836099999906e-01 -2.253608361000000032e-02 -2.253608361000000032e-02 -2.225360836099999906e-01
-2.155706425911331492e-02 -2.067503379090946877e-02 -2.225360836099999906e-01 -2.253608361000000032e-02 -1.613844098999999907e-02 -2.225360836099999906e-01
1.363837051344092555e-02 -1.437869965831852989e-02 -2.225360836099999906e-01 1.225240794634864516e-02 6.452131143140792460e-03 -2.225360836099999906e-01
1.047624148284931160e-02 5.245949052751271852e-03 -2.225360836099999906e-01 2.253608361000000032e-02 2.253608361000000032e-02 -2.225360836099999906e-01
-2.253608361000000032e-02 2.253608361000000032e-02 -1.882542749207067601e-01 2.253608361000000032e-02 2.253608361000000032e-02 -2.225360836099999906e-01
-1.834790747168282485e-02 2.253608361000000032e-02 -2.089584542979590065e-01 1.158925753791235566e-02 2.239110204971039852e-02 -1.774639163900000316e-01
-8.657611144320972660e-03 1.446950124409192642e-02 -2.122999718112780487e-01 7.253327595241415571e-03 1.372032611508307645e-02 -2.058245063081389770e-01
-8.024779005631914319e-03 1.468260987783669494e-02 -2.079642676465009166e-01 6.496901658554485488e-03 1.415161498466469513e-02 -2.080234805208726612e-01
-3.482849827398660104e-03 6.926215241706615983e-03 -2.018297118581762473e-01 3.172809059726803757e-03 6.804656567452842600e-03 -2.012051863431651155e-01
-5.724703387504041915e-04 1.038545289562519021e-03 -2.003226986746185767e-01 6.177643984641598097e-04 9.088195356873496767e-04 -1.999483420960157798e-01
