tensor([[ 3.6881e-04, -1.2058e-03,  4.9220e-04,  2.0011e-04, -9.9599e-04,
          4.6938e-04],
        [-4.9907e-04, -3.7573e-04,  4.6572e-04,  1.1065e-03, -2.9407e-04,
          4.4770e-04],
        [ 2.6114e-04, -8.2523e-04,  4.2558e-04,  3.6203e-04, -7.4060e-04,
          4.1504e-04],
        [ 6.7212e-04, -9.5783e-04,  2.8068e-04, -2.8311e-05, -8.0014e-04,
          2.9599e-04],
        [-2.7709e-04,  5.9964e-05,  2.8848e-04,  9.2891e-04,  1.0823e-04,
          3.0587e-04],
        [-2.6142e-04,  1.2040e-04,  4.9184e-04,  9.5322e-04,  1.2329e-04,
          4.7750e-04],
        [ 6.6014e-04, -4.4366e-04,  6.7679e-04,  2.9349e-05, -3.7086e-04,
          6.4274e-04],
        [ 2.2934e-05,  2.0644e-04,  5.9511e-04,  6.7586e-04,  2.3048e-04,
          5.5531e-04],
        [-6.4919e-04,  7.1543e-04,  4.1609e-04,  1.3528e-03,  6.8611e-04,
          3.9244e-04],
        [ 9.9377e-05,  2.4171e-04,  3.8987e-04,  5.2728e-04,  2.5124e-04,
          3.7273e-04]], dtype=torch.float64, requires_grad=True)
tensor([[ 8.9805e-04, -3.1584e-03,  1.3523e-03,  6.4188e-04, -2.6238e-03,
          1.2872e-03],
        [-1.4648e-03, -9.1971e-04,  1.2814e-03,  3.0993e-03, -7.2415e-04,
          1.2292e-03],
        [ 5.5099e-04, -2.1446e-03,  1.1678e-03,  1.1187e-03, -1.9334e-03,
          1.1370e-03],
        [ 1.7403e-03, -2.5975e-03,  7.9806e-04, -1.5472e-05, -2.1751e-03,
          8.3271e-04],
        [-7.7893e-04,  1.5354e-04,  8.2143e-04,  2.5224e-03,  2.8686e-04,
          8.6204e-04],
        [-7.9588e-04,  3.5202e-04,  1.3646e-03,  2.6458e-03,  3.5818e-04,
          1.3211e-03],
        [ 1.7121e-03, -1.2089e-03,  1.8548e-03,  1.3384e-04, -1.0128e-03,
          1.7598e-03],
        [ 8.4561e-05,  5.4875e-04,  1.6021e-03,  1.7868e-03,  6.1556e-04,
          1.4947e-03],
        [-1.7230e-03,  1.9473e-03,  1.1265e-03,  3.6087e-03,  1.8667e-03,
          1.0621e-03],
        [ 2.8042e-04,  6.5701e-04,  1.0525e-03,  1.4031e-03,  6.7932e-04,
          1.0060e-03]], dtype=torch.float64, requires_grad=True)
tensor([[ 0.0015, -0.0053,  0.0025,  0.0013, -0.0045,  0.0024],
        [-0.0029, -0.0012,  0.0024,  0.0058, -0.0010,  0.0023],
        [ 0.0006, -0.0034,  0.0022,  0.0024, -0.0031,  0.0021],
        [ 0.0029, -0.0045,  0.0016,  0.0001, -0.0039,  0.0016],
        [-0.0015,  0.0004,  0.0016,  0.0046,  0.0006,  0.0017],
        [-0.0017,  0.0009,  0.0026,  0.0050,  0.0008,  0.0025],
        [ 0.0029, -0.0021,  0.0034,  0.0004, -0.0018,  0.0033],
        [ 0.0002,  0.0010,  0.0029,  0.0031,  0.0011,  0.0027],
        [-0.0030,  0.0036,  0.0020,  0.0064,  0.0034,  0.0019],
        [ 0.0005,  0.0012,  0.0019,  0.0025,  0.0012,  0.0018]],
       dtype=torch.float64, requires_grad=True)
tensor([[ 0.0027, -0.0065,  0.0038,  0.0016, -0.0057,  0.0036],
        [-0.0041, -0.0004,  0.0036,  0.0086, -0.0003,  0.0034],
        [ 0.0006, -0.0034,  0.0033,  0.0039, -0.0033,  0.0032],
        [ 0.0044, -0.0060,  0.0025,  0.0002, -0.0052,  0.0025],
        [-0.0020,  0.0011,  0.0028,  0.0067,  0.0013,  0.0028],
        [-0.0028,  0.0021,  0.0042,  0.0077,  0.0019,  0.0040],
        [ 0.0042, -0.0028,  0.0054,  0.0008, -0.0024,  0.0051],
        [ 0.0006,  0.0015,  0.0043,  0.0044,  0.0017,  0.0040],
        [-0.0043,  0.0055,  0.0031,  0.0094,  0.0053,  0.0029],
        [ 0.0009,  0.0019,  0.0029,  0.0036,  0.0019,  0.0028]],
       dtype=torch.float64, requires_grad=True)
tensor([[ 0.0053, -0.0059,  0.0051,  0.0009, -0.0053,  0.0048],
        [-0.0040,  0.0020,  0.0049,  0.0102,  0.0017,  0.0047],
        [ 0.0013, -0.0015,  0.0045,  0.0049, -0.0018,  0.0043],
        [ 0.0067, -0.0064,  0.0036, -0.0003, -0.0056,  0.0036],
        [-0.0017,  0.0025,  0.0042,  0.0081,  0.0026,  0.0041],
        [-0.0035,  0.0042,  0.0060,  0.0101,  0.0038,  0.0057],
        [ 0.0057, -0.0030,  0.0076,  0.0009, -0.0025,  0.0071],
        [ 0.0013,  0.0021,  0.0058,  0.0054,  0.0024,  0.0054],
        [-0.0054,  0.0078,  0.0041,  0.0122,  0.0074,  0.0039],
        [ 0.0014,  0.0026,  0.0039,  0.0048,  0.0027,  0.0038]],
       dtype=torch.float64, requires_grad=True)
tensor([[ 0.0091, -0.0039,  0.0065, -0.0008, -0.0038,  0.0062],
        [-0.0027,  0.0054,  0.0062,  0.0109,  0.0047,  0.0059],
        [ 0.0027,  0.0016,  0.0057,  0.0054,  0.0009,  0.0055],
        [ 0.0097, -0.0060,  0.0048, -0.0014, -0.0053,  0.0047],
        [-0.0008,  0.0042,  0.0058,  0.0088,  0.0042,  0.0056],
        [-0.0038,  0.0070,  0.0080,  0.0123,  0.0063,  0.0075],
        [ 0.0075, -0.0028,  0.0099,  0.0009, -0.0024,  0.0092],
        [ 0.0023,  0.0028,  0.0073,  0.0062,  0.0031,  0.0068],
        [-0.0064,  0.0103,  0.0052,  0.0150,  0.0098,  0.0049],
        [ 0.0020,  0.0035,  0.0051,  0.0058,  0.0035,  0.0048]],
       dtype=torch.float64, requires_grad=True)
tensor([[ 1.2730e-02, -2.1827e-03,  7.8563e-03, -2.3977e-03, -2.6362e-03,
          7.4604e-03],
        [-1.9114e-03,  8.6746e-03,  7.5861e-03,  1.2037e-02,  7.6432e-03,
          7.2381e-03],
        [ 3.8109e-03,  4.6874e-03,  6.8604e-03,  6.1125e-03,  3.4361e-03,
          6.6534e-03],
        [ 1.2500e-02, -5.8749e-03,  5.9796e-03, -2.3771e-03, -5.2929e-03,
          5.8850e-03],
        [ 4.4135e-05,  5.8197e-03,  7.4418e-03,  9.7911e-03,  5.8592e-03,
          7.1329e-03],
        [-4.5380e-03,  9.7520e-03,  1.0048e-02,  1.4756e-02,  8.8579e-03,
          9.3326e-03],
        [ 9.1645e-03, -2.6905e-03,  1.2288e-02,  1.0164e-03, -2.2563e-03,
          1.1391e-02],
        [ 3.2917e-03,  3.3588e-03,  8.8666e-03,  6.9571e-03,  3.7401e-03,
          8.2680e-03],
        [-7.3445e-03,  1.2839e-02,  6.3992e-03,  1.7728e-02,  1.2179e-02,
          6.0220e-03],
        [ 2.6181e-03,  4.3902e-03,  6.1992e-03,  6.9379e-03,  4.3432e-03,
          5.9153e-03]], dtype=torch.float64, requires_grad=True)
tensor([[ 0.0154, -0.0016,  0.0092, -0.0031, -0.0023,  0.0088],
        [-0.0023,  0.0112,  0.0089,  0.0143,  0.0099,  0.0085],
        [ 0.0040,  0.0067,  0.0081,  0.0076,  0.0051,  0.0078],
        [ 0.0147, -0.0065,  0.0072, -0.0027, -0.0059,  0.0070],
        [ 0.0003,  0.0072,  0.0091,  0.0113,  0.0072,  0.0086],
        [-0.0059,  0.0123,  0.0120,  0.0179,  0.0112,  0.0111],
        [ 0.0103, -0.0029,  0.0147,  0.0016, -0.0024,  0.0136],
        [ 0.0042,  0.0038,  0.0104,  0.0078,  0.0043,  0.0097],
        [-0.0084,  0.0154,  0.0076,  0.0206,  0.0146,  0.0072],
        [ 0.0032,  0.0053,  0.0074,  0.0081,  0.0052,  0.0070]],
       dtype=torch.float64, requires_grad=True)
tensor([[ 0.0179, -0.0013,  0.0105, -0.0037, -0.0021,  0.0100],
        [-0.0030,  0.0137,  0.0102,  0.0167,  0.0122,  0.0098],
        [ 0.0041,  0.0086,  0.0092,  0.0093,  0.0068,  0.0089],
        [ 0.0167, -0.0074,  0.0083, -0.0030, -0.0066,  0.0081],
        [ 0.0004,  0.0085,  0.0107,  0.0128,  0.0085,  0.0101],
        [-0.0074,  0.0148,  0.0140,  0.0211,  0.0135,  0.0129],
        [ 0.0112, -0.0031,  0.0170,  0.0024, -0.0025,  0.0157],
        [ 0.0051,  0.0043,  0.0118,  0.0086,  0.0049,  0.0110],
        [-0.0094,  0.0181,  0.0089,  0.0234,  0.0171,  0.0083],
        [ 0.0038,  0.0063,  0.0085,  0.0092,  0.0062,  0.0081]],
       dtype=torch.float64, requires_grad=True)
tensor([[ 2.1457e-02, -2.2211e-05,  1.1701e-02, -5.3415e-03, -1.2956e-03,
          1.1112e-02],
        [-2.4652e-03,  1.6677e-02,  1.1491e-02,  1.8066e-02,  1.4824e-02,
          1.0939e-02],
        [ 4.9422e-03,  1.1173e-02,  1.0262e-02,  1.0121e-02,  9.0842e-03,
          9.9544e-03],
        [ 1.9312e-02, -7.8558e-03,  9.3905e-03, -3.9014e-03, -7.0525e-03,
          9.1335e-03],
        [ 1.2302e-03,  9.8986e-03,  1.2299e-02,  1.3557e-02,  9.9230e-03,
          1.1587e-02],
        [-8.6598e-03,  1.7492e-02,  1.5843e-02,  2.3956e-02,  1.5991e-02,
          1.4570e-02],
        [ 1.2316e-02, -3.0781e-03,  1.9182e-02,  2.8943e-03, -2.4527e-03,
          1.7673e-02],
        [ 6.0744e-03,  4.6557e-03,  1.3098e-02,  9.2354e-03,  5.3845e-03,
          1.2208e-02],
        [-1.0317e-02,  2.0728e-02,  1.0120e-02,  2.5908e-02,  1.9613e-02,
          9.5080e-03],
        [ 4.4940e-03,  7.2927e-03,  9.6394e-03,  1.0186e-02,  7.1093e-03,
          9.1967e-03]], dtype=torch.float64, requires_grad=True)
tensor([[ 0.0250,  0.0012,  0.0129, -0.0070, -0.0005,  0.0123],
        [-0.0021,  0.0197,  0.0128,  0.0195,  0.0175,  0.0121],
        [ 0.0057,  0.0138,  0.0113,  0.0110,  0.0114,  0.0110],
        [ 0.0218, -0.0084,  0.0105, -0.0047, -0.0075,  0.0102],
        [ 0.0021,  0.0112,  0.0139,  0.0142,  0.0112,  0.0131],
        [-0.0100,  0.0202,  0.0176,  0.0268,  0.0185,  0.0161],
        [ 0.0132, -0.0030,  0.0212,  0.0035, -0.0023,  0.0195],
        [ 0.0070,  0.0050,  0.0142,  0.0098,  0.0059,  0.0133],
        [-0.0111,  0.0234,  0.0114,  0.0283,  0.0221,  0.0107],
        [ 0.0052,  0.0083,  0.0107,  0.0112,  0.0081,  0.0103]],
       dtype=torch.float64, requires_grad=True)
tensor([[ 0.0276,  0.0018,  0.0143, -0.0078, -0.0002,  0.0135],
        [-0.0029,  0.0223,  0.0142,  0.0219,  0.0198,  0.0134],
        [ 0.0055,  0.0158,  0.0126,  0.0127,  0.0132,  0.0121],
        [ 0.0235, -0.0092,  0.0117, -0.0049, -0.0082,  0.0113],
        [ 0.0027,  0.0124,  0.0156,  0.0151,  0.0124,  0.0145],
        [-0.0117,  0.0229,  0.0192,  0.0300,  0.0210,  0.0175],
        [ 0.0137, -0.0029,  0.0231,  0.0044, -0.0022,  0.0213],
        [ 0.0078,  0.0054,  0.0153,  0.0104,  0.0063,  0.0142],
        [-0.0120,  0.0260,  0.0127,  0.0306,  0.0246,  0.0119],
        [ 0.0058,  0.0094,  0.0118,  0.0121,  0.0091,  0.0113]],
       dtype=torch.float64, requires_grad=True)
tensor([[ 0.0307,  0.0029,  0.0157, -0.0092,  0.0005,  0.0149],
        [-0.0031,  0.0251,  0.0156,  0.0238,  0.0223,  0.0148],
        [ 0.0058,  0.0182,  0.0138,  0.0139,  0.0153,  0.0134],
        [ 0.0255, -0.0099,  0.0129, -0.0053, -0.0088,  0.0124],
        [ 0.0037,  0.0136,  0.0172,  0.0155,  0.0136,  0.0160],
        [-0.0131,  0.0256,  0.0207,  0.0328,  0.0235,  0.0189],
        [ 0.0142, -0.0027,  0.0249,  0.0052, -0.0019,  0.0229],
        [ 0.0087,  0.0058,  0.0162,  0.0109,  0.0068,  0.0151],
        [-0.0126,  0.0287,  0.0141,  0.0327,  0.0271,  0.0132],
        [ 0.0065,  0.0105,  0.0129,  0.0130,  0.0101,  0.0123]],
       dtype=torch.float64, requires_grad=True)
tensor([[ 0.0341,  0.0042,  0.0173, -0.0108,  0.0014,  0.0164],
        [-0.0030,  0.0281,  0.0173,  0.0253,  0.0250,  0.0163],
        [ 0.0063,  0.0207,  0.0152,  0.0148,  0.0176,  0.0147],
        [ 0.0276, -0.0105,  0.0142, -0.0058, -0.0092,  0.0136],
        [ 0.0050,  0.0147,  0.0189,  0.0156,  0.0147,  0.0174],
        [-0.0144,  0.0284,  0.0221,  0.0355,  0.0261,  0.0201],
        [ 0.0148, -0.0023,  0.0266,  0.0059, -0.0014,  0.0244],
        [ 0.0095,  0.0062,  0.0169,  0.0113,  0.0073,  0.0158],
        [-0.0132,  0.0314,  0.0154,  0.0347,  0.0296,  0.0145],
        [ 0.0073,  0.0116,  0.0139,  0.0139,  0.0112,  0.0133]],
       dtype=torch.float64, requires_grad=True)
tensor([[ 0.0365,  0.0052,  0.0192, -0.0116,  0.0020,  0.0181],
        [-0.0040,  0.0309,  0.0191,  0.0279,  0.0275,  0.0181],
        [ 0.0059,  0.0229,  0.0168,  0.0166,  0.0196,  0.0162],
        [ 0.0288, -0.0112,  0.0157, -0.0056, -0.0097,  0.0150],
        [ 0.0062,  0.0158,  0.0206,  0.0157,  0.0157,  0.0190],
        [-0.0158,  0.0311,  0.0235,  0.0382,  0.0286,  0.0214],
        [ 0.0151, -0.0019,  0.0282,  0.0068, -0.0010,  0.0258],
        [ 0.0103,  0.0065,  0.0177,  0.0118,  0.0077,  0.0165],
        [-0.0138,  0.0341,  0.0168,  0.0366,  0.0320,  0.0158],
        [ 0.0080,  0.0127,  0.0149,  0.0147,  0.0122,  0.0142]],
       dtype=torch.float64, requires_grad=True)
tensor([[ 0.0402,  0.0071,  0.0210, -0.0134,  0.0033,  0.0198],
        [-0.0032,  0.0340,  0.0210,  0.0287,  0.0302,  0.0198],
        [ 0.0069,  0.0257,  0.0184,  0.0170,  0.0220,  0.0177],
        [ 0.0311, -0.0114,  0.0173, -0.0064, -0.0098,  0.0165],
        [ 0.0080,  0.0168,  0.0224,  0.0153,  0.0168,  0.0205],
        [-0.0167,  0.0339,  0.0248,  0.0404,  0.0312,  0.0225],
        [ 0.0158, -0.0014,  0.0297,  0.0073, -0.0004,  0.0272],
        [ 0.0113,  0.0069,  0.0183,  0.0120,  0.0082,  0.0172],
        [-0.0141,  0.0368,  0.0182,  0.0382,  0.0346,  0.0171],
        [ 0.0088,  0.0139,  0.0159,  0.0154,  0.0133,  0.0152]],
       dtype=torch.float64, requires_grad=True)
tensor([[ 0.0416,  0.0083,  0.0234, -0.0131,  0.0039,  0.0220],
        [-0.0050,  0.0366,  0.0234,  0.0319,  0.0323,  0.0220],
        [ 0.0059,  0.0277,  0.0206,  0.0194,  0.0236,  0.0198],
        [ 0.0318, -0.0118,  0.0191, -0.0057, -0.0102,  0.0182],
        [ 0.0093,  0.0178,  0.0242,  0.0153,  0.0178,  0.0222],
        [-0.0181,  0.0366,  0.0262,  0.0431,  0.0337,  0.0237],
        [ 0.0160, -0.0009,  0.0312,  0.0083,  0.0001,  0.0286],
        [ 0.0119,  0.0072,  0.0190,  0.0125,  0.0086,  0.0178],
        [-0.0145,  0.0394,  0.0196,  0.0399,  0.0371,  0.0184],
        [ 0.0096,  0.0150,  0.0168,  0.0161,  0.0144,  0.0161]],
       dtype=torch.float64, requires_grad=True)
tensor([[ 0.0459,  0.0111,  0.0253, -0.0157,  0.0059,  0.0238],
        [-0.0021,  0.0398,  0.0254,  0.0306,  0.0349,  0.0238],
        [ 0.0086,  0.0310,  0.0225,  0.0181,  0.0263,  0.0216],
        [ 0.0352, -0.0110,  0.0208, -0.0076, -0.0095,  0.0198],
        [ 0.0121,  0.0191,  0.0260,  0.0140,  0.0189,  0.0238],
        [-0.0182,  0.0394,  0.0274,  0.0445,  0.0363,  0.0248],
        [ 0.0170, -0.0001,  0.0326,  0.0084,  0.0010,  0.0299],
        [ 0.0131,  0.0076,  0.0196,  0.0125,  0.0092,  0.0184],
        [-0.0146,  0.0422,  0.0210,  0.0413,  0.0397,  0.0197],
        [ 0.0105,  0.0162,  0.0177,  0.0167,  0.0155,  0.0170]],
       dtype=torch.float64, requires_grad=True)
tensor([[ 0.0461,  0.0128,  0.0275, -0.0144,  0.0069,  0.0258],
        [-0.0037,  0.0421,  0.0276,  0.0337,  0.0367,  0.0259],
        [ 0.0076,  0.0329,  0.0247,  0.0205,  0.0277,  0.0236],
        [ 0.0352, -0.0103,  0.0227, -0.0061, -0.0092,  0.0215],
        [ 0.0127,  0.0203,  0.0277,  0.0147,  0.0198,  0.0253],
        [-0.0202,  0.0419,  0.0285,  0.0478,  0.0385,  0.0258],
        [ 0.0164,  0.0004,  0.0340,  0.0101,  0.0015,  0.0312],
        [ 0.0131,  0.0079,  0.0201,  0.0136,  0.0095,  0.0189],
        [-0.0151,  0.0447,  0.0224,  0.0430,  0.0421,  0.0211],
        [ 0.0112,  0.0174,  0.0186,  0.0175,  0.0166,  0.0178]],
       dtype=torch.float64, requires_grad=True)
tensor([[ 0.0479,  0.0152,  0.0296, -0.0145,  0.0085,  0.0278],
        [-0.0035,  0.0448,  0.0296,  0.0351,  0.0389,  0.0278],
        [ 0.0080,  0.0354,  0.0266,  0.0215,  0.0297,  0.0254],
        [ 0.0362, -0.0096,  0.0244, -0.0058, -0.0087,  0.0231],
        [ 0.0142,  0.0215,  0.0294,  0.0146,  0.0208,  0.0269],
        [-0.0214,  0.0445,  0.0296,  0.0503,  0.0409,  0.0267],
        [ 0.0164,  0.0011,  0.0353,  0.0111,  0.0023,  0.0324],
        [ 0.0136,  0.0081,  0.0206,  0.0142,  0.0099,  0.0194],
        [-0.0153,  0.0474,  0.0238,  0.0445,  0.0446,  0.0224],
        [ 0.0120,  0.0186,  0.0194,  0.0182,  0.0178,  0.0186]],
       dtype=torch.float64, requires_grad=True)
tensor([[ 5.1964e-02,  1.8724e-02,  3.1218e-02, -1.6791e-02,  1.0957e-02,
          2.9391e-02],
        [ 2.0394e-06,  4.8000e-02,  3.1140e-02,  3.3065e-02,  4.1341e-02,
          2.9334e-02],
        [ 1.1169e-02,  3.8851e-02,  2.8213e-02,  1.9793e-02,  3.2378e-02,
          2.7039e-02],
        [ 3.9387e-02, -8.2428e-03,  2.5929e-02, -7.4505e-03, -7.7295e-03,
          2.4563e-02],
        [ 1.6872e-02,  2.2712e-02,  3.1092e-02,  1.3353e-02,  2.1876e-02,
          2.8417e-02],
        [-2.1695e-02,  4.7211e-02,  3.0492e-02,  5.1796e-02,  4.3410e-02,
          2.7594e-02],
        [ 1.7086e-02,  1.9807e-03,  3.6503e-02,  1.1406e-02,  3.2350e-03,
          3.3554e-02],
        [ 1.4406e-02,  8.3922e-03,  2.1060e-02,  1.4349e-02,  1.0415e-02,
          1.9895e-02],
        [-1.5269e-02,  5.0149e-02,  2.5061e-02,  4.5649e-02,  4.7283e-02,
          2.3566e-02],
        [ 1.2950e-02,  1.9844e-02,  2.0163e-02,  1.8710e-02,  1.8974e-02,
          1.9323e-02]], dtype=torch.float64, requires_grad=True)
tensor([[ 0.0578,  0.0229,  0.0321, -0.0208,  0.0141,  0.0304],
        [ 0.0064,  0.0513,  0.0319,  0.0283,  0.0440,  0.0302],
        [ 0.0167,  0.0428,  0.0288,  0.0159,  0.0355,  0.0278],
        [ 0.0444, -0.0063,  0.0265, -0.0108, -0.0062,  0.0253],
        [ 0.0204,  0.0243,  0.0319,  0.0114,  0.0232,  0.0293],
        [-0.0208,  0.0498,  0.0308,  0.0523,  0.0459,  0.0280],
        [ 0.0184,  0.0035,  0.0371,  0.0113,  0.0048,  0.0342],
        [ 0.0158,  0.0089,  0.0212,  0.0142,  0.0111,  0.0201],
        [-0.0146,  0.0526,  0.0256,  0.0463,  0.0496,  0.0241],
        [ 0.0139,  0.0211,  0.0210,  0.0192,  0.0202,  0.0201]],
       dtype=torch.float64, requires_grad=True)
tensor([[ 0.0636,  0.0256,  0.0330, -0.0253,  0.0161,  0.0313],
        [ 0.0123,  0.0540,  0.0327,  0.0237,  0.0461,  0.0311],
        [ 0.0220,  0.0458,  0.0295,  0.0118,  0.0379,  0.0286],
        [ 0.0488, -0.0042,  0.0269, -0.0141, -0.0046,  0.0259],
        [ 0.0233,  0.0257,  0.0325,  0.0097,  0.0244,  0.0299],
        [-0.0200,  0.0518,  0.0313,  0.0526,  0.0478,  0.0285],
        [ 0.0194,  0.0050,  0.0377,  0.0112,  0.0062,  0.0348],
        [ 0.0169,  0.0096,  0.0213,  0.0141,  0.0119,  0.0204],
        [-0.0139,  0.0545,  0.0261,  0.0468,  0.0514,  0.0246],
        [ 0.0148,  0.0225,  0.0217,  0.0197,  0.0215,  0.0208]],
       dtype=torch.float64, requires_grad=True)
tensor([[ 0.0644,  0.0266,  0.0337, -0.0244,  0.0165,  0.0322],
        [ 0.0092,  0.0565,  0.0336,  0.0286,  0.0480,  0.0321],
        [ 0.0208,  0.0477,  0.0301,  0.0147,  0.0393,  0.0294],
        [ 0.0509, -0.0035,  0.0276, -0.0145, -0.0042,  0.0267],
        [ 0.0246,  0.0265,  0.0329,  0.0099,  0.0251,  0.0304],
        [-0.0205,  0.0534,  0.0316,  0.0545,  0.0492,  0.0289],
        [ 0.0202,  0.0058,  0.0382,  0.0117,  0.0071,  0.0354],
        [ 0.0166,  0.0101,  0.0214,  0.0155,  0.0125,  0.0206],
        [-0.0146,  0.0562,  0.0265,  0.0489,  0.0531,  0.0251],
        [ 0.0153,  0.0237,  0.0224,  0.0207,  0.0227,  0.0216]],
       dtype=torch.float64, requires_grad=True)
tensor([[ 0.0644,  0.0294,  0.0351, -0.0230,  0.0191,  0.0334],
        [ 0.0076,  0.0600,  0.0349,  0.0317,  0.0512,  0.0332],
        [ 0.0202,  0.0509,  0.0314,  0.0168,  0.0423,  0.0305],
        [ 0.0517, -0.0013,  0.0287, -0.0139, -0.0022,  0.0276],
        [ 0.0256,  0.0278,  0.0336,  0.0103,  0.0263,  0.0311],
        [-0.0202,  0.0548,  0.0321,  0.0554,  0.0505,  0.0294],
        [ 0.0218,  0.0066,  0.0388,  0.0113,  0.0079,  0.0361],
        [ 0.0167,  0.0109,  0.0214,  0.0167,  0.0133,  0.0207],
        [-0.0153,  0.0579,  0.0270,  0.0509,  0.0547,  0.0256],
        [ 0.0156,  0.0250,  0.0231,  0.0217,  0.0239,  0.0222]],
       dtype=torch.float64, requires_grad=True)
tensor([[ 6.6082e-02,  3.0879e-02,  3.5797e-02, -2.3650e-02,  2.0592e-02,
          3.3899e-02],
        [ 2.5618e-03,  6.4261e-02,  3.5696e-02,  3.8033e-02,  5.5168e-02,
          3.3812e-02],
        [ 1.9033e-02,  5.3613e-02,  3.1939e-02,  1.9023e-02,  4.4896e-02,
          3.0856e-02],
        [ 5.4815e-02,  8.2764e-05,  2.9288e-02, -1.5758e-02, -7.1288e-04,
          2.8092e-02],
        [ 2.7463e-02,  2.8903e-02,  3.4020e-02,  9.5043e-03,  2.7596e-02,
          3.1366e-02],
        [-1.9687e-02,  5.6292e-02,  3.2602e-02,  5.5947e-02,  5.2109e-02,
          2.9878e-02],
        [ 2.4195e-02,  7.8794e-03,  3.8991e-02,  9.8862e-03,  9.2422e-03,
          3.6323e-02],
        [ 1.8888e-02,  1.1851e-02,  2.1743e-02,  1.5559e-02,  1.4300e-02,
          2.1122e-02],
        [-1.4549e-02,  5.9744e-02,  2.7527e-02,  5.1375e-02,  5.6523e-02,
          2.6207e-02],
        [ 1.6284e-02,  2.6205e-02,  2.3613e-02,  2.2449e-02,  2.5103e-02,
          2.2789e-02]], dtype=torch.float64, requires_grad=True)
tensor([[ 0.0677,  0.0323,  0.0372, -0.0243,  0.0224,  0.0350],
        [ 0.0003,  0.0674,  0.0371,  0.0416,  0.0584,  0.0350],
        [ 0.0193,  0.0558,  0.0332,  0.0200,  0.0472,  0.0318],
        [ 0.0580,  0.0017,  0.0302, -0.0176,  0.0010,  0.0287],
        [ 0.0308,  0.0305,  0.0346,  0.0075,  0.0293,  0.0317],
        [-0.0181,  0.0578,  0.0332,  0.0556,  0.0537,  0.0304],
        [ 0.0272,  0.0093,  0.0391,  0.0081,  0.0107,  0.0364],
        [ 0.0226,  0.0128,  0.0219,  0.0131,  0.0154,  0.0213],
        [-0.0124,  0.0616,  0.0281,  0.0506,  0.0584,  0.0268],
        [ 0.0172,  0.0275,  0.0239,  0.0230,  0.0264,  0.0231]],
       dtype=torch.float64, requires_grad=True)
tensor([[ 0.0697,  0.0328,  0.0385, -0.0251,  0.0235,  0.0361],
        [-0.0016,  0.0697,  0.0386,  0.0447,  0.0608,  0.0361],
        [ 0.0199,  0.0570,  0.0345,  0.0207,  0.0487,  0.0329],
        [ 0.0617,  0.0027,  0.0313, -0.0200,  0.0022,  0.0297],
        [ 0.0358,  0.0317,  0.0354,  0.0037,  0.0307,  0.0324],
        [-0.0145,  0.0588,  0.0338,  0.0533,  0.0548,  0.0309],
        [ 0.0306,  0.0103,  0.0395,  0.0059,  0.0118,  0.0368],
        [ 0.0266,  0.0139,  0.0218,  0.0105,  0.0167,  0.0213],
        [-0.0093,  0.0634,  0.0288,  0.0489,  0.0602,  0.0275],
        [ 0.0184,  0.0288,  0.0242,  0.0233,  0.0277,  0.0234]],
       dtype=torch.float64, requires_grad=True)
tensor([[ 0.0736,  0.0340,  0.0397, -0.0281,  0.0245,  0.0371],
        [-0.0014,  0.0724,  0.0397,  0.0457,  0.0632,  0.0371],
        [ 0.0221,  0.0587,  0.0355,  0.0194,  0.0503,  0.0338],
        [ 0.0659,  0.0038,  0.0323, -0.0230,  0.0031,  0.0305],
        [ 0.0415,  0.0330,  0.0363, -0.0008,  0.0320,  0.0332],
        [-0.0093,  0.0600,  0.0343,  0.0493,  0.0560,  0.0313],
        [ 0.0345,  0.0111,  0.0400,  0.0032,  0.0128,  0.0372],
        [ 0.0303,  0.0153,  0.0219,  0.0079,  0.0181,  0.0214],
        [-0.0057,  0.0650,  0.0294,  0.0468,  0.0619,  0.0281],
        [ 0.0196,  0.0302,  0.0244,  0.0234,  0.0291,  0.0236]],
       dtype=torch.float64, requires_grad=True)
tensor([[ 0.0772,  0.0362,  0.0399, -0.0310,  0.0263,  0.0373],
        [ 0.0004,  0.0748,  0.0399,  0.0446,  0.0654,  0.0374],
        [ 0.0249,  0.0609,  0.0356,  0.0172,  0.0522,  0.0340],
        [ 0.0694,  0.0051,  0.0326, -0.0258,  0.0042,  0.0309],
        [ 0.0455,  0.0343,  0.0369, -0.0039,  0.0333,  0.0337],
        [-0.0050,  0.0615,  0.0344,  0.0460,  0.0576,  0.0315],
        [ 0.0371,  0.0122,  0.0404,  0.0016,  0.0140,  0.0376],
        [ 0.0329,  0.0170,  0.0219,  0.0063,  0.0200,  0.0215],
        [-0.0033,  0.0670,  0.0299,  0.0456,  0.0639,  0.0286],
        [ 0.0206,  0.0317,  0.0245,  0.0239,  0.0305,  0.0238]],
       dtype=torch.float64, requires_grad=True)
tensor([[ 0.0797,  0.0389,  0.0402, -0.0325,  0.0286,  0.0375],
        [ 0.0008,  0.0781,  0.0400,  0.0451,  0.0684,  0.0374],
        [ 0.0264,  0.0637,  0.0355,  0.0166,  0.0548,  0.0338],
        [ 0.0712,  0.0071,  0.0326, -0.0267,  0.0061,  0.0308],
        [ 0.0476,  0.0364,  0.0372, -0.0049,  0.0355,  0.0339],
        [-0.0027,  0.0638,  0.0346,  0.0449,  0.0600,  0.0315],
        [ 0.0381,  0.0142,  0.0406,  0.0018,  0.0161,  0.0376],
        [ 0.0345,  0.0191,  0.0217,  0.0058,  0.0223,  0.0213],
        [-0.0019,  0.0689,  0.0303,  0.0456,  0.0659,  0.0290],
        [ 0.0212,  0.0331,  0.0246,  0.0248,  0.0319,  0.0238]],
       dtype=torch.float64, requires_grad=True)
tensor([[ 0.0824,  0.0416,  0.0399, -0.0342,  0.0310,  0.0369],
        [ 0.0009,  0.0814,  0.0395,  0.0461,  0.0716,  0.0367],
        [ 0.0278,  0.0665,  0.0348,  0.0160,  0.0576,  0.0329],
        [ 0.0726,  0.0093,  0.0317, -0.0272,  0.0084,  0.0298],
        [ 0.0491,  0.0389,  0.0369, -0.0053,  0.0382,  0.0333],
        [-0.0011,  0.0665,  0.0342,  0.0447,  0.0629,  0.0308],
        [ 0.0388,  0.0168,  0.0402,  0.0024,  0.0188,  0.0371],
        [ 0.0360,  0.0214,  0.0212,  0.0056,  0.0247,  0.0206],
        [-0.0011,  0.0710,  0.0308,  0.0463,  0.0680,  0.0294],
        [ 0.0215,  0.0345,  0.0245,  0.0261,  0.0333,  0.0237]],
       dtype=torch.float64, requires_grad=True)
tensor([[ 0.0857,  0.0440,  0.0392, -0.0365,  0.0331,  0.0359],
        [ 0.0012,  0.0844,  0.0387,  0.0466,  0.0747,  0.0355],
        [ 0.0295,  0.0691,  0.0337,  0.0150,  0.0603,  0.0316],
        [ 0.0740,  0.0116,  0.0307, -0.0280,  0.0108,  0.0285],
        [ 0.0505,  0.0415,  0.0362, -0.0057,  0.0410,  0.0323],
        [ 0.0002,  0.0691,  0.0334,  0.0449,  0.0657,  0.0298],
        [ 0.0395,  0.0197,  0.0396,  0.0031,  0.0219,  0.0362],
        [ 0.0376,  0.0236,  0.0205,  0.0054,  0.0271,  0.0198],
        [-0.0008,  0.0730,  0.0314,  0.0474,  0.0700,  0.0297],
        [ 0.0216,  0.0359,  0.0244,  0.0275,  0.0346,  0.0234]],
       dtype=torch.float64, requires_grad=True)
tensor([[ 0.0896,  0.0458,  0.0381, -0.0393,  0.0347,  0.0345],
        [ 0.0018,  0.0871,  0.0375,  0.0469,  0.0775,  0.0340],
        [ 0.0317,  0.0712,  0.0323,  0.0135,  0.0627,  0.0300],
        [ 0.0756,  0.0137,  0.0295, -0.0290,  0.0131,  0.0272],
        [ 0.0520,  0.0439,  0.0354, -0.0061,  0.0437,  0.0311],
        [ 0.0014,  0.0714,  0.0323,  0.0451,  0.0683,  0.0284],
        [ 0.0402,  0.0226,  0.0388,  0.0037,  0.0250,  0.0352],
        [ 0.0393,  0.0256,  0.0198,  0.0052,  0.0292,  0.0189],
        [-0.0009,  0.0749,  0.0321,  0.0488,  0.0720,  0.0301],
        [ 0.0215,  0.0372,  0.0242,  0.0292,  0.0359,  0.0230]],
       dtype=torch.float64, requires_grad=True)
tensor([[ 0.0937,  0.0472,  0.0372, -0.0421,  0.0357,  0.0333],
        [ 0.0025,  0.0893,  0.0365,  0.0474,  0.0797,  0.0327],
        [ 0.0340,  0.0728,  0.0311,  0.0121,  0.0645,  0.0285],
        [ 0.0774,  0.0154,  0.0285, -0.0300,  0.0151,  0.0258],
        [ 0.0536,  0.0462,  0.0348, -0.0066,  0.0462,  0.0302],
        [ 0.0024,  0.0734,  0.0313,  0.0455,  0.0705,  0.0271],
        [ 0.0411,  0.0255,  0.0383,  0.0042,  0.0280,  0.0344],
        [ 0.0411,  0.0273,  0.0194,  0.0049,  0.0311,  0.0182],
        [-0.0011,  0.0769,  0.0328,  0.0504,  0.0740,  0.0304],
        [ 0.0213,  0.0385,  0.0240,  0.0310,  0.0372,  0.0225]],
       dtype=torch.float64, requires_grad=True)
tensor([[ 0.0969,  0.0482,  0.0369, -0.0438,  0.0364,  0.0327],
        [ 0.0024,  0.0911,  0.0359,  0.0487,  0.0816,  0.0318],
        [ 0.0354,  0.0742,  0.0304,  0.0116,  0.0660,  0.0275],
        [ 0.0788,  0.0168,  0.0276, -0.0305,  0.0167,  0.0247],
        [ 0.0552,  0.0482,  0.0344, -0.0071,  0.0485,  0.0294],
        [ 0.0030,  0.0750,  0.0305,  0.0461,  0.0722,  0.0260],
        [ 0.0420,  0.0283,  0.0381,  0.0046,  0.0309,  0.0338],
        [ 0.0431,  0.0287,  0.0192,  0.0045,  0.0327,  0.0178],
        [-0.0015,  0.0789,  0.0337,  0.0522,  0.0761,  0.0309],
        [ 0.0210,  0.0397,  0.0238,  0.0328,  0.0384,  0.0220]],
       dtype=torch.float64, requires_grad=True)
tensor([[ 0.0991,  0.0491,  0.0372, -0.0445,  0.0371,  0.0325],
        [ 0.0016,  0.0929,  0.0358,  0.0507,  0.0834,  0.0314],
        [ 0.0362,  0.0754,  0.0302,  0.0117,  0.0673,  0.0270],
        [ 0.0797,  0.0179,  0.0271, -0.0306,  0.0181,  0.0239],
        [ 0.0567,  0.0500,  0.0343, -0.0075,  0.0505,  0.0290],
        [ 0.0032,  0.0763,  0.0302,  0.0471,  0.0737,  0.0253],
        [ 0.0430,  0.0310,  0.0382,  0.0051,  0.0338,  0.0337],
        [ 0.0450,  0.0300,  0.0195,  0.0041,  0.0340,  0.0177],
        [-0.0020,  0.0809,  0.0346,  0.0541,  0.0781,  0.0313],
        [ 0.0206,  0.0410,  0.0235,  0.0347,  0.0397,  0.0215]],
       dtype=torch.float64, requires_grad=True)
tensor([[ 0.1011,  0.0498,  0.0380, -0.0450,  0.0374,  0.0329],
        [ 0.0006,  0.0944,  0.0362,  0.0530,  0.0848,  0.0315],
        [ 0.0369,  0.0764,  0.0304,  0.0121,  0.0683,  0.0270],
        [ 0.0806,  0.0189,  0.0268, -0.0305,  0.0192,  0.0235],
        [ 0.0581,  0.0518,  0.0346, -0.0078,  0.0524,  0.0289],
        [ 0.0032,  0.0774,  0.0301,  0.0484,  0.0749,  0.0249],
        [ 0.0439,  0.0336,  0.0388,  0.0056,  0.0365,  0.0339],
        [ 0.0471,  0.0310,  0.0201,  0.0038,  0.0352,  0.0179],
        [-0.0026,  0.0829,  0.0357,  0.0559,  0.0801,  0.0319],
        [ 0.0202,  0.0422,  0.0233,  0.0366,  0.0410,  0.0209]],
       dtype=torch.float64, requires_grad=True)
tensor([[ 0.1034,  0.0503,  0.0391, -0.0457,  0.0376,  0.0337],
        [-0.0002,  0.0958,  0.0370,  0.0551,  0.0860,  0.0318],
        [ 0.0378,  0.0773,  0.0310,  0.0123,  0.0692,  0.0273],
        [ 0.0816,  0.0198,  0.0269, -0.0303,  0.0203,  0.0233],
        [ 0.0593,  0.0534,  0.0354, -0.0079,  0.0542,  0.0293],
        [ 0.0031,  0.0782,  0.0303,  0.0497,  0.0759,  0.0247],
        [ 0.0447,  0.0361,  0.0396,  0.0062,  0.0391,  0.0343],
        [ 0.0491,  0.0319,  0.0208,  0.0034,  0.0362,  0.0183],
        [-0.0031,  0.0848,  0.0368,  0.0578,  0.0820,  0.0326],
        [ 0.0197,  0.0435,  0.0230,  0.0386,  0.0423,  0.0203]],
       dtype=torch.float64, requires_grad=True)
tensor([[ 0.1057,  0.0509,  0.0406, -0.0462,  0.0379,  0.0347],
        [-0.0007,  0.0972,  0.0379,  0.0571,  0.0873,  0.0324],
        [ 0.0389,  0.0782,  0.0318,  0.0124,  0.0700,  0.0278],
        [ 0.0824,  0.0206,  0.0273, -0.0300,  0.0213,  0.0234],
        [ 0.0604,  0.0550,  0.0364, -0.0078,  0.0558,  0.0301],
        [ 0.0028,  0.0790,  0.0307,  0.0513,  0.0768,  0.0246],
        [ 0.0456,  0.0385,  0.0407,  0.0069,  0.0416,  0.0351],
        [ 0.0512,  0.0326,  0.0216,  0.0030,  0.0371,  0.0188],
        [-0.0037,  0.0866,  0.0381,  0.0596,  0.0838,  0.0333],
        [ 0.0191,  0.0448,  0.0227,  0.0405,  0.0436,  0.0197]],
       dtype=torch.float64, requires_grad=True)
tensor([[ 0.1079,  0.0515,  0.0423, -0.0466,  0.0382,  0.0360],
        [-0.0009,  0.0986,  0.0389,  0.0588,  0.0885,  0.0331],
        [ 0.0401,  0.0792,  0.0327,  0.0125,  0.0710,  0.0285],
        [ 0.0832,  0.0215,  0.0279, -0.0295,  0.0222,  0.0238],
        [ 0.0613,  0.0564,  0.0378, -0.0073,  0.0574,  0.0311],
        [ 0.0025,  0.0797,  0.0312,  0.0530,  0.0775,  0.0248],
        [ 0.0464,  0.0407,  0.0420,  0.0077,  0.0439,  0.0360],
        [ 0.0534,  0.0334,  0.0225,  0.0026,  0.0379,  0.0194],
        [-0.0042,  0.0883,  0.0394,  0.0614,  0.0855,  0.0341],
        [ 0.0185,  0.0460,  0.0224,  0.0425,  0.0449,  0.0191]],
       dtype=torch.float64, requires_grad=True)
tensor([[ 0.1099,  0.0522,  0.0442, -0.0467,  0.0387,  0.0375],
        [-0.0010,  0.1001,  0.0401,  0.0606,  0.0898,  0.0341],
        [ 0.0414,  0.0803,  0.0338,  0.0127,  0.0720,  0.0294],
        [ 0.0837,  0.0223,  0.0287, -0.0288,  0.0231,  0.0243],
        [ 0.0620,  0.0579,  0.0394, -0.0067,  0.0589,  0.0323],
        [ 0.0021,  0.0803,  0.0318,  0.0548,  0.0782,  0.0250],
        [ 0.0472,  0.0430,  0.0434,  0.0085,  0.0463,  0.0370],
        [ 0.0555,  0.0340,  0.0235,  0.0023,  0.0387,  0.0201],
        [-0.0047,  0.0899,  0.0408,  0.0632,  0.0872,  0.0349],
        [ 0.0179,  0.0473,  0.0221,  0.0444,  0.0462,  0.0185]],
       dtype=torch.float64, requires_grad=True)
tensor([[ 0.1117,  0.0529,  0.0462, -0.0467,  0.0393,  0.0390],
        [-0.0011,  0.1016,  0.0415,  0.0622,  0.0912,  0.0351],
        [ 0.0425,  0.0815,  0.0351,  0.0129,  0.0731,  0.0304],
        [ 0.0842,  0.0232,  0.0295, -0.0279,  0.0241,  0.0249],
        [ 0.0625,  0.0594,  0.0410, -0.0058,  0.0605,  0.0337],
        [ 0.0015,  0.0809,  0.0325,  0.0568,  0.0788,  0.0253],
        [ 0.0480,  0.0452,  0.0448,  0.0093,  0.0486,  0.0381],
        [ 0.0577,  0.0347,  0.0245,  0.0019,  0.0394,  0.0209],
        [-0.0052,  0.0916,  0.0421,  0.0649,  0.0888,  0.0358],
        [ 0.0172,  0.0486,  0.0218,  0.0464,  0.0475,  0.0179]],
       dtype=torch.float64, requires_grad=True)
tensor([[ 0.1134,  0.0538,  0.0481, -0.0464,  0.0400,  0.0406],
        [-0.0012,  0.1032,  0.0429,  0.0639,  0.0926,  0.0363],
        [ 0.0437,  0.0828,  0.0364,  0.0133,  0.0744,  0.0314],
        [ 0.0844,  0.0241,  0.0304, -0.0267,  0.0251,  0.0256],
        [ 0.0629,  0.0609,  0.0428, -0.0048,  0.0620,  0.0351],
        [ 0.0009,  0.0815,  0.0332,  0.0589,  0.0795,  0.0257],
        [ 0.0488,  0.0475,  0.0463,  0.0101,  0.0509,  0.0392],
        [ 0.0598,  0.0353,  0.0256,  0.0016,  0.0402,  0.0217],
        [-0.0057,  0.0932,  0.0434,  0.0667,  0.0905,  0.0366],
        [ 0.0165,  0.0499,  0.0215,  0.0483,  0.0488,  0.0172]],
       dtype=torch.float64, requires_grad=True)
tensor([[ 0.1148,  0.0548,  0.0501, -0.0459,  0.0409,  0.0422],
        [-0.0011,  0.1048,  0.0443,  0.0654,  0.0941,  0.0374],
        [ 0.0447,  0.0843,  0.0376,  0.0137,  0.0757,  0.0325],
        [ 0.0845,  0.0252,  0.0314, -0.0254,  0.0261,  0.0263],
        [ 0.0632,  0.0625,  0.0445, -0.0036,  0.0636,  0.0366],
        [ 0.0001,  0.0822,  0.0340,  0.0611,  0.0802,  0.0262],
        [ 0.0496,  0.0498,  0.0476,  0.0109,  0.0533,  0.0403],
        [ 0.0620,  0.0360,  0.0266,  0.0013,  0.0410,  0.0225],
        [-0.0062,  0.0949,  0.0447,  0.0685,  0.0922,  0.0374],
        [ 0.0158,  0.0512,  0.0211,  0.0503,  0.0501,  0.0166]],
       dtype=torch.float64, requires_grad=True)
tensor([[ 0.1160,  0.0561,  0.0519, -0.0452,  0.0419,  0.0437],
        [-0.0010,  0.1065,  0.0457,  0.0669,  0.0957,  0.0386],
        [ 0.0458,  0.0858,  0.0388,  0.0142,  0.0773,  0.0335],
        [ 0.0843,  0.0263,  0.0322, -0.0238,  0.0272,  0.0269],
        [ 0.0633,  0.0642,  0.0462, -0.0023,  0.0653,  0.0380],
        [-0.0007,  0.0830,  0.0347,  0.0635,  0.0810,  0.0265],
        [ 0.0505,  0.0522,  0.0489,  0.0117,  0.0557,  0.0413],
        [ 0.0640,  0.0368,  0.0276,  0.0010,  0.0418,  0.0233],
        [-0.0068,  0.0967,  0.0459,  0.0703,  0.0940,  0.0382],
        [ 0.0151,  0.0525,  0.0207,  0.0522,  0.0514,  0.0159]],
       dtype=torch.float64, requires_grad=True)
tensor([[ 0.1169,  0.0576,  0.0535, -0.0442,  0.0433,  0.0451],
        [-0.0008,  0.1084,  0.0468,  0.0683,  0.0975,  0.0396],
        [ 0.0468,  0.0876,  0.0398,  0.0147,  0.0790,  0.0344],
        [ 0.0840,  0.0276,  0.0329, -0.0221,  0.0285,  0.0275],
        [ 0.0633,  0.0661,  0.0477, -0.0008,  0.0672,  0.0393],
        [-0.0017,  0.0839,  0.0353,  0.0660,  0.0819,  0.0268],
        [ 0.0512,  0.0547,  0.0499,  0.0125,  0.0582,  0.0420],
        [ 0.0660,  0.0377,  0.0284,  0.0008,  0.0428,  0.0240],
        [-0.0074,  0.0985,  0.0471,  0.0722,  0.0958,  0.0388],
        [ 0.0143,  0.0538,  0.0203,  0.0541,  0.0527,  0.0152]],
       dtype=torch.float64, requires_grad=True)
tensor([[ 1.1769e-01,  5.9564e-02,  5.4351e-02, -4.3289e-02,  4.5030e-02,
          4.5873e-02],
        [-6.6697e-05,  1.1030e-01,  4.7432e-02,  6.9056e-02,  9.9235e-02,
          4.0100e-02],
        [ 4.7791e-02,  8.9706e-02,  4.0321e-02,  1.5187e-02,  8.1095e-02,
          3.4834e-02],
        [ 8.3422e-02,  2.9238e-02,  3.3312e-02, -2.0071e-02,  3.0100e-02,
          2.7737e-02],
        [ 6.2955e-02,  6.8196e-02,  4.8831e-02,  8.9880e-04,  6.9236e-02,
          4.0247e-02],
        [-2.8105e-03,  8.5144e-02,  3.5632e-02,  6.8614e-02,  8.3095e-02,
          2.6870e-02],
        [ 5.1878e-02,  5.7400e-02,  5.0568e-02,  1.3424e-02,  6.0955e-02,
          4.2505e-02],
        [ 6.7813e-02,  3.8809e-02,  2.9070e-02,  7.6041e-04,  4.3981e-02,
          2.4554e-02],
        [-8.1909e-03,  1.0052e-01,  4.8074e-02,  7.4130e-02,  9.7786e-02,
          3.9425e-02],
        [ 1.3560e-02,  5.5078e-02,  1.9896e-02,  5.5998e-02,  5.4006e-02,
          1.4487e-02]], dtype=torch.float64, requires_grad=True)
tensor([[ 0.1185,  0.0616,  0.0541, -0.0427,  0.0472,  0.0457],
        [ 0.0014,  0.1121,  0.0471,  0.0689,  0.1011,  0.0398],
        [ 0.0490,  0.0919,  0.0400,  0.0154,  0.0835,  0.0345],
        [ 0.0826,  0.0311,  0.0332, -0.0179,  0.0320,  0.0276],
        [ 0.0623,  0.0705,  0.0495,  0.0028,  0.0715,  0.0407],
        [-0.0042,  0.0866,  0.0355,  0.0714,  0.0846,  0.0265],
        [ 0.0523,  0.0602,  0.0507,  0.0143,  0.0639,  0.0424],
        [ 0.0693,  0.0401,  0.0294,  0.0008,  0.0454,  0.0247],
        [-0.0091,  0.1026,  0.0489,  0.0762,  0.0999,  0.0399],
        [ 0.0128,  0.0564,  0.0194,  0.0579,  0.0553,  0.0138]],
       dtype=torch.float64, requires_grad=True)
tensor([[ 0.1192,  0.0637,  0.0529, -0.0424,  0.0499,  0.0446],
        [ 0.0034,  0.1139,  0.0458,  0.0680,  0.1033,  0.0386],
        [ 0.0502,  0.0942,  0.0389,  0.0155,  0.0862,  0.0334],
        [ 0.0815,  0.0333,  0.0325, -0.0157,  0.0341,  0.0267],
        [ 0.0613,  0.0729,  0.0494,  0.0050,  0.0740,  0.0404],
        [-0.0057,  0.0882,  0.0348,  0.0742,  0.0863,  0.0255],
        [ 0.0525,  0.0631,  0.0501,  0.0154,  0.0669,  0.0416],
        [ 0.0706,  0.0415,  0.0292,  0.0010,  0.0470,  0.0244],
        [-0.0101,  0.1049,  0.0496,  0.0785,  0.1021,  0.0401],
        [ 0.0121,  0.0577,  0.0190,  0.0597,  0.0566,  0.0130]],
       dtype=torch.float64, requires_grad=True)
tensor([[ 0.1195,  0.0659,  0.0509, -0.0419,  0.0533,  0.0427],
        [ 0.0055,  0.1157,  0.0438,  0.0670,  0.1058,  0.0367],
        [ 0.0512,  0.0967,  0.0373,  0.0159,  0.0894,  0.0317],
        [ 0.0803,  0.0358,  0.0310, -0.0132,  0.0365,  0.0252],
        [ 0.0599,  0.0756,  0.0486,  0.0077,  0.0766,  0.0395],
        [-0.0075,  0.0901,  0.0334,  0.0772,  0.0884,  0.0238],
        [ 0.0523,  0.0662,  0.0488,  0.0167,  0.0701,  0.0400],
        [ 0.0714,  0.0431,  0.0287,  0.0014,  0.0489,  0.0237],
        [-0.0112,  0.1074,  0.0500,  0.0809,  0.1045,  0.0402],
        [ 0.0114,  0.0590,  0.0185,  0.0616,  0.0580,  0.0124]],
       dtype=torch.float64, requires_grad=True)
tensor([[ 0.1186,  0.0690,  0.0484, -0.0399,  0.0572,  0.0405],
        [ 0.0069,  0.1184,  0.0415,  0.0671,  0.1088,  0.0345],
        [ 0.0511,  0.0999,  0.0353,  0.0176,  0.0931,  0.0297],
        [ 0.0786,  0.0390,  0.0292, -0.0099,  0.0394,  0.0233],
        [ 0.0579,  0.0787,  0.0473,  0.0113,  0.0795,  0.0381],
        [-0.0094,  0.0927,  0.0317,  0.0807,  0.0910,  0.0218],
        [ 0.0512,  0.0695,  0.0471,  0.0188,  0.0736,  0.0380],
        [ 0.0717,  0.0452,  0.0278,  0.0024,  0.0510,  0.0226],
        [-0.0125,  0.1101,  0.0503,  0.0835,  0.1073,  0.0402],
        [ 0.0109,  0.0605,  0.0180,  0.0633,  0.0594,  0.0117]],
       dtype=torch.float64, requires_grad=True)
tensor([[ 0.1179,  0.0721,  0.0467, -0.0379,  0.0608,  0.0390],
        [ 0.0078,  0.1211,  0.0400,  0.0678,  0.1117,  0.0332],
        [ 0.0506,  0.1030,  0.0341,  0.0200,  0.0965,  0.0285],
        [ 0.0775,  0.0420,  0.0281, -0.0071,  0.0425,  0.0222],
        [ 0.0565,  0.0816,  0.0466,  0.0142,  0.0823,  0.0372],
        [-0.0105,  0.0954,  0.0305,  0.0831,  0.0939,  0.0204],
        [ 0.0503,  0.0726,  0.0461,  0.0208,  0.0768,  0.0367],
        [ 0.0718,  0.0476,  0.0269,  0.0034,  0.0536,  0.0216],
        [-0.0135,  0.1132,  0.0505,  0.0857,  0.1103,  0.0402],
        [ 0.0106,  0.0620,  0.0177,  0.0646,  0.0609,  0.0113]],
       dtype=torch.float64, requires_grad=True)
tensor([[ 0.1175,  0.0747,  0.0461, -0.0363,  0.0640,  0.0384],
        [ 0.0081,  0.1238,  0.0396,  0.0689,  0.1147,  0.0326],
        [ 0.0502,  0.1058,  0.0339,  0.0218,  0.0995,  0.0281],
        [ 0.0775,  0.0449,  0.0276, -0.0058,  0.0454,  0.0215],
        [ 0.0564,  0.0843,  0.0462,  0.0156,  0.0851,  0.0367],
        [-0.0100,  0.0982,  0.0298,  0.0836,  0.0967,  0.0196],
        [ 0.0504,  0.0754,  0.0456,  0.0215,  0.0797,  0.0361],
        [ 0.0723,  0.0502,  0.0263,  0.0036,  0.0562,  0.0209],
        [-0.0134,  0.1165,  0.0509,  0.0867,  0.1135,  0.0405],
        [ 0.0107,  0.0637,  0.0174,  0.0655,  0.0626,  0.0110]],
       dtype=torch.float64, requires_grad=True)
tensor([[ 0.1181,  0.0771,  0.0459, -0.0358,  0.0668,  0.0381],
        [ 0.0091,  0.1260,  0.0397,  0.0691,  0.1172,  0.0326],
        [ 0.0505,  0.1082,  0.0342,  0.0229,  0.1021,  0.0282],
        [ 0.0787,  0.0476,  0.0276, -0.0057,  0.0482,  0.0213],
        [ 0.0575,  0.0867,  0.0461,  0.0158,  0.0876,  0.0364],
        [-0.0082,  0.1009,  0.0296,  0.0827,  0.0995,  0.0192],
        [ 0.0514,  0.0779,  0.0456,  0.0212,  0.0823,  0.0359],
        [ 0.0736,  0.0526,  0.0258,  0.0030,  0.0587,  0.0203],
        [-0.0123,  0.1195,  0.0514,  0.0864,  0.1166,  0.0410],
        [ 0.0112,  0.0655,  0.0173,  0.0660,  0.0643,  0.0109]],
       dtype=torch.float64, requires_grad=True)
tensor([[ 0.1183,  0.0796,  0.0464, -0.0346,  0.0697,  0.0383],
        [ 0.0092,  0.1286,  0.0402,  0.0704,  0.1200,  0.0329],
        [ 0.0505,  0.1104,  0.0348,  0.0243,  0.1046,  0.0286],
        [ 0.0803,  0.0503,  0.0277, -0.0062,  0.0510,  0.0213],
        [ 0.0591,  0.0891,  0.0461,  0.0152,  0.0902,  0.0363],
        [-0.0058,  0.1038,  0.0296,  0.0811,  0.1024,  0.0191],
        [ 0.0528,  0.0803,  0.0458,  0.0204,  0.0848,  0.0360],
        [ 0.0750,  0.0552,  0.0254,  0.0022,  0.0614,  0.0199],
        [-0.0108,  0.1228,  0.0521,  0.0858,  0.1198,  0.0416],
        [ 0.0118,  0.0673,  0.0172,  0.0663,  0.0661,  0.0109]],
       dtype=torch.float64, requires_grad=True)
tensor([[ 0.1181,  0.0825,  0.0470, -0.0326,  0.0728,  0.0386],
        [ 0.0086,  0.1316,  0.0407,  0.0727,  0.1234,  0.0331],
        [ 0.0504,  0.1130,  0.0354,  0.0260,  0.1074,  0.0288],
        [ 0.0819,  0.0530,  0.0280, -0.0065,  0.0540,  0.0213],
        [ 0.0609,  0.0917,  0.0461,  0.0147,  0.0930,  0.0362],
        [-0.0035,  0.1069,  0.0297,  0.0796,  0.1055,  0.0191],
        [ 0.0541,  0.0828,  0.0460,  0.0197,  0.0873,  0.0361],
        [ 0.0758,  0.0580,  0.0250,  0.0018,  0.0643,  0.0194],
        [-0.0098,  0.1261,  0.0526,  0.0855,  0.1232,  0.0421],
        [ 0.0124,  0.0692,  0.0171,  0.0665,  0.0680,  0.0109]],
       dtype=torch.float64, requires_grad=True)
tensor([[ 0.1179,  0.0858,  0.0479, -0.0301,  0.0763,  0.0391],
        [ 0.0078,  0.1351,  0.0414,  0.0754,  0.1272,  0.0334],
        [ 0.0505,  0.1158,  0.0360,  0.0278,  0.1105,  0.0291],
        [ 0.0836,  0.0558,  0.0285, -0.0066,  0.0572,  0.0215],
        [ 0.0628,  0.0945,  0.0463,  0.0144,  0.0962,  0.0362],
        [-0.0014,  0.1100,  0.0297,  0.0785,  0.1088,  0.0190],
        [ 0.0551,  0.0852,  0.0461,  0.0193,  0.0899,  0.0362],
        [ 0.0762,  0.0610,  0.0246,  0.0020,  0.0674,  0.0191],
        [-0.0091,  0.1295,  0.0529,  0.0856,  0.1266,  0.0424],
        [ 0.0128,  0.0711,  0.0170,  0.0669,  0.0699,  0.0109]],
       dtype=torch.float64, requires_grad=True)
tensor([[ 0.1180,  0.0895,  0.0488, -0.0278,  0.0801,  0.0396],
        [ 0.0072,  0.1388,  0.0420,  0.0780,  0.1313,  0.0337],
        [ 0.0510,  0.1187,  0.0364,  0.0292,  0.1140,  0.0294],
        [ 0.0854,  0.0586,  0.0289, -0.0068,  0.0606,  0.0217],
        [ 0.0649,  0.0974,  0.0463,  0.0141,  0.0996,  0.0362],
        [ 0.0005,  0.1131,  0.0294,  0.0776,  0.1121,  0.0189],
        [ 0.0560,  0.0876,  0.0461,  0.0192,  0.0925,  0.0362],
        [ 0.0761,  0.0640,  0.0243,  0.0028,  0.0706,  0.0187],
        [-0.0088,  0.1329,  0.0531,  0.0862,  0.1300,  0.0427],
        [ 0.0132,  0.0730,  0.0169,  0.0674,  0.0718,  0.0109]],
       dtype=torch.float64, requires_grad=True)
tensor([[ 0.1184,  0.0934,  0.0493, -0.0258,  0.0842,  0.0399],
        [ 0.0071,  0.1428,  0.0423,  0.0801,  0.1357,  0.0339],
        [ 0.0520,  0.1218,  0.0365,  0.0302,  0.1176,  0.0294],
        [ 0.0873,  0.0613,  0.0291, -0.0069,  0.0640,  0.0218],
        [ 0.0669,  0.1002,  0.0461,  0.0138,  0.1030,  0.0360],
        [ 0.0022,  0.1159,  0.0289,  0.0772,  0.1154,  0.0186],
        [ 0.0567,  0.0899,  0.0459,  0.0194,  0.0951,  0.0360],
        [ 0.0758,  0.0669,  0.0239,  0.0039,  0.0738,  0.0182],
        [-0.0087,  0.1361,  0.0531,  0.0869,  0.1333,  0.0427],
        [ 0.0134,  0.0750,  0.0167,  0.0680,  0.0737,  0.0108]],
       dtype=torch.float64, requires_grad=True)
tensor([[ 0.1190,  0.0979,  0.0494, -0.0241,  0.0889,  0.0400],
        [ 0.0077,  0.1468,  0.0423,  0.0815,  0.1401,  0.0339],
        [ 0.0534,  0.1251,  0.0364,  0.0309,  0.1216,  0.0293],
        [ 0.0890,  0.0639,  0.0291, -0.0067,  0.0674,  0.0218],
        [ 0.0690,  0.1031,  0.0457,  0.0136,  0.1066,  0.0358],
        [ 0.0035,  0.1186,  0.0283,  0.0772,  0.1186,  0.0182],
        [ 0.0574,  0.0921,  0.0457,  0.0198,  0.0977,  0.0358],
        [ 0.0752,  0.0699,  0.0235,  0.0052,  0.0771,  0.0177],
        [-0.0087,  0.1391,  0.0530,  0.0878,  0.1365,  0.0426],
        [ 0.0136,  0.0769,  0.0166,  0.0687,  0.0756,  0.0107]],
       dtype=torch.float64, requires_grad=True)
tensor([[ 0.1203,  0.1023,  0.0490, -0.0232,  0.0935,  0.0397],
        [ 0.0091,  0.1508,  0.0420,  0.0820,  0.1444,  0.0336],
        [ 0.0550,  0.1287,  0.0361,  0.0311,  0.1256,  0.0290],
        [ 0.0904,  0.0664,  0.0290, -0.0063,  0.0707,  0.0216],
        [ 0.0708,  0.1060,  0.0453,  0.0135,  0.1101,  0.0354],
        [ 0.0045,  0.1210,  0.0277,  0.0776,  0.1217,  0.0178],
        [ 0.0579,  0.0943,  0.0454,  0.0204,  0.1003,  0.0355],
        [ 0.0747,  0.0727,  0.0232,  0.0067,  0.0804,  0.0171],
        [-0.0087,  0.1419,  0.0527,  0.0887,  0.1395,  0.0423],
        [ 0.0137,  0.0789,  0.0164,  0.0694,  0.0776,  0.0106]],
       dtype=torch.float64, requires_grad=True)
